0,0.499999,0.500003
100,0.496206,0.499802
200,0.492971,0.49957
300,0.483194,0.500149
400,0.487383,0.499899
500,0.493319,0.499816
600,0.483556,0.500189
700,0.484437,0.501258
800,0.490715,0.502274
900,0.493469,0.503051
1000,0.48651,0.503492
1100,0.491671,0.50449
1200,0.482916,0.505419
1300,0.490879,0.506833
1400,0.48949,0.508693
1500,0.488381,0.511078
1600,0.481311,0.513407
1700,0.490956,0.515648
1800,0.484788,0.517596
1900,0.48611,0.519873
2000,0.496907,0.521095
2100,0.48895,0.52181
2200,0.489073,0.522398
2300,0.486901,0.522652
2400,0.485747,0.522819
2500,0.476175,0.523553
2600,0.464326,0.523965
2700,0.486778,0.5245
2800,0.486012,0.524893
2900,0.488074,0.525482
3000,0.488353,0.525298
3100,0.49601,0.524892
3200,0.488325,0.52352
3300,0.483273,0.522058
3400,0.474824,0.521034
3500,0.476162,0.520181
3600,0.464551,0.517702
3700,0.459886,0.515895
3800,0.45384,0.515146
3900,0.465908,0.514449
4000,0.465588,0.514102
4100,0.457986,0.51545
4200,0.449766,0.517363
4300,0.434684,0.519486
4400,0.453828,0.521852
4500,0.468051,0.52615
4600,0.463388,0.530313
4700,0.463718,0.534492
4800,0.458276,0.540433
4900,0.454114,0.546817
5000,0.466727,0.553923
5100,0.457355,0.560847
5200,0.46282,0.568161
5300,0.478855,0.575064
5400,0.467917,0.581147
5500,0.467813,0.586632
5600,0.463817,0.590395
5700,0.45698,0.594116
5800,0.46374,0.595593
5900,0.468328,0.596084
6000,0.468268,0.595446
6100,0.463455,0.593876
6200,0.474666,0.589789
6300,0.469607,0.584418
6400,0.447833,0.577883
6500,0.440699,0.569928
6600,0.421581,0.562103
6700,0.439404,0.553645
6800,0.432515,0.544812
6900,0.420354,0.535423
7000,0.427474,0.525642
7100,0.432107,0.516525
7200,0.429541,0.50808
7300,0.429484,0.49819
7400,0.431474,0.490907
7500,0.447619,0.485973
7600,0.435722,0.482457
7700,0.42389,0.482869
7800,0.423358,0.485978
7900,0.423892,0.491638
8000,0.423982,0.499481
8100,0.423362,0.509887
8200,0.428469,0.52174
8300,0.421123,0.534976
8400,0.419584,0.549492
8500,0.422507,0.565987
8600,0.404687,0.582235
8700,0.394321,0.598956
8800,0.402967,0.616138
8900,0.396167,0.633432
9000,0.397637,0.650696
9100,0.387706,0.667864
9200,0.376981,0.685003
9300,0.351308,0.701279
9400,0.347554,0.717085
9500,0.335702,0.732046
9600,0.336447,0.745783
9700,0.337493,0.757365
9800,0.335259,0.768816
9900,0.319782,0.777881
10000,0.323589,0.785054
10100,0.304714,0.792074
10200,0.310644,0.796791
10300,0.315838,0.800337
10400,0.311736,0.802604
10500,0.309109,0.804531
10600,0.300472,0.805736
10700,0.295671,0.806913
10800,0.295644,0.807628
10900,0.296536,0.806994
11000,0.286254,0.806696
11100,0.291292,0.8063
11200,0.28613,0.804983
11300,0.291007,0.803713
11400,0.29319,0.802174
11500,0.288473,0.801068
11600,0.295675,0.798511
11700,0.295815,0.796271
11800,0.292687,0.794112
11900,0.296867,0.791932
12000,0.296966,0.790301
12100,0.295143,0.787568
12200,0.290561,0.785462
12300,0.297783,0.784537
12400,0.29888,0.783851
12500,0.297862,0.783457
12600,0.29063,0.783663
12700,0.291338,0.784715
12800,0.284827,0.786194
12900,0.287142,0.788278
13000,0.285354,0.790229
13100,0.277849,0.793357
13200,0.275986,0.797221
13300,0.261746,0.801437
13400,0.259852,0.806579
13500,0.253384,0.812225
13600,0.253416,0.817692
13700,0.246176,0.824299
13800,0.232431,0.831399
13900,0.226982,0.837955
14000,0.220563,0.844781
14100,0.208781,0.852223
14200,0.214959,0.859156
14300,0.223194,0.865993
14400,0.213984,0.872475
14500,0.201803,0.878381
14600,0.199634,0.883858
14700,0.188509,0.888968
14800,0.178871,0.894081
14900,0.170411,0.898011
15000,0.165772,0.901646
15100,0.160871,0.904364
15200,0.164758,0.906794
15300,0.157797,0.908917
15400,0.146601,0.910547
15500,0.146003,0.911988
15600,0.141559,0.913348
15700,0.141787,0.914485
15800,0.140437,0.915431
15900,0.141597,0.915957
16000,0.132956,0.916398
16100,0.136915,0.916789
16200,0.144913,0.917568
16300,0.136672,0.918213
16400,0.133778,0.918393
16500,0.128191,0.919306
16600,0.127351,0.919552
16700,0.12684,0.920347
16800,0.126515,0.920828
16900,0.123581,0.921227
17000,0.124855,0.921811
17100,0.122854,0.922134
17200,0.12537,0.923156
17300,0.123281,0.923724
17400,0.127101,0.924652
17500,0.132846,0.925374
17600,0.123208,0.927218
17700,0.127694,0.928876
17800,0.127299,0.930552
17900,0.11535,0.932481
18000,0.112182,0.934261
18100,0.111716,0.935579
18200,0.109141,0.936602
18300,0.105825,0.938007
18400,0.10449,0.939151
18500,0.105881,0.940228
18600,0.102492,0.94167
18700,0.100474,0.942835
18800,0.102185,0.943722
18900,0.103718,0.944778
19000,0.0974232,0.945373
19100,0.0922883,0.946572
19200,0.0886443,0.9476
19300,0.0886032,0.948508
19400,0.0870135,0.949355
19500,0.0859984,0.950058
19600,0.0845908,0.951246
19700,0.0835749,0.951836
19800,0.0830104,0.952391
19900,0.081592,0.952529
20000,0.0798875,0.952791
20100,0.0844436,0.953082
20200,0.0910072,0.953299
20300,0.0867237,0.953398
20400,0.0828304,0.953578
20500,0.0825779,0.954052
20600,0.0818403,0.954404
20700,0.0802899,0.954454
20800,0.0815682,0.954558
20900,0.0809746,0.954894
21000,0.076579,0.955436
21100,0.0768131,0.955764
21200,0.0816918,0.955775
21300,0.0764801,0.956163
21400,0.0861107,0.956735
21500,0.079698,0.957033
21600,0.0889215,0.957719
21700,0.0974551,0.958252
21800,0.1015,0.958788
21900,0.0858942,0.959018
22000,0.0921039,0.959493
22100,0.0858891,0.959701
22200,0.0816059,0.96004
22300,0.0766876,0.959972
22400,0.0781867,0.959834
22500,0.0770621,0.95968
22600,0.0795757,0.959445
22700,0.0792925,0.95903
22800,0.0780856,0.958607
22900,0.0772818,0.958197
23000,0.0799038,0.957489
23100,0.0778326,0.957262
23200,0.0784813,0.956727
23300,0.0782165,0.95602
23400,0.0817631,0.955156
23500,0.0789961,0.95463
23600,0.0789397,0.953642
23700,0.0806243,0.952904
23800,0.077916,0.95242
23900,0.0798654,0.951687
24000,0.0780711,0.951078
24100,0.0781045,0.950537
24200,0.0792148,0.950386
24300,0.078948,0.950321
24400,0.0792256,0.950643
24500,0.0761525,0.951207
24600,0.0760844,0.952012
24700,0.0721413,0.953065
24800,0.0715262,0.954179
24900,0.0678498,0.955433
25000,0.0668093,0.95706
25100,0.0634987,0.958901
25200,0.060449,0.960356
25300,0.0579062,0.962157
25400,0.0564138,0.964001
25500,0.0525742,0.965849
25600,0.0496411,0.96809
25700,0.0474341,0.970133
25800,0.0432835,0.972567
25900,0.0403314,0.974729
26000,0.0369253,0.976949
26100,0.032893,0.978936
26200,0.0294821,0.981092
26300,0.0272725,0.982926
26400,0.0240973,0.984784
26500,0.0212517,0.986399
26600,0.0188803,0.987866
26700,0.0172627,0.989233
26800,0.0148367,0.990569
26900,0.0132365,0.991661
27000,0.0116733,0.992637
27100,0.0103202,0.993608
27200,0.00899246,0.994426
27300,0.00795217,0.995056
27400,0.0070435,0.995649
27500,0.0062956,0.996142
27600,0.00526165,0.996626
27700,0.00465669,0.996976
27800,0.00436756,0.99728
27900,0.00375142,0.997614
28000,0.003448,0.997863
28100,0.00296154,0.998145
28200,0.00255291,0.99841
28300,0.00228223,0.998555
28400,0.00206449,0.998727
28500,0.00179527,0.998881
28600,0.00158292,0.999008
28700,0.00131112,0.999173
28800,0.00115265,0.999293
28900,0.000962129,0.999406
29000,0.000791098,0.999512
29100,0.000693518,0.999577
29200,0.000576728,0.999638
29300,0.000454333,0.999715
29400,0.000343851,0.999788
29500,0.000261726,0.999838
29600,0.000203771,0.999873
29700,0.000153003,0.999905
29800,0.000106952,0.999933
29900,8.93986e-05,0.999944
30000,7.16447e-05,0.999955
30100,6.08884e-05,0.999963
30200,5.40144e-05,0.999966
30300,5.45398e-05,0.999966
30400,5.01742e-05,0.999969
30500,3.7596e-05,0.999977
30600,2.55001e-05,0.999984
30700,1.26691e-05,0.999992
30800,6.20391e-06,0.999996
30900,5.53185e-07,1
31000,0,1
31100,0,1
31200,0,1
31300,0,1
31400,0,1
31500,0,1
31600,0,1
31700,0,1
31800,0,1
31900,0,1
32000,0,1
32100,0,1
32200,0,1
32300,0,1
32400,0,1
32500,0,1
32600,0,1
32700,0,1
32800,0,1
32900,0,1
33000,0,1
33100,0,1
33200,0,1
33300,0,1
33400,0,1
33500,0,1
33600,0,1
33700,0,1
33800,0,1
33900,0,1
34000,0,1
34100,0,1
34200,0,1
34300,0,1
34400,0,1
34500,0,1
34600,0,1
34700,0,1
34800,0,1
34900,0,1
35000,0,1
35100,0,1
35200,0,1
35300,0,1
35400,0,1
35500,0,1
35600,0,1
35700,0,1
35800,0,1
35900,0,1
36000,0,1
36100,0,1
36200,0,1
36300,0,1
36400,0,1
36500,0,1
36600,0,1
36700,0,1
36800,0,1
36900,0,1
37000,0,1
37100,0,1
37200,0,1
37300,0,1
37400,0,1
37500,0,1
37600,0,1
37700,0,1
37800,0,1
37900,0,1
38000,0,1
38100,0,1
38200,0,1
38300,0,1
38400,0,1
38500,0,1
38600,0,1
38700,0,1
38800,0,1
38900,0,1
39000,0,1
39100,0,1
39200,0,1
39300,0,1
39400,0,1
39500,0,1
39600,0,1
39700,0,1
39800,0,1
39900,0,1
40000,0,1
40100,0,1
40200,0,1
40300,0,1
40400,0,1
40500,0,1
40600,0,1
40700,0,1
40800,0,1
40900,0,1
41000,0,1
41100,0,1
41200,0,1
41300,0,1
41400,0,1
41500,0,1
41600,0,1
41700,0,1
41800,0,1
41900,0,1
42000,0,1
42100,0,1
42200,0,1
42300,0,1
42400,0,1
42500,0,1
42600,0,1
42700,0,1
42800,0,1
42900,0,1
43000,0,1
43100,0,1
43200,0,1
43300,0,1
43400,0,1
43500,0,1
43600,0,1
43700,0,1
43800,0,1
43900,0,1
44000,0,1
44100,0,1
44200,0,1
44300,0,1
44400,0,1
44500,0,1
44600,0,1
44700,0,1
44800,0,1
44900,0,1
45000,0,1
45100,0,1
45200,0,1
45300,0,1
45400,0,1
45500,0,1
45600,0,1
45700,0,1
45800,0,1
45900,0,1
46000,0,1
46100,0,1
46200,0,1
46300,0,1
46400,0,1
46500,0,1
46600,0,1
46700,0,1
46800,0,1
46900,0,1
47000,0,1
47100,0,1
47200,0,1
47300,0,1
47400,0,1
47500,0,1
47600,0,1
47700,0,1
47800,0,1
47900,0,1
48000,0,1
48100,0,1
48200,0,1
48300,0,1
48400,0,1
48500,0,1
48600,0,1
48700,0,1
48800,0,1
48900,0,1
49000,0,1
49100,0,1
49200,0,1
49300,0,1
49400,0,1
49500,0,1
49600,0,1
49700,0,1
49800,0,1
49900,0,1
50000,0,1
50100,0,1
50200,0,1
50300,0,1
50400,0,1
50500,0,1
50600,0,1
50700,0,1
50800,0,1
50900,0,1
51000,0,1
51100,0,1
51200,0,1
51300,0,1
51400,0,1
51500,0,1
51600,0,1
51700,0,1
51800,0,1
51900,0,1
52000,0,1
52100,0,1
52200,0,1
52300,0,1
52400,0,1
52500,0,1
52600,0,1
52700,0,1
52800,0,1
52900,0,1
53000,0,1
53100,0,1
53200,0,1
53300,0,1
53400,0,1
53500,0,1
53600,0,1
53700,0,1
53800,0,1
53900,0,1
54000,0,1
54100,0,1
54200,0,1
54300,0,1
54400,0,1
54500,0,1
54600,0,1
54700,0,1
54800,0,1
54900,0,1
55000,0,1
55100,0,1
55200,0,1
55300,0,1
55400,0,1
55500,0,1
55600,0,1
55700,0,1
55800,0,1
55900,0,1
56000,0,1
56100,0,1
56200,0,1
56300,0,1
56400,0,1
56500,0,1
56600,0,1
56700,0,1
56800,0,1
56900,0,1
57000,0,1
57100,0,1
57200,0,1
57300,0,1
57400,0,1
57500,0,1
57600,0,1
57700,0,1
57800,0,1
57900,0,1
58000,0,1
58100,0,1
58200,0,1
58300,0,1
58400,0,1
58500,0,1
58600,0,1
58700,0,1
58800,0,1
58900,0,1
59000,0,1
59100,0,1
59200,0,1
59300,0,1
59400,0,1
59500,0,1
59600,0,1
59700,0,1
59800,0,1
59900,0,1
60000,0,1
60100,0,1
60200,0,1
60300,0,1
60400,0,1
60500,0,1
60600,0,1
60700,0,1
60800,0,1
60900,0,1
61000,0,1
61100,0,1
61200,0,1
61300,0,1
61400,0,1
61500,0,1
61600,0,1
61700,0,1
61800,0,1
61900,0,1
62000,0,1
62100,0,1
62200,0,1
62300,0,1
62400,0,1
62500,0,1
62600,0,1
62700,0,1
62800,0,1
62900,0,1
63000,0,1
63100,0,1
63200,0,1
63300,0,1
63400,0,1
63500,0,1
63600,0,1
63700,0,1
63800,0,1
63900,0,1
64000,0,1
64100,0,1
64200,0,1
64300,0,1
64400,0,1
64500,0,1
64600,0,1
64700,0,1
64800,0,1
64900,0,1
65000,0,1
65100,0,1
65200,0,1
65300,0,1
65400,0,1
65500,0,1
65600,0,1
65700,0,1
65800,0,1
65900,0,1
66000,0,1
66100,0,1
66200,0,1
66300,0,1
66400,0,1
66500,0,1
66600,0,1
66700,0,1
66800,0,1
66900,0,1
67000,0,1
67100,0,1
67200,0,1
67300,0,1
67400,0,1
67500,0,1
67600,0,1
67700,0,1
67800,0,1
67900,0,1
68000,0,1
68100,0,1
68200,0,1
68300,0,1
68400,0,1
68500,0,1
68600,0,1
68700,0,1
68800,0,1
68900,0,1
69000,0,1
69100,0,1
69200,0,1
69300,0,1
69400,0,1
69500,0,1
69600,0,1
69700,0,1
69800,0,1
69900,0,1
70000,0,1
70100,0,1
70200,0,1
70300,0,1
70400,0,1
70500,0,1
70600,0,1
70700,0,1
70800,0,1
70900,0,1
71000,0,1
71100,0,1
71200,0,1
71300,0,1
71400,0,1
71500,0,1
71600,0,1
71700,0,1
71800,0,1
71900,0,1
72000,0,1
72100,0,1
72200,0,1
72300,0,1
72400,0,1
72500,0,1
72600,0,1
72700,0,1
72800,0,1
72900,0,1
73000,0,1
73100,0,1
73200,0,1
73300,0,1
73400,0,1
73500,0,1
73600,0,1
73700,0,1
73800,0,1
73900,0,1
74000,0,1
74100,0,1
74200,0,1
74300,0,1
74400,0,1
74500,0,1
74600,0,1
74700,0,1
74800,0,1
74900,0,1
75000,0,1
75100,0,1
75200,0,1
75300,0,1
75400,0,1
75500,0,1
75600,0,1
75700,0,1
75800,0,1
75900,0,1
76000,0,1
76100,0,1
76200,0,1
76300,0,1
76400,0,1
76500,0,1
76600,0,1
76700,0,1
76800,0,1
76900,0,1
77000,0,1
77100,0,1
77200,0,1
77300,0,1
77400,0,1
77500,0,1
77600,0,1
77700,0,1
77800,0,1
77900,0,1
78000,0,1
78100,0,1
78200,0,1
78300,0,1
78400,0,1
78500,0,1
78600,0,1
78700,0,1
78800,0,1
78900,0,1
79000,0,1
79100,0,1
79200,0,1
79300,0,1
79400,0,1
79500,0,1
79600,0,1
79700,0,1
79800,0,1
79900,0,1
80000,0,1
80100,0,1
80200,0,1
80300,0,1
80400,0,1
80500,0,1
80600,0,1
80700,0,1
80800,0,1
80900,0,1
81000,0,1
81100,0,1
81200,0,1
81300,0,1
81400,0,1
81500,0,1
81600,0,1
81700,0,1
81800,0,1
81900,0,1
82000,0,1
82100,0,1
82200,0,1
82300,0,1
82400,0,1
82500,0,1
82600,0,1
82700,0,1
82800,0,1
82900,0,1
83000,0,1
83100,0,1
83200,0,1
83300,0,1
83400,0,1
83500,0,1
83600,0,1
83700,0,1
83800,0,1
83900,0,1
84000,0,1
84100,0,1
84200,0,1
84300,0,1
84400,0,1
84500,0,1
84600,0,1
84700,0,1
84800,0,1
84900,0,1
85000,0,1
85100,0,1
85200,0,1
85300,0,1
85400,0,1
85500,0,1
85600,0,1
85700,0,1
85800,0,1
85900,0,1
86000,0,1
86100,0,1
86200,0,1
86300,0,1
86400,0,1
86500,0,1
86600,0,1
86700,0,1
86800,0,1
86900,0,1
87000,0,1
87100,0,1
87200,0,1
87300,0,1
87400,0,1
87500,0,1
87600,0,1
87700,0,1
87800,0,1
87900,0,1
88000,0,1
88100,0,1
88200,0,1
88300,0,1
88400,0,1
88500,0,1
88600,0,1
88700,0,1
88800,0,1
88900,0,1
89000,0,1
89100,0,1
89200,0,1
89300,0,1
89400,0,1
89500,0,1
89600,0,1
89700,0,1
89800,0,1
89900,0,1
90000,0,1
90100,0,1
90200,0,1
90300,0,1
90400,0,1
90500,0,1
90600,0,1
90700,0,1
90800,0,1
90900,0,1
91000,0,1
91100,0,1
91200,0,1
91300,0,1
91400,0,1
91500,0,1
91600,0,1
91700,0,1
91800,0,1
91900,0,1
92000,0,1
92100,0,1
92200,0,1
92300,0,1
92400,0,1
92500,0,1
92600,0,1
92700,0,1
92800,0,1
92900,0,1
93000,0,1
93100,0,1
93200,0,1
93300,0,1
93400,0,1
93500,0,1
93600,0,1
93700,0,1
93800,0,1
93900,0,1
94000,0,1
94100,0,1
94200,0,1
94300,0,1
94400,0,1
94500,0,1
94600,0,1
94700,0,1
94800,0,1
94900,0,1
95000,0,1
95100,0,1
95200,0,1
95300,0,1
95400,0,1
95500,0,1
95600,0,1
95700,0,1
95800,0,1
95900,0,1
96000,0,1
96100,0,1
96200,0,1
96300,0,1
96400,0,1
96500,0,1
96600,0,1
96700,0,1
96800,0,1
96900,0,1
97000,0,1
97100,0,1
97200,0,1
97300,0,1
97400,0,1
97500,0,1
97600,0,1
97700,0,1
97800,0,1
97900,0,1
98000,0,1
98100,0,1
98200,0,1
98300,0,1
98400,0,1
98500,0,1
98600,0,1
98700,0,1
98800,0,1
98900,0,1
99000,0,1
99100,0,1
99200,0,1
99300,0,1
99400,0,1
99500,0,1
99600,0,1
99700,0,1
99800,0,1
99900,0,1
