0,0.499999,0.500052
100,0.489944,0.499707
200,0.4925,0.499608
300,0.488784,0.500267
400,0.492807,0.500425
500,0.492202,0.500314
600,0.487114,0.500215
700,0.493816,0.50076
800,0.490832,0.500128
900,0.495293,0.500556
1000,0.491662,0.501297
1100,0.48743,0.502483
1200,0.494681,0.502884
1300,0.489097,0.503355
1400,0.488049,0.503736
1500,0.477367,0.504597
1600,0.496127,0.505372
1700,0.495933,0.506948
1800,0.49065,0.507498
1900,0.487527,0.508752
2000,0.489169,0.5099
2100,0.490478,0.511248
2200,0.487198,0.512516
2300,0.496682,0.513575
2400,0.490712,0.51468
2500,0.495365,0.5156
2600,0.484884,0.517287
2700,0.485373,0.518661
2800,0.484133,0.519864
2900,0.495957,0.520631
3000,0.490645,0.521083
3100,0.497751,0.520818
3200,0.491445,0.520399
3300,0.476127,0.520228
3400,0.478983,0.52034
3500,0.49164,0.520526
3600,0.486363,0.520611
3700,0.492767,0.519786
3800,0.494599,0.518613
3900,0.490921,0.51851
4000,0.479872,0.517941
4100,0.491457,0.516668
4200,0.481085,0.515279
4300,0.496877,0.514258
4400,0.488942,0.513219
4500,0.495182,0.512728
4600,0.485289,0.512523
4700,0.494304,0.511902
4800,0.489892,0.511035
4900,0.491845,0.511612
5000,0.482755,0.510768
5100,0.488776,0.511069
5200,0.488727,0.511254
5300,0.490616,0.510917
5400,0.484242,0.511945
5500,0.495067,0.512788
5600,0.48599,0.512909
5700,0.492526,0.512986
5800,0.493436,0.513585
5900,0.497205,0.513992
6000,0.492054,0.513511
6100,0.485083,0.513813
6200,0.491761,0.514363
6300,0.486256,0.515191
6400,0.487094,0.515339
6500,0.490889,0.514988
6600,0.476198,0.514423
6700,0.485249,0.513518
6800,0.49242,0.513261
6900,0.492928,0.512476
7000,0.48609,0.512014
7100,0.487096,0.512218
7200,0.489391,0.512529
7300,0.478667,0.511637
7400,0.480741,0.51153
7500,0.491529,0.511328
7600,0.482985,0.510528
7700,0.488917,0.509428
7800,0.490198,0.508831
7900,0.48343,0.508342
8000,0.497936,0.508114
8100,0.487288,0.50665
8200,0.474788,0.505619
8300,0.488839,0.504288
8400,0.494605,0.503879
8500,0.484199,0.502599
8600,0.494092,0.500938
8700,0.48673,0.500238
8800,0.488303,0.499126
8900,0.489523,0.498298
9000,0.49048,0.498201
9100,0.481723,0.497471
9200,0.487496,0.496893
9300,0.481971,0.496855
9400,0.485349,0.496306
9500,0.488352,0.495442
9600,0.486578,0.494501
9700,0.477331,0.493293
9800,0.488564,0.492062
9900,0.495151,0.492108
10000,0.476459,0.491776
10100,0.494598,0.491823
10200,0.493437,0.491892
10300,0.48859,0.492002
10400,0.471139,0.492051
10500,0.476293,0.491153
10600,0.494144,0.490207
10700,0.488643,0.489229
10800,0.496942,0.488671
10900,0.490929,0.488854
11000,0.474833,0.488205
11100,0.487114,0.488259
11200,0.489984,0.488776
11300,0.495387,0.488585
11400,0.493948,0.488585
11500,0.487211,0.488374
11600,0.489403,0.487953
11700,0.483808,0.487997
11800,0.47928,0.488687
11900,0.497524,0.488291
12000,0.486151,0.488566
12100,0.477681,0.488013
12200,0.485241,0.488837
12300,0.484911,0.489359
12400,0.496562,0.49068
12500,0.489424,0.491679
12600,0.493708,0.492432
12700,0.491153,0.492441
12800,0.488514,0.492826
12900,0.481119,0.492823
13000,0.488568,0.493428
13100,0.488857,0.494387
13200,0.486559,0.4947
13300,0.487987,0.494895
13400,0.492822,0.495108
13500,0.490792,0.495195
13600,0.480971,0.495786
13700,0.481645,0.496419
13800,0.495499,0.496867
13900,0.484365,0.496999
14000,0.490225,0.497108
14100,0.487432,0.497847
14200,0.489854,0.498197
14300,0.472675,0.498942
14400,0.479875,0.499095
14500,0.48386,0.498996
14600,0.482167,0.499388
14700,0.487865,0.498984
14800,0.48902,0.49893
14900,0.474364,0.498813
15000,0.476461,0.498485
15100,0.489732,0.49731
15200,0.476808,0.49645
15300,0.492386,0.496155
15400,0.494275,0.495123
15500,0.495766,0.494425
15600,0.486614,0.493503
15700,0.492011,0.492861
15800,0.490548,0.492074
15900,0.481961,0.491522
16000,0.497769,0.489935
16100,0.492806,0.489096
16200,0.490092,0.487538
16300,0.486089,0.487606
16400,0.494973,0.487484
16500,0.482906,0.486626
16600,0.480891,0.486387
16700,0.492262,0.486567
16800,0.490146,0.486954
16900,0.489751,0.487644
17000,0.486467,0.487438
17100,0.486382,0.487605
17200,0.483301,0.487919
17300,0.495293,0.4877
17400,0.493983,0.488658
17500,0.496069,0.489309
17600,0.490473,0.488632
17700,0.480549,0.489257
17800,0.481545,0.48973
17900,0.488233,0.489333
18000,0.480989,0.488879
18100,0.471111,0.488713
18200,0.489195,0.488452
18300,0.482453,0.487808
18400,0.481773,0.486424
18500,0.474008,0.486662
18600,0.489519,0.486159
18700,0.486967,0.485555
18800,0.492152,0.484953
18900,0.495872,0.484028
19000,0.481163,0.481833
19100,0.487002,0.480285
19200,0.484233,0.478822
19300,0.484883,0.477242
19400,0.478659,0.476487
19500,0.479279,0.475045
19600,0.489403,0.473549
19700,0.494819,0.472237
19800,0.497214,0.470897
19900,0.494258,0.469926
20000,0.482937,0.468685
20100,0.487139,0.468443
20200,0.497053,0.467379
20300,0.489115,0.466677
20400,0.495294,0.465688
20500,0.478346,0.46572
20600,0.490176,0.466313
20700,0.486372,0.467083
20800,0.49215,0.467724
20900,0.488833,0.468416
21000,0.493282,0.469377
21100,0.485096,0.470608
21200,0.489087,0.47183
21300,0.489245,0.473466
21400,0.49707,0.474894
21500,0.489704,0.475902
21600,0.486298,0.476539
21700,0.487224,0.477192
21800,0.490768,0.478182
21900,0.493073,0.479081
22000,0.487201,0.480932
22100,0.489287,0.482602
22200,0.478367,0.48427
22300,0.491555,0.485612
22400,0.482587,0.486434
22500,0.489941,0.487668
22600,0.498317,0.48847
22700,0.487611,0.489694
22800,0.495279,0.490983
22900,0.48906,0.491352
23000,0.483822,0.492368
23100,0.495533,0.493389
23200,0.487276,0.492998
23300,0.492508,0.493513
23400,0.494968,0.492492
23500,0.489581,0.491828
23600,0.495785,0.49161
23700,0.476097,0.49185
23800,0.493034,0.491934
23900,0.489017,0.491493
24000,0.479552,0.492003
24100,0.483819,0.491957
24200,0.475549,0.492392
24300,0.475185,0.49227
24400,0.495714,0.492703
24500,0.491491,0.49358
24600,0.478125,0.494358
24700,0.475869,0.495681
24800,0.490277,0.497212
24900,0.480929,0.498549
25000,0.492384,0.50084
25100,0.486597,0.502817
25200,0.491935,0.504577
25300,0.489934,0.505716
25400,0.486103,0.507092
25500,0.487678,0.508106
25600,0.488908,0.509047
25700,0.493473,0.509969
25800,0.473698,0.511433
25900,0.483088,0.512801
26000,0.495819,0.513551
26100,0.486944,0.514893
26200,0.495073,0.516359
26300,0.496141,0.517447
26400,0.474735,0.517961
26500,0.485805,0.518076
26600,0.485178,0.518467
26700,0.49389,0.518183
26800,0.490777,0.518789
26900,0.485636,0.518691
27000,0.491204,0.519388
27100,0.48467,0.51865
27200,0.490819,0.518781
27300,0.487022,0.519346
27400,0.464147,0.520603
27500,0.491414,0.521774
27600,0.489262,0.523217
27700,0.486465,0.522833
27800,0.462432,0.522387
27900,0.452487,0.523
28000,0.485346,0.522885
28100,0.472833,0.522924
28200,0.469148,0.523616
28300,0.465584,0.523548
28400,0.46224,0.52398
28500,0.484559,0.524425
28600,0.489475,0.525545
28700,0.492764,0.526928
28800,0.486702,0.528821
28900,0.490866,0.531161
29000,0.485414,0.53262
29100,0.493429,0.534406
29200,0.488751,0.536023
29300,0.49189,0.537354
29400,0.48801,0.538776
29500,0.491335,0.540456
29600,0.487821,0.541311
29700,0.483222,0.542293
29800,0.490277,0.543359
29900,0.488828,0.544178
30000,0.492877,0.544267
30100,0.485788,0.543981
30200,0.485956,0.544069
30300,0.476724,0.544487
30400,0.49413,0.544435
30500,0.489256,0.544557
30600,0.478562,0.543997
30700,0.47253,0.543327
30800,0.479824,0.542478
30900,0.487655,0.54153
31000,0.489833,0.540359
31100,0.48632,0.539841
31200,0.486417,0.538926
31300,0.483495,0.538804
31400,0.493643,0.539778
31500,0.485579,0.539224
31600,0.468201,0.539244
31700,0.492306,0.538911
31800,0.474074,0.538831
31900,0.480666,0.538331
32000,0.483021,0.537962
32100,0.491338,0.5383
32200,0.493425,0.537173
32300,0.487804,0.537212
32400,0.495617,0.536814
32500,0.487369,0.536124
32600,0.490737,0.535571
32700,0.490862,0.535474
32800,0.489043,0.534176
32900,0.48832,0.53293
33000,0.487151,0.531795
33100,0.477529,0.530194
33200,0.487177,0.529378
33300,0.486713,0.528164
33400,0.489362,0.527579
33500,0.493342,0.525761
33600,0.490199,0.523661
33700,0.490808,0.521355
33800,0.496406,0.519515
33900,0.482018,0.518588
34000,0.480414,0.516793
34100,0.482465,0.515643
34200,0.489688,0.514626
34300,0.498657,0.513405
34400,0.481572,0.513058
34500,0.495788,0.512139
34600,0.482453,0.51153
34700,0.495653,0.511537
34800,0.490075,0.511286
34900,0.490974,0.510876
35000,0.494483,0.511101
35100,0.478247,0.511857
35200,0.475993,0.512886
35300,0.45372,0.514197
35400,0.44375,0.51535
35500,0.447126,0.51576
35600,0.464999,0.517014
35700,0.467631,0.517928
35800,0.489578,0.520071
35900,0.492951,0.522277
36000,0.474976,0.523866
36100,0.487943,0.524702
36200,0.475527,0.525813
36300,0.491117,0.527109
36400,0.486248,0.527625
36500,0.488006,0.528614
36600,0.482569,0.530051
36700,0.493901,0.530179
36800,0.493306,0.530697
36900,0.488012,0.531766
37000,0.491349,0.532831
37100,0.490712,0.533278
37200,0.488334,0.533427
37300,0.491374,0.534101
37400,0.485068,0.534288
37500,0.492062,0.533672
37600,0.490622,0.533145
37700,0.490884,0.532274
37800,0.491931,0.531575
37900,0.4904,0.530259
38000,0.484285,0.529997
38100,0.493128,0.530016
38200,0.482224,0.529474
38300,0.493727,0.529652
38400,0.492833,0.529544
38500,0.48346,0.528963
38600,0.495518,0.528537
38700,0.491859,0.528615
38800,0.482043,0.528641
38900,0.485486,0.529184
39000,0.474272,0.529507
39100,0.480205,0.530205
39200,0.494315,0.531335
39300,0.488942,0.532412
39400,0.491833,0.533832
39500,0.479189,0.534298
39600,0.47774,0.535861
39700,0.474126,0.53785
39800,0.479256,0.540399
39900,0.480326,0.541577
40000,0.465587,0.54275
40100,0.471346,0.544817
40200,0.471376,0.546127
40300,0.483825,0.547913
40400,0.474631,0.549213
40500,0.48358,0.550875
40600,0.481485,0.55205
40700,0.48273,0.553691
40800,0.474694,0.555555
40900,0.473844,0.556638
41000,0.484428,0.557871
41100,0.478025,0.559256
41200,0.481897,0.561073
41300,0.47857,0.562063
41400,0.473885,0.56328
41500,0.48082,0.566228
41600,0.482823,0.568509
41700,0.47686,0.569302
41800,0.480887,0.570411
41900,0.471164,0.571986
42000,0.474798,0.572977
42100,0.481506,0.573724
42200,0.475704,0.57508
42300,0.476002,0.575935
42400,0.474879,0.577297
42500,0.475803,0.578
42600,0.475267,0.57926
42700,0.480323,0.581087
42800,0.485256,0.582387
42900,0.464672,0.583825
43000,0.472007,0.584996
43100,0.466224,0.586314
43200,0.466173,0.588403
43300,0.467738,0.589238
43400,0.480701,0.590945
43500,0.469116,0.591126
43600,0.473832,0.592586
43700,0.471503,0.594508
43800,0.476317,0.595567
43900,0.46598,0.597085
44000,0.476348,0.597711
44100,0.470124,0.598565
44200,0.471648,0.598331
44300,0.481105,0.597192
44400,0.473642,0.597088
44500,0.471881,0.596588
44600,0.473535,0.594915
44700,0.462876,0.593945
44800,0.477152,0.594167
44900,0.476829,0.592978
45000,0.47171,0.592512
45100,0.477962,0.591905
45200,0.470444,0.590932
45300,0.463111,0.589358
45400,0.476273,0.588161
45500,0.464647,0.586934
45600,0.466514,0.585361
45700,0.469731,0.584027
45800,0.454748,0.583111
45900,0.465852,0.582511
46000,0.473163,0.581602
46100,0.466928,0.581002
46200,0.483678,0.5812
46300,0.471888,0.581859
46400,0.477151,0.582993
46500,0.474346,0.583872
46600,0.466354,0.584445
46700,0.467484,0.586035
46800,0.470493,0.58712
46900,0.472926,0.58884
47000,0.458745,0.590545
47100,0.459143,0.59156
47200,0.462262,0.592843
47300,0.46916,0.59454
47400,0.460573,0.596329
47500,0.451678,0.598281
47600,0.450295,0.59983
47700,0.463422,0.601767
47800,0.467942,0.6042
47900,0.468738,0.604838
48000,0.464324,0.605919
48100,0.47421,0.607188
48200,0.469005,0.60861
48300,0.467724,0.609973
48400,0.471254,0.61126
48500,0.469578,0.612087
48600,0.459676,0.613387
48700,0.466936,0.614691
48800,0.463827,0.615774
48900,0.473556,0.617284
49000,0.466005,0.619201
49100,0.468063,0.620279
49200,0.465423,0.620658
49300,0.461034,0.621858
49400,0.464099,0.622669
49500,0.456166,0.623802
49600,0.46123,0.624188
49700,0.449286,0.624572
49800,0.445036,0.625085
49900,0.452722,0.625023
50000,0.457639,0.625506
50100,0.453861,0.625338
50200,0.44656,0.62509
50300,0.430476,0.624186
50400,0.431335,0.624291
50500,0.438334,0.624296
50600,0.441482,0.624644
50700,0.427923,0.624517
50800,0.442256,0.623854
50900,0.463144,0.623488
51000,0.456016,0.623222
51100,0.465378,0.623012
51200,0.458455,0.622984
51300,0.462914,0.622935
51400,0.448487,0.622593
51500,0.454122,0.622007
51600,0.462577,0.621533
51700,0.466214,0.620755
51800,0.452399,0.620256
51900,0.456601,0.619883
52000,0.453036,0.620208
52100,0.464296,0.619697
52200,0.460172,0.619449
52300,0.46584,0.618941
52400,0.464218,0.617754
52500,0.459905,0.617848
52600,0.456843,0.61839
52700,0.455379,0.618102
52800,0.460717,0.618437
52900,0.463468,0.618725
53000,0.45852,0.619497
53100,0.451876,0.620599
53200,0.453993,0.621021
53300,0.446622,0.622029
53400,0.445375,0.622997
53500,0.462652,0.623843
53600,0.458668,0.624524
53700,0.450889,0.62545
53800,0.453279,0.626368
53900,0.459079,0.627576
54000,0.444003,0.628435
54100,0.464544,0.629168
54200,0.46375,0.628735
54300,0.454821,0.628982
54400,0.462542,0.629212
54500,0.464924,0.628599
54600,0.468152,0.628617
54700,0.464542,0.627941
54800,0.459923,0.627222
54900,0.454815,0.62663
55000,0.461741,0.625402
55100,0.460664,0.624208
55200,0.456058,0.623063
55300,0.465334,0.620823
55400,0.470787,0.619455
55500,0.46346,0.618144
55600,0.464659,0.616483
55700,0.470173,0.613977
55800,0.471295,0.611166
55900,0.461017,0.609749
56000,0.471431,0.60767
56100,0.460036,0.605762
56200,0.433588,0.604028
56300,0.461252,0.60244
56400,0.464477,0.601298
56500,0.47437,0.60034
56600,0.462991,0.599855
56700,0.459399,0.599911
56800,0.468482,0.599935
56900,0.463817,0.600784
57000,0.473389,0.601268
57100,0.47029,0.601427
57200,0.473073,0.60208
57300,0.467942,0.602727
57400,0.467596,0.603751
57500,0.471956,0.604646
57600,0.460887,0.606136
57700,0.46949,0.607651
57800,0.469832,0.608683
57900,0.462075,0.611299
58000,0.46702,0.61339
58100,0.45972,0.615309
58200,0.461032,0.617221
58300,0.461858,0.618544
58400,0.459123,0.620006
58500,0.466795,0.620579
58600,0.470824,0.621312
58700,0.461136,0.622454
58800,0.465999,0.623119
58900,0.461028,0.623533
59000,0.463213,0.623913
59100,0.46676,0.623466
59200,0.454899,0.622704
59300,0.453633,0.622614
59400,0.457169,0.622636
59500,0.459989,0.621475
59600,0.459731,0.621192
59700,0.463812,0.620579
59800,0.467516,0.620788
59900,0.453956,0.620798
60000,0.466705,0.621101
60100,0.4576,0.620997
60200,0.470281,0.621256
60300,0.464114,0.621086
60400,0.465211,0.622238
60500,0.458458,0.623427
60600,0.455524,0.62455
60700,0.465578,0.625948
60800,0.463419,0.626546
60900,0.463332,0.627285
61000,0.46595,0.627969
61100,0.458317,0.62831
61200,0.46035,0.628779
61300,0.457723,0.628592
61400,0.455879,0.629068
61500,0.446028,0.629469
61600,0.449171,0.629975
61700,0.458058,0.63033
61800,0.459345,0.630295
61900,0.464728,0.629856
62000,0.450286,0.629331
62100,0.445059,0.629265
62200,0.454494,0.629243
62300,0.450627,0.628792
62400,0.447648,0.627196
62500,0.448533,0.625476
62600,0.439531,0.624493
62700,0.455748,0.623479
62800,0.464475,0.622236
62900,0.472726,0.620949
63000,0.440996,0.619793
63100,0.435001,0.618967
63200,0.459294,0.617944
63300,0.460613,0.616888
63400,0.45449,0.615721
63500,0.445828,0.613547
63600,0.460411,0.612112
63700,0.457976,0.610658
63800,0.46231,0.608808
63900,0.468946,0.607743
64000,0.469118,0.606129
64100,0.447236,0.60472
64200,0.45006,0.602477
64300,0.450914,0.600859
64400,0.445567,0.599873
64500,0.458847,0.598267
64600,0.464709,0.597688
64700,0.467531,0.597188
64800,0.471011,0.595765
64900,0.478273,0.594206
65000,0.481328,0.593246
65100,0.477925,0.59247
65200,0.471636,0.591254
65300,0.475257,0.590591
65400,0.47167,0.589015
65500,0.481711,0.588061
65600,0.472555,0.587214
65700,0.467847,0.586043
65800,0.482017,0.584708
65900,0.478083,0.583561
66000,0.476568,0.582172
66100,0.479166,0.580882
66200,0.475352,0.579572
66300,0.477369,0.579513
66400,0.48117,0.579836
66500,0.480498,0.579392
66600,0.483972,0.579444
66700,0.465208,0.579675
66800,0.465311,0.579654
66900,0.474925,0.579433
67000,0.475048,0.579492
67100,0.482361,0.58002
67200,0.484078,0.580518
67300,0.479345,0.581347
67400,0.47811,0.582115
67500,0.478267,0.582319
67600,0.464024,0.58218
67700,0.481467,0.582792
67800,0.484336,0.583742
67900,0.478933,0.584543
68000,0.482086,0.585329
68100,0.474096,0.584851
68200,0.480124,0.584301
68300,0.481959,0.583354
68400,0.471411,0.582026
68500,0.486688,0.580518
68600,0.461398,0.578234
68700,0.476739,0.576991
68800,0.475159,0.575512
68900,0.485463,0.573895
69000,0.474922,0.571918
69100,0.470586,0.570387
69200,0.487666,0.568864
69300,0.48888,0.566649
69400,0.486282,0.56512
69500,0.484121,0.563393
69600,0.485888,0.561689
69700,0.482969,0.558691
69800,0.478568,0.556724
69900,0.485722,0.554889
70000,0.464146,0.553555
70100,0.475125,0.5518
70200,0.481635,0.550383
70300,0.488306,0.548469
70400,0.491331,0.547953
70500,0.493016,0.547739
70600,0.485389,0.547447
70700,0.490077,0.546828
70800,0.49076,0.54648
70900,0.479411,0.546557
71000,0.48778,0.545299
71100,0.478404,0.544576
71200,0.468167,0.543063
71300,0.472892,0.542156
71400,0.49069,0.541237
71500,0.490158,0.540242
71600,0.490139,0.539539
71700,0.489231,0.538515
71800,0.487472,0.537763
71900,0.489699,0.537797
72000,0.488246,0.537819
72100,0.485875,0.537333
72200,0.491755,0.537094
72300,0.481288,0.53745
72400,0.491042,0.537746
72500,0.47238,0.5371
72600,0.47857,0.536985
72700,0.488074,0.537474
72800,0.486953,0.536701
72900,0.491064,0.535776
73000,0.494801,0.535026
73100,0.490504,0.534319
73200,0.480559,0.533456
73300,0.490706,0.532875
73400,0.491683,0.532569
73500,0.484941,0.532309
73600,0.493425,0.53153
73700,0.492326,0.531678
73800,0.482002,0.531297
73900,0.479057,0.530731
74000,0.475699,0.53117
74100,0.482124,0.531834
74200,0.492543,0.531412
74300,0.490942,0.531218
74400,0.491475,0.531874
74500,0.488567,0.532264
74600,0.489886,0.532652
74700,0.486478,0.53317
74800,0.477392,0.533738
74900,0.493443,0.534324
75000,0.49244,0.534367
75100,0.494479,0.534125
75200,0.487384,0.534463
75300,0.490522,0.535093
75400,0.480469,0.5352
75500,0.477084,0.534846
75600,0.488343,0.534085
75700,0.492617,0.533742
75800,0.490835,0.532207
75900,0.489017,0.532519
76000,0.482978,0.531798
76100,0.486785,0.530515
76200,0.488072,0.527808
76300,0.485954,0.526091
76400,0.48572,0.524047
76500,0.481862,0.52287
76600,0.492431,0.521538
76700,0.491356,0.520692
76800,0.494902,0.519865
76900,0.494255,0.519581
77000,0.492483,0.519284
77100,0.497598,0.519675
77200,0.497536,0.519431
77300,0.494587,0.520742
77400,0.484607,0.521283
77500,0.486498,0.521667
77600,0.489979,0.522248
77700,0.491046,0.522032
77800,0.49771,0.521923
77900,0.489381,0.522455
78000,0.49288,0.52299
78100,0.486676,0.523705
78200,0.490069,0.523147
78300,0.49369,0.522807
78400,0.486749,0.522682
78500,0.478638,0.522926
78600,0.484387,0.523061
78700,0.492869,0.523468
78800,0.492834,0.522922
78900,0.495284,0.522447
79000,0.485306,0.520879
79100,0.485655,0.519348
79200,0.493708,0.518329
79300,0.494765,0.517062
79400,0.495318,0.515929
79500,0.486114,0.51484
79600,0.494784,0.513547
79700,0.490666,0.511934
79800,0.494612,0.510588
79900,0.483897,0.508621
80000,0.478311,0.507072
80100,0.485325,0.50503
80200,0.48963,0.503727
80300,0.487053,0.502037
80400,0.480655,0.501067
80500,0.486703,0.500138
80600,0.485715,0.499297
80700,0.496355,0.497124
80800,0.495982,0.496084
80900,0.485593,0.495438
81000,0.488561,0.494714
81100,0.492899,0.495018
81200,0.490849,0.495413
81300,0.493581,0.495785
81400,0.497739,0.496132
81500,0.495476,0.496245
81600,0.497839,0.495912
81700,0.487301,0.495379
81800,0.47717,0.495395
81900,0.478816,0.495225
82000,0.48888,0.494836
82100,0.486259,0.494171
82200,0.488636,0.493814
82300,0.497464,0.492739
82400,0.476518,0.492257
82500,0.476235,0.490791
82600,0.48565,0.489429
82700,0.492285,0.487969
82800,0.49054,0.487713
82900,0.49213,0.487339
83000,0.484605,0.486578
83100,0.494158,0.485599
83200,0.494237,0.485333
83300,0.494256,0.484248
83400,0.484954,0.483486
83500,0.487294,0.482663
83600,0.490738,0.482477
83700,0.49198,0.483476
83800,0.476104,0.483806
83900,0.476119,0.484454
84000,0.477293,0.485718
84100,0.4729,0.487125
84200,0.487421,0.489246
84300,0.474535,0.490636
84400,0.480098,0.49285
84500,0.493525,0.495309
84600,0.488092,0.497293
84700,0.488039,0.498419
84800,0.48985,0.499316
84900,0.489789,0.500658
85000,0.487607,0.502259
85100,0.493196,0.504444
85200,0.492023,0.50601
85300,0.496257,0.507004
85400,0.492934,0.508157
85500,0.494137,0.509731
85600,0.489336,0.510527
85700,0.488658,0.511496
85800,0.493101,0.512584
85900,0.493861,0.512625
86000,0.482665,0.513282
86100,0.478461,0.512881
86200,0.497483,0.512417
86300,0.492646,0.511303
86400,0.492908,0.511011
86500,0.492685,0.510048
86600,0.498431,0.509487
86700,0.49728,0.507897
86800,0.486843,0.507497
86900,0.493887,0.506151
87000,0.484838,0.505316
87100,0.48784,0.504206
87200,0.490665,0.503168
87300,0.492479,0.502021
87400,0.488678,0.501443
87500,0.491169,0.500531
87600,0.482375,0.500066
87700,0.488138,0.500591
87800,0.495859,0.500971
87900,0.489373,0.501503
88000,0.495141,0.501587
88100,0.485364,0.502749
88200,0.487144,0.50271
88300,0.480499,0.503279
88400,0.485857,0.503298
88500,0.496978,0.504019
88600,0.493001,0.504529
88700,0.478347,0.504601
88800,0.488121,0.505795
88900,0.478478,0.506677
89000,0.486777,0.508281
89100,0.480437,0.509038
89200,0.486057,0.509389
89300,0.486531,0.509833
89400,0.478442,0.509407
89500,0.489783,0.509924
89600,0.486793,0.509623
89700,0.486204,0.50946
89800,0.48157,0.509374
89900,0.48883,0.508619
90000,0.484265,0.508569
90100,0.492302,0.508484
90200,0.494208,0.507546
90300,0.485294,0.507502
90400,0.482054,0.506738
90500,0.484291,0.506703
90600,0.479289,0.507131
90700,0.498506,0.506163
90800,0.493269,0.505439
90900,0.489804,0.506165
91000,0.491306,0.507284
91100,0.492056,0.507589
91200,0.486087,0.508382
91300,0.494368,0.508989
91400,0.493953,0.50912
91500,0.495965,0.509239
91600,0.482546,0.508998
91700,0.488264,0.508755
91800,0.490172,0.508727
91900,0.480895,0.508723
92000,0.491496,0.508329
92100,0.488678,0.508079
92200,0.496806,0.508092
92300,0.491524,0.50768
92400,0.488657,0.506954
92500,0.493807,0.505825
92600,0.488504,0.504674
92700,0.475535,0.503655
92800,0.483813,0.502697
92900,0.491686,0.502757
93000,0.492155,0.501716
93100,0.46649,0.500925
93200,0.480204,0.499907
93300,0.481252,0.499689
93400,0.487451,0.498739
93500,0.484022,0.498839
93600,0.47579,0.49821
93700,0.490164,0.497505
93800,0.493292,0.496859
93900,0.492924,0.496512
94000,0.48201,0.496376
94100,0.487008,0.496197
94200,0.496015,0.495493
94300,0.481434,0.495319
94400,0.485665,0.495286
94500,0.491602,0.494462
94600,0.49555,0.493576
94700,0.487246,0.493501
94800,0.47117,0.493521
94900,0.485854,0.492874
95000,0.492213,0.493087
95100,0.495136,0.492816
95200,0.478682,0.492979
95300,0.478282,0.492775
95400,0.477779,0.493163
95500,0.488437,0.493391
95600,0.485676,0.494298
95700,0.489954,0.495415
95800,0.491849,0.497495
95900,0.490487,0.498999
96000,0.496267,0.501208
96100,0.492672,0.503047
96200,0.479484,0.505379
96300,0.492326,0.508179
96400,0.491455,0.510483
96500,0.480969,0.512737
96600,0.483749,0.514728
96700,0.492483,0.516834
96800,0.497228,0.518981
96900,0.485991,0.521323
97000,0.476172,0.523445
97100,0.488152,0.525761
97200,0.484967,0.527451
97300,0.492245,0.529341
97400,0.492594,0.531855
97500,0.481343,0.534793
97600,0.478456,0.537221
97700,0.484234,0.538528
97800,0.487491,0.540245
97900,0.467985,0.541312
98000,0.486156,0.543029
98100,0.491252,0.54496
98200,0.48544,0.547022
98300,0.480401,0.548184
98400,0.484363,0.548399
98500,0.485605,0.549845
98600,0.48982,0.549558
98700,0.480007,0.549652
98800,0.490692,0.550177
98900,0.483614,0.550373
99000,0.474518,0.549879
99100,0.473809,0.550107
99200,0.477709,0.54955
99300,0.467747,0.548601
99400,0.483539,0.548736
99500,0.482014,0.548296
99600,0.487781,0.547736
99700,0.486088,0.547016
99800,0.482471,0.546326
99900,0.48742,0.545913
