0,0.499999,0.500011
100,0.493109,0.500009
200,0.490498,0.499579
300,0.498631,0.500273
400,0.492487,0.500691
500,0.482004,0.500144
600,0.487626,0.500138
700,0.48611,0.500331
800,0.47352,0.501195
900,0.476534,0.501175
1000,0.477656,0.501966
1100,0.495137,0.502599
1200,0.492497,0.503329
1300,0.487397,0.504691
1400,0.487931,0.506031
1500,0.471712,0.506573
1600,0.466058,0.507172
1700,0.46186,0.508356
1800,0.481485,0.508752
1900,0.480535,0.509837
2000,0.471957,0.510489
2100,0.48275,0.510764
2200,0.46721,0.511383
2300,0.457559,0.510943
2400,0.454231,0.509809
2500,0.462157,0.507363
2600,0.478509,0.504824
2700,0.464026,0.502805
2800,0.467919,0.49945
2900,0.464185,0.495221
3000,0.467708,0.490518
3100,0.472359,0.486067
3200,0.465304,0.481092
3300,0.455138,0.475836
3400,0.453408,0.469863
3500,0.466547,0.463011
3600,0.477524,0.455813
3700,0.468113,0.448747
3800,0.464057,0.441035
3900,0.454045,0.434258
4000,0.470628,0.427669
4100,0.447696,0.420647
4200,0.463485,0.412876
4300,0.471229,0.405518
4400,0.457162,0.399424
4500,0.443049,0.392644
4600,0.434499,0.386202
4700,0.427886,0.380127
4800,0.436061,0.374507
4900,0.446706,0.368465
5000,0.440504,0.363887
5100,0.430529,0.35941
5200,0.418105,0.355367
5300,0.429346,0.352292
5400,0.428273,0.348402
5500,0.435587,0.345787
5600,0.42686,0.342548
5700,0.413066,0.339075
5800,0.420816,0.33657
5900,0.426915,0.333442
6000,0.418308,0.330091
6100,0.423254,0.327854
6200,0.424169,0.324883
6300,0.418724,0.32238
6400,0.402349,0.319812
6500,0.40377,0.316307
6600,0.403328,0.313756
6700,0.411581,0.31108
6800,0.403529,0.308589
6900,0.412718,0.306405
7000,0.40763,0.304067
7100,0.409126,0.301886
7200,0.398215,0.29984
7300,0.415397,0.297263
7400,0.409495,0.294796
7500,0.411051,0.292201
7600,0.407345,0.289787
7700,0.400721,0.287384
7800,0.409283,0.285765
7900,0.408579,0.283674
8000,0.403167,0.281826
8100,0.400538,0.279834
8200,0.405603,0.279352
8300,0.394414,0.278922
8400,0.38427,0.27789
8500,0.398003,0.27706
8600,0.399104,0.276371
8700,0.395578,0.275573
8800,0.398657,0.275555
8900,0.388556,0.275161
9000,0.398851,0.274993
9100,0.375591,0.275131
9200,0.382554,0.275943
9300,0.398019,0.276981
9400,0.395985,0.278127
9500,0.400128,0.279214
9600,0.410874,0.281344
9700,0.408112,0.283456
9800,0.412707,0.285476
9900,0.403272,0.288
10000,0.393684,0.291045
10100,0.400023,0.294161
10200,0.408019,0.296367
10300,0.406905,0.299125
10400,0.419701,0.301066
10500,0.421606,0.303404
10600,0.41582,0.306167
10700,0.415159,0.309717
10800,0.425974,0.313378
10900,0.418416,0.316854
11000,0.427075,0.319974
11100,0.415165,0.323865
11200,0.409532,0.327116
11300,0.427144,0.330651
11400,0.429505,0.33505
11500,0.447605,0.339717
11600,0.437318,0.344421
11700,0.447295,0.348941
11800,0.444803,0.353676
11900,0.462069,0.359592
12000,0.458614,0.366116
12100,0.452871,0.373102
12200,0.463332,0.380405
12300,0.449886,0.387332
12400,0.467175,0.39481
12500,0.477708,0.402008
12600,0.476536,0.408308
12700,0.4749,0.414157
12800,0.475406,0.421864
12900,0.472007,0.428462
13000,0.480274,0.434685
13100,0.478029,0.440583
13200,0.475304,0.446134
13300,0.483946,0.450841
13400,0.486051,0.455269
13500,0.491973,0.459833
13600,0.485541,0.463609
13700,0.485415,0.467068
13800,0.471179,0.469244
13900,0.48678,0.471547
14000,0.478701,0.472786
14100,0.476037,0.473942
14200,0.482563,0.473818
14300,0.494586,0.474845
14400,0.479188,0.475014
14500,0.461105,0.474938
14600,0.472827,0.474481
14700,0.465259,0.47374
14800,0.488338,0.473727
14900,0.490311,0.473766
15000,0.483758,0.47367
15100,0.484958,0.474376
15200,0.482823,0.47529
15300,0.484414,0.476001
15400,0.478196,0.477443
15500,0.49344,0.479102
15600,0.483281,0.481292
15700,0.477002,0.483545
15800,0.468964,0.485865
15900,0.486325,0.488344
16000,0.487234,0.490195
16100,0.475851,0.492316
16200,0.489581,0.494169
16300,0.482167,0.496336
16400,0.494908,0.49873
16500,0.486422,0.500426
16600,0.492975,0.502189
16700,0.491447,0.503685
16800,0.489985,0.504587
16900,0.481226,0.505198
17000,0.458011,0.505285
17100,0.453636,0.505472
17200,0.449385,0.505124
17300,0.450411,0.50437
17400,0.45242,0.502452
17500,0.449433,0.500348
17600,0.449091,0.496699
17700,0.460993,0.492962
17800,0.45718,0.487936
17900,0.458062,0.481899
18000,0.461336,0.475802
18100,0.464744,0.469003
18200,0.453453,0.462024
18300,0.451111,0.453709
18400,0.444101,0.445291
18500,0.443624,0.435773
18600,0.438495,0.425695
18700,0.435984,0.41633
18800,0.437282,0.406942
18900,0.426812,0.397328
19000,0.434799,0.387557
19100,0.423581,0.37836
19200,0.421388,0.369355
19300,0.420115,0.360433
19400,0.418284,0.351711
19500,0.415211,0.342618
19600,0.419221,0.334338
19700,0.403075,0.325812
19800,0.391867,0.317722
19900,0.400915,0.309849
20000,0.37662,0.302567
20100,0.376784,0.296263
20200,0.390485,0.290171
20300,0.37749,0.283757
20400,0.379164,0.278416
20500,0.373372,0.27312
20600,0.378659,0.268118
20700,0.367119,0.262849
20800,0.358285,0.257556
20900,0.34617,0.253557
21000,0.367125,0.248638
21100,0.358613,0.244404
21200,0.331857,0.2403
21300,0.322926,0.23564
21400,0.316297,0.231084
21500,0.324785,0.22621
21600,0.327174,0.221777
21700,0.316167,0.21797
21800,0.310921,0.214332
21900,0.299097,0.210438
22000,0.301381,0.206385
22100,0.296219,0.202717
22200,0.294908,0.198898
22300,0.288958,0.19551
22400,0.285132,0.191768
22500,0.277332,0.188231
22600,0.273791,0.184827
22700,0.264875,0.181662
22800,0.268519,0.178608
22900,0.259075,0.175527
23000,0.259087,0.173036
23100,0.25604,0.170392
23200,0.247774,0.167895
23300,0.252287,0.165369
23400,0.258767,0.163325
23500,0.253298,0.16143
23600,0.264156,0.159066
23700,0.261347,0.156643
23800,0.250928,0.154312
23900,0.25323,0.152272
24000,0.249534,0.149584
24100,0.250984,0.147837
24200,0.24874,0.14606
24300,0.261433,0.144685
24400,0.245929,0.14342
24500,0.237513,0.142169
24600,0.233313,0.14054
24700,0.242538,0.139308
24800,0.229294,0.138529
24900,0.226403,0.138086
25000,0.234728,0.137548
25100,0.23069,0.137011
25200,0.225744,0.136724
25300,0.217884,0.136551
25400,0.21847,0.13706
25500,0.228286,0.136896
25600,0.228199,0.136648
25700,0.223144,0.135958
25800,0.216904,0.135482
25900,0.213498,0.13524
26000,0.227313,0.134506
26100,0.228777,0.133326
26200,0.22975,0.132655
26300,0.216547,0.131935
26400,0.216362,0.13111
26500,0.211625,0.129765
26600,0.214306,0.128158
26700,0.223539,0.126937
26800,0.211016,0.125864
26900,0.203277,0.124522
27000,0.199895,0.123534
27100,0.197018,0.121809
27200,0.195931,0.120931
27300,0.195323,0.119607
27400,0.189974,0.118156
27500,0.189302,0.116758
27600,0.185493,0.115324
27700,0.186052,0.114284
27800,0.184203,0.113435
27900,0.18729,0.112902
28000,0.181302,0.112482
28100,0.177517,0.112057
28200,0.187848,0.111493
28300,0.187591,0.11107
28400,0.188976,0.11062
28500,0.180962,0.110186
28600,0.192795,0.109802
28700,0.18933,0.109606
28800,0.185069,0.109002
28900,0.177252,0.108184
29000,0.177549,0.107802
29100,0.174668,0.107898
29200,0.17008,0.106958
29300,0.176269,0.105775
29400,0.169135,0.104816
29500,0.178676,0.103762
29600,0.172662,0.10258
29700,0.168375,0.101231
29800,0.166851,0.0996862
29900,0.168682,0.0979161
30000,0.178932,0.0955367
30100,0.167058,0.0932442
30200,0.169279,0.0908051
30300,0.160643,0.0886544
30400,0.158542,0.0865691
30500,0.147213,0.0845666
30600,0.141882,0.0832058
30700,0.142737,0.0818497
30800,0.148116,0.0806049
30900,0.138376,0.0796981
31000,0.139707,0.0793032
31100,0.133947,0.0786874
31200,0.140068,0.0780369
31300,0.159784,0.078025
31400,0.152261,0.0777762
31500,0.148754,0.0775305
31600,0.162101,0.0775507
31700,0.163263,0.0779199
31800,0.17154,0.0782997
31900,0.170877,0.0786753
32000,0.174383,0.0794898
32100,0.168635,0.0801341
32200,0.170833,0.0814513
32300,0.17295,0.082891
32400,0.176989,0.0848882
32500,0.195813,0.0869918
32600,0.189583,0.0892812
32700,0.196586,0.0919301
32800,0.204976,0.0947744
32900,0.200978,0.0976276
33000,0.200172,0.100873
33100,0.193698,0.104426
33200,0.199648,0.109069
33300,0.1981,0.113883
33400,0.205329,0.119158
33500,0.213165,0.124087
33600,0.227072,0.129284
33700,0.227621,0.13467
33800,0.227278,0.140415
33900,0.241369,0.145557
34000,0.246182,0.150617
34100,0.254991,0.155246
34200,0.259048,0.159392
34300,0.270061,0.162942
34400,0.281333,0.166114
34500,0.275904,0.169674
34600,0.279007,0.17175
34700,0.269391,0.174058
34800,0.284305,0.176449
34900,0.284867,0.178222
35000,0.287416,0.179672
35100,0.27677,0.181343
35200,0.283692,0.181694
35300,0.286242,0.182214
35400,0.292419,0.182271
35500,0.280195,0.181676
35600,0.282864,0.181228
35700,0.288123,0.180019
35800,0.287477,0.179283
35900,0.274506,0.178174
36000,0.267268,0.176549
36100,0.26532,0.175089
36200,0.260553,0.173601
36300,0.262766,0.172704
36400,0.265387,0.171482
36500,0.252439,0.170099
36600,0.26865,0.169445
36700,0.252301,0.167473
36800,0.253271,0.166039
36900,0.255753,0.163914
37000,0.257653,0.161756
37100,0.254068,0.159594
37200,0.255779,0.15733
37300,0.250218,0.154468
37400,0.237323,0.152109
37500,0.239639,0.149123
37600,0.224553,0.146007
37700,0.236518,0.143687
37800,0.227381,0.141273
37900,0.225787,0.139102
38000,0.21729,0.136714
38100,0.217391,0.134342
38200,0.216086,0.13221
38300,0.203149,0.130142
38400,0.205719,0.12833
38500,0.203391,0.126289
38600,0.207462,0.124656
38700,0.21026,0.12309
38800,0.203362,0.121911
38900,0.205576,0.120949
39000,0.20029,0.120094
39100,0.197404,0.119089
39200,0.194461,0.118457
39300,0.195484,0.117812
39400,0.191073,0.11818
39500,0.191078,0.118812
39600,0.189469,0.119034
39700,0.190224,0.119528
39800,0.194414,0.119757
39900,0.186336,0.120611
40000,0.18942,0.120185
40100,0.192476,0.119673
40200,0.193298,0.119098
40300,0.192854,0.117946
40400,0.190266,0.116618
40500,0.182829,0.11523
40600,0.181375,0.113582
40700,0.185562,0.111866
40800,0.181937,0.11049
40900,0.175656,0.109126
41000,0.163006,0.107409
41100,0.158585,0.105562
41200,0.162649,0.104064
41300,0.161004,0.102519
41400,0.157209,0.100818
41500,0.152018,0.0987205
41600,0.15123,0.0969572
41700,0.146838,0.0950132
41800,0.143021,0.0929185
41900,0.143209,0.0906253
42000,0.138159,0.0888786
42100,0.135006,0.08689
42200,0.132121,0.0848412
42300,0.133909,0.0827664
42400,0.130986,0.0809293
42500,0.127505,0.0793256
42600,0.1281,0.0776394
42700,0.134669,0.0758776
42800,0.119015,0.0735475
42900,0.115398,0.071732
43000,0.115764,0.0696052
43100,0.112228,0.0678242
43200,0.108086,0.0660933
43300,0.104953,0.0645516
43400,0.103979,0.0629507
43500,0.100202,0.0613561
43600,0.0971986,0.0597164
43700,0.0935299,0.0578661
43800,0.0915988,0.0563045
43900,0.0891665,0.0548161
44000,0.0869585,0.0534306
44100,0.0861356,0.0518902
44200,0.0839815,0.0504542
44300,0.0829601,0.0490296
44400,0.0828912,0.0477944
44500,0.0808294,0.0468516
44600,0.076025,0.0460004
44700,0.0741281,0.0451063
44800,0.0737232,0.0446077
44900,0.0721249,0.0439345
45000,0.0691637,0.0430251
45100,0.0680095,0.0422468
45200,0.0676572,0.0412826
45300,0.0678001,0.0404826
45400,0.0654151,0.0396508
45500,0.0644487,0.039059
45600,0.0636567,0.0379913
45700,0.0605483,0.0367055
45800,0.0577361,0.0356312
45900,0.0588178,0.0346521
46000,0.0557076,0.033598
46100,0.0571331,0.0328408
46200,0.0518964,0.0316096
46300,0.0500142,0.0305845
46400,0.0487598,0.0299323
46500,0.0480572,0.0290171
46600,0.0460387,0.0279784
46700,0.0440998,0.0272185
46800,0.0436146,0.0263041
46900,0.0415355,0.0253133
47000,0.0406239,0.0246173
47100,0.0387116,0.0236407
47200,0.0368718,0.0226125
47300,0.0360088,0.0218302
47400,0.0347653,0.02123
47500,0.033663,0.0206267
47600,0.0329588,0.0200109
47700,0.0316564,0.0193213
47800,0.0292561,0.0186093
47900,0.0279264,0.0178062
48000,0.0266098,0.0170704
48100,0.0268499,0.0164611
48200,0.0247991,0.0154152
48300,0.0240057,0.0146997
48400,0.0226476,0.0138969
48500,0.0212257,0.0130473
48600,0.0200457,0.0123535
48700,0.018935,0.011641
48800,0.0177763,0.0110751
48900,0.0165607,0.0104742
49000,0.0151067,0.0098968
49100,0.0145648,0.00924024
49200,0.0135341,0.00835546
49300,0.0120455,0.00774397
49400,0.0111254,0.00707555
49500,0.0100594,0.00645611
49600,0.00925408,0.00586094
49700,0.00861453,0.0052851
49800,0.00756888,0.00471502
49900,0.00692149,0.00422222
50000,0.00674464,0.00379963
50100,0.00665839,0.0034518
50200,0.00830482,0.00313283
50300,0.00646612,0.00292822
50400,0.00551796,0.00274522
50500,0.00509365,0.00266143
50600,0.00473693,0.00265459
50700,0.0046309,0.00257662
50800,0.00445188,0.00254285
50900,0.00433602,0.00252954
51000,0.00432085,0.00250174
51100,0.00441126,0.00253162
51200,0.00477344,0.00257389
51300,0.00449286,0.00264383
51400,0.00445479,0.00263782
51500,0.00442136,0.00263889
51600,0.00435097,0.00267553
51700,0.00445758,0.00270961
51800,0.00428534,0.00267534
51900,0.0042852,0.00264734
52000,0.00440409,0.00262343
52100,0.00432238,0.00253164
52200,0.00412538,0.00252186
52300,0.00408741,0.00246825
52400,0.0037691,0.00234689
52500,0.00363491,0.00223207
52600,0.00353928,0.00212788
52700,0.00330388,0.00204605
52800,0.00300339,0.00188985
52900,0.0027784,0.00173808
53000,0.00254304,0.00158418
53100,0.00214177,0.00137596
53200,0.00185323,0.00119205
53300,0.00171083,0.00110102
53400,0.00155196,0.00101555
53500,0.00141088,0.000913522
53600,0.0013179,0.00085295
53700,0.00117589,0.000776729
53800,0.00103105,0.000663362
53900,0.000889174,0.000556942
54000,0.000758,0.000479483
54100,0.000584812,0.000387286
54200,0.000526052,0.000355117
54300,0.000406689,0.000278353
54400,0.000350294,0.000237275
54500,0.000293792,0.00019493
54600,0.000226436,0.000146591
54700,0.000175438,0.000112354
54800,0.000113477,7.37708e-05
54900,6.12867e-05,3.91878e-05
55000,4.73822e-05,3.01074e-05
55100,3.44639e-05,2.16486e-05
55200,2.37631e-05,1.55484e-05
55300,1.89778e-05,1.24074e-05
55400,1.36442e-05,9.229e-06
55500,4.36989e-06,2.9301e-06
55600,4.57274e-06,3.04826e-06
55700,1.0306e-06,6.7607e-07
55800,6.63145e-07,4.2145e-07
55900,2.12766e-08,1.33693e-08
56000,0,0
56100,0,0
56200,0,0
56300,0,0
56400,0,0
56500,0,0
56600,0,0
56700,0,0
56800,0,0
56900,0,0
57000,0,0
57100,0,0
57200,0,0
57300,0,0
57400,0,0
57500,0,0
57600,0,0
57700,0,0
57800,0,0
57900,0,0
58000,0,0
58100,0,0
58200,0,0
58300,0,0
58400,0,0
58500,0,0
58600,0,0
58700,0,0
58800,0,0
58900,0,0
59000,0,0
59100,0,0
59200,0,0
59300,0,0
59400,0,0
59500,0,0
59600,0,0
59700,0,0
59800,0,0
59900,0,0
60000,0,0
60100,0,0
60200,0,0
60300,0,0
60400,0,0
60500,0,0
60600,0,0
60700,0,0
60800,0,0
60900,0,0
61000,0,0
61100,0,0
61200,0,0
61300,0,0
61400,0,0
61500,0,0
61600,0,0
61700,0,0
61800,0,0
61900,0,0
62000,0,0
62100,0,0
62200,0,0
62300,0,0
62400,0,0
62500,0,0
62600,0,0
62700,0,0
62800,0,0
62900,0,0
63000,0,0
63100,0,0
63200,0,0
63300,0,0
63400,0,0
63500,0,0
63600,0,0
63700,0,0
63800,0,0
63900,0,0
64000,0,0
64100,0,0
64200,0,0
64300,0,0
64400,0,0
64500,0,0
64600,0,0
64700,0,0
64800,0,0
64900,0,0
65000,0,0
65100,0,0
65200,0,0
65300,0,0
65400,0,0
65500,0,0
65600,0,0
65700,0,0
65800,0,0
65900,0,0
66000,0,0
66100,0,0
66200,0,0
66300,0,0
66400,0,0
66500,0,0
66600,0,0
66700,0,0
66800,0,0
66900,0,0
67000,0,0
67100,0,0
67200,0,0
67300,0,0
67400,0,0
67500,0,0
67600,0,0
67700,0,0
67800,0,0
67900,0,0
68000,0,0
68100,0,0
68200,0,0
68300,0,0
68400,0,0
68500,0,0
68600,0,0
68700,0,0
68800,0,0
68900,0,0
69000,0,0
69100,0,0
69200,0,0
69300,0,0
69400,0,0
69500,0,0
69600,0,0
69700,0,0
69800,0,0
69900,0,0
70000,0,0
70100,0,0
70200,0,0
70300,0,0
70400,0,0
70500,0,0
70600,0,0
70700,0,0
70800,0,0
70900,0,0
71000,0,0
71100,0,0
71200,0,0
71300,0,0
71400,0,0
71500,0,0
71600,0,0
71700,0,0
71800,0,0
71900,0,0
72000,0,0
72100,0,0
72200,0,0
72300,0,0
72400,0,0
72500,0,0
72600,0,0
72700,0,0
72800,0,0
72900,0,0
73000,0,0
73100,0,0
73200,0,0
73300,0,0
73400,0,0
73500,0,0
73600,0,0
73700,0,0
73800,0,0
73900,0,0
74000,0,0
74100,0,0
74200,0,0
74300,0,0
74400,0,0
74500,0,0
74600,0,0
74700,0,0
74800,0,0
74900,0,0
75000,0,0
75100,0,0
75200,0,0
75300,0,0
75400,0,0
75500,0,0
75600,0,0
75700,0,0
75800,0,0
75900,0,0
76000,0,0
76100,0,0
76200,0,0
76300,0,0
76400,0,0
76500,0,0
76600,0,0
76700,0,0
76800,0,0
76900,0,0
77000,0,0
77100,0,0
77200,0,0
77300,0,0
77400,0,0
77500,0,0
77600,0,0
77700,0,0
77800,0,0
77900,0,0
78000,0,0
78100,0,0
78200,0,0
78300,0,0
78400,0,0
78500,0,0
78600,0,0
78700,0,0
78800,0,0
78900,0,0
79000,0,0
79100,0,0
79200,0,0
79300,0,0
79400,0,0
79500,0,0
79600,0,0
79700,0,0
79800,0,0
79900,0,0
80000,0,0
80100,0,0
80200,0,0
80300,0,0
80400,0,0
80500,0,0
80600,0,0
80700,0,0
80800,0,0
80900,0,0
81000,0,0
81100,0,0
81200,0,0
81300,0,0
81400,0,0
81500,0,0
81600,0,0
81700,0,0
81800,0,0
81900,0,0
82000,0,0
82100,0,0
82200,0,0
82300,0,0
82400,0,0
82500,0,0
82600,0,0
82700,0,0
82800,0,0
82900,0,0
83000,0,0
83100,0,0
83200,0,0
83300,0,0
83400,0,0
83500,0,0
83600,0,0
83700,0,0
83800,0,0
83900,0,0
84000,0,0
84100,0,0
84200,0,0
84300,0,0
84400,0,0
84500,0,0
84600,0,0
84700,0,0
84800,0,0
84900,0,0
85000,0,0
85100,0,0
85200,0,0
85300,0,0
85400,0,0
85500,0,0
85600,0,0
85700,0,0
85800,0,0
85900,0,0
86000,0,0
86100,0,0
86200,0,0
86300,0,0
86400,0,0
86500,0,0
86600,0,0
86700,0,0
86800,0,0
86900,0,0
87000,0,0
87100,0,0
87200,0,0
87300,0,0
87400,0,0
87500,0,0
87600,0,0
87700,0,0
87800,0,0
87900,0,0
88000,0,0
88100,0,0
88200,0,0
88300,0,0
88400,0,0
88500,0,0
88600,0,0
88700,0,0
88800,0,0
88900,0,0
89000,0,0
89100,0,0
89200,0,0
89300,0,0
89400,0,0
89500,0,0
89600,0,0
89700,0,0
89800,0,0
89900,0,0
90000,0,0
90100,0,0
90200,0,0
90300,0,0
90400,0,0
90500,0,0
90600,0,0
90700,0,0
90800,0,0
90900,0,0
91000,0,0
91100,0,0
91200,0,0
91300,0,0
91400,0,0
91500,0,0
91600,0,0
91700,0,0
91800,0,0
91900,0,0
92000,0,0
92100,0,0
92200,0,0
92300,0,0
92400,0,0
92500,0,0
92600,0,0
92700,0,0
92800,0,0
92900,0,0
93000,0,0
93100,0,0
93200,0,0
93300,0,0
93400,0,0
93500,0,0
93600,0,0
93700,0,0
93800,0,0
93900,0,0
94000,0,0
94100,0,0
94200,0,0
94300,0,0
94400,0,0
94500,0,0
94600,0,0
94700,0,0
94800,0,0
94900,0,0
95000,0,0
95100,0,0
95200,0,0
95300,0,0
95400,0,0
95500,0,0
95600,0,0
95700,0,0
95800,0,0
95900,0,0
96000,0,0
96100,0,0
96200,0,0
96300,0,0
96400,0,0
96500,0,0
96600,0,0
96700,0,0
96800,0,0
96900,0,0
97000,0,0
97100,0,0
97200,0,0
97300,0,0
97400,0,0
97500,0,0
97600,0,0
97700,0,0
97800,0,0
97900,0,0
98000,0,0
98100,0,0
98200,0,0
98300,0,0
98400,0,0
98500,0,0
98600,0,0
98700,0,0
98800,0,0
98900,0,0
99000,0,0
99100,0,0
99200,0,0
99300,0,0
99400,0,0
99500,0,0
99600,0,0
99700,0,0
99800,0,0
99900,0,0
