0,0.499999,0.499924
100,0.492013,0.500127
200,0.495903,0.500293
300,0.489972,0.50024
400,0.490341,0.500604
500,0.48779,0.500764
600,0.495404,0.500892
700,0.48912,0.501013
800,0.48153,0.500933
900,0.492938,0.501295
1000,0.481863,0.501485
1100,0.484364,0.501768
1200,0.485715,0.501629
1300,0.468193,0.501719
1400,0.492591,0.501634
1500,0.470261,0.501542
1600,0.488067,0.500582
1700,0.473523,0.500401
1800,0.4752,0.500394
1900,0.489279,0.499364
2000,0.47439,0.498373
2100,0.493605,0.496594
2200,0.48619,0.494678
2300,0.490403,0.492593
2400,0.473945,0.490734
2500,0.472991,0.488966
2600,0.46357,0.486346
2700,0.456287,0.483185
2800,0.456622,0.480701
2900,0.460112,0.478156
3000,0.465779,0.476323
3100,0.452675,0.474116
3200,0.461088,0.474213
3300,0.445777,0.474405
3400,0.447801,0.475208
3500,0.442676,0.477724
3600,0.439959,0.480094
3700,0.450857,0.484143
3800,0.451164,0.488326
3900,0.441211,0.494558
4000,0.433706,0.501263
4100,0.430964,0.509346
4200,0.428673,0.518707
4300,0.428158,0.528582
4400,0.426858,0.53886
4500,0.421282,0.549867
4600,0.403006,0.56147
4700,0.409887,0.574493
4800,0.409807,0.588633
4900,0.391281,0.602855
5000,0.393749,0.616135
5100,0.395366,0.630209
5200,0.386255,0.643674
5300,0.371216,0.656624
5400,0.380975,0.669831
5500,0.365962,0.682607
5600,0.360389,0.695496
5700,0.348155,0.707443
5800,0.341388,0.719463
5900,0.332055,0.729592
6000,0.33939,0.739199
6100,0.329517,0.748009
6200,0.327953,0.757247
6300,0.313795,0.76525
6400,0.3141,0.772727
6500,0.30212,0.779614
6600,0.29946,0.785759
6700,0.291223,0.791428
6800,0.288338,0.796525
6900,0.286125,0.802499
7000,0.276127,0.808168
7100,0.26713,0.812672
7200,0.265034,0.81667
7300,0.268759,0.820159
7400,0.268413,0.823422
7500,0.267502,0.827091
7600,0.283079,0.829953
7700,0.280335,0.833112
7800,0.271113,0.8365
7900,0.265028,0.839055
8000,0.261684,0.841617
8100,0.248081,0.842885
8200,0.244013,0.844377
8300,0.23464,0.845772
8400,0.229316,0.847541
8500,0.231936,0.848721
8600,0.22442,0.849649
8700,0.220856,0.851151
8800,0.2226,0.852163
8900,0.223417,0.853587
9000,0.221131,0.854527
9100,0.220813,0.856057
9200,0.216624,0.857257
9300,0.204094,0.859183
9400,0.217877,0.860728
9500,0.232474,0.86237
9600,0.221503,0.86409
9700,0.214177,0.865406
9800,0.207031,0.866931
9900,0.209986,0.868504
10000,0.21048,0.869723
10100,0.203066,0.87084
10200,0.210982,0.871813
10300,0.213969,0.873483
10400,0.202192,0.874786
10500,0.201737,0.876379
10600,0.198982,0.878284
10700,0.197901,0.880034
10800,0.199888,0.881727
10900,0.200857,0.88352
11000,0.194837,0.884947
11100,0.185669,0.886531
11200,0.183122,0.888023
11300,0.17842,0.888847
11400,0.178162,0.889503
11500,0.18108,0.889834
11600,0.182272,0.890231
11700,0.189904,0.89127
11800,0.200043,0.891701
11900,0.187742,0.892444
12000,0.187085,0.893277
12100,0.198185,0.893609
12200,0.182547,0.893645
12300,0.181402,0.893701
12400,0.178608,0.894228
12500,0.178109,0.894399
12600,0.171287,0.894539
12700,0.169504,0.89443
12800,0.164719,0.894495
12900,0.161539,0.893945
13000,0.154708,0.893823
13100,0.158312,0.893693
13200,0.15762,0.893933
13300,0.157928,0.894325
13400,0.151205,0.895491
13500,0.151441,0.896276
13600,0.148529,0.897151
13700,0.148359,0.898896
13800,0.143906,0.900398
13900,0.140205,0.902138
14000,0.135961,0.904634
14100,0.137644,0.90718
14200,0.131471,0.90997
14300,0.124389,0.913203
14400,0.120517,0.916328
14500,0.117071,0.920065
14600,0.113471,0.923241
14700,0.107856,0.927264
14800,0.10095,0.930791
14900,0.0949899,0.934813
15000,0.0872644,0.938851
15100,0.0805949,0.943393
15200,0.0741189,0.947476
15300,0.0683903,0.951444
15400,0.0635971,0.955027
15500,0.0592306,0.958719
15600,0.0546824,0.9617
15700,0.047746,0.965065
15800,0.0462261,0.968574
15900,0.0411648,0.971805
16000,0.0373474,0.97454
16100,0.0330331,0.977291
16200,0.0296439,0.979763
16300,0.0260428,0.981977
16400,0.0232837,0.983892
16500,0.0209316,0.985766
16600,0.0186723,0.987543
16700,0.0168317,0.988923
16800,0.0147527,0.990274
16900,0.0132328,0.991358
17000,0.011411,0.992487
17100,0.00981515,0.993461
17200,0.00881074,0.994242
17300,0.00737682,0.995283
17400,0.00616073,0.996073
17500,0.00511843,0.996744
17600,0.00410018,0.997383
17700,0.0034492,0.997837
17800,0.00286655,0.998156
17900,0.00234815,0.998483
18000,0.00190404,0.998764
18100,0.00153616,0.999019
18200,0.00116707,0.999255
18300,0.00089687,0.99944
18400,0.000574067,0.999639
18500,0.000428031,0.99973
18600,0.00029562,0.999817
18700,0.000174447,0.999891
18800,0.000116628,0.999926
18900,9.13665e-05,0.999942
19000,6.45512e-05,0.999959
19100,3.98643e-05,0.999976
19200,3.46347e-05,0.999978
19300,2.10251e-05,0.999987
19400,2.01691e-05,0.999987
19500,1.19778e-05,0.999993
19600,7.41158e-06,0.999995
19700,6.77464e-06,0.999996
19800,5.44242e-06,0.999997
19900,1.97855e-06,0.999999
20000,1.28342e-07,1
20100,0,1
20200,0,1
20300,0,1
20400,0,1
20500,0,1
20600,0,1
20700,0,1
20800,0,1
20900,0,1
21000,0,1
21100,0,1
21200,0,1
21300,0,1
21400,0,1
21500,0,1
21600,0,1
21700,0,1
21800,0,1
21900,0,1
22000,0,1
22100,0,1
22200,0,1
22300,0,1
22400,0,1
22500,0,1
22600,0,1
22700,0,1
22800,0,1
22900,0,1
23000,0,1
23100,0,1
23200,0,1
23300,0,1
23400,0,1
23500,0,1
23600,0,1
23700,0,1
23800,0,1
23900,0,1
24000,0,1
24100,0,1
24200,0,1
24300,0,1
24400,0,1
24500,0,1
24600,0,1
24700,0,1
24800,0,1
24900,0,1
25000,0,1
25100,0,1
25200,0,1
25300,0,1
25400,0,1
25500,0,1
25600,0,1
25700,0,1
25800,0,1
25900,0,1
26000,0,1
26100,0,1
26200,0,1
26300,0,1
26400,0,1
26500,0,1
26600,0,1
26700,0,1
26800,0,1
26900,0,1
27000,0,1
27100,0,1
27200,0,1
27300,0,1
27400,0,1
27500,0,1
27600,0,1
27700,0,1
27800,0,1
27900,0,1
28000,0,1
28100,0,1
28200,0,1
28300,0,1
28400,0,1
28500,0,1
28600,0,1
28700,0,1
28800,0,1
28900,0,1
29000,0,1
29100,0,1
29200,0,1
29300,0,1
29400,0,1
29500,0,1
29600,0,1
29700,0,1
29800,0,1
29900,0,1
30000,0,1
30100,0,1
30200,0,1
30300,0,1
30400,0,1
30500,0,1
30600,0,1
30700,0,1
30800,0,1
30900,0,1
31000,0,1
31100,0,1
31200,0,1
31300,0,1
31400,0,1
31500,0,1
31600,0,1
31700,0,1
31800,0,1
31900,0,1
32000,0,1
32100,0,1
32200,0,1
32300,0,1
32400,0,1
32500,0,1
32600,0,1
32700,0,1
32800,0,1
32900,0,1
33000,0,1
33100,0,1
33200,0,1
33300,0,1
33400,0,1
33500,0,1
33600,0,1
33700,0,1
33800,0,1
33900,0,1
34000,0,1
34100,0,1
34200,0,1
34300,0,1
34400,0,1
34500,0,1
34600,0,1
34700,0,1
34800,0,1
34900,0,1
35000,0,1
35100,0,1
35200,0,1
35300,0,1
35400,0,1
35500,0,1
35600,0,1
35700,0,1
35800,0,1
35900,0,1
36000,0,1
36100,0,1
36200,0,1
36300,0,1
36400,0,1
36500,0,1
36600,0,1
36700,0,1
36800,0,1
36900,0,1
37000,0,1
37100,0,1
37200,0,1
37300,0,1
37400,0,1
37500,0,1
37600,0,1
37700,0,1
37800,0,1
37900,0,1
38000,0,1
38100,0,1
38200,0,1
38300,0,1
38400,0,1
38500,0,1
38600,0,1
38700,0,1
38800,0,1
38900,0,1
39000,0,1
39100,0,1
39200,0,1
39300,0,1
39400,0,1
39500,0,1
39600,0,1
39700,0,1
39800,0,1
39900,0,1
40000,0,1
40100,0,1
40200,0,1
40300,0,1
40400,0,1
40500,0,1
40600,0,1
40700,0,1
40800,0,1
40900,0,1
41000,0,1
41100,0,1
41200,0,1
41300,0,1
41400,0,1
41500,0,1
41600,0,1
41700,0,1
41800,0,1
41900,0,1
42000,0,1
42100,0,1
42200,0,1
42300,0,1
42400,0,1
42500,0,1
42600,0,1
42700,0,1
42800,0,1
42900,0,1
43000,0,1
43100,0,1
43200,0,1
43300,0,1
43400,0,1
43500,0,1
43600,0,1
43700,0,1
43800,0,1
43900,0,1
44000,0,1
44100,0,1
44200,0,1
44300,0,1
44400,0,1
44500,0,1
44600,0,1
44700,0,1
44800,0,1
44900,0,1
45000,0,1
45100,0,1
45200,0,1
45300,0,1
45400,0,1
45500,0,1
45600,0,1
45700,0,1
45800,0,1
45900,0,1
46000,0,1
46100,0,1
46200,0,1
46300,0,1
46400,0,1
46500,0,1
46600,0,1
46700,0,1
46800,0,1
46900,0,1
47000,0,1
47100,0,1
47200,0,1
47300,0,1
47400,0,1
47500,0,1
47600,0,1
47700,0,1
47800,0,1
47900,0,1
48000,0,1
48100,0,1
48200,0,1
48300,0,1
48400,0,1
48500,0,1
48600,0,1
48700,0,1
48800,0,1
48900,0,1
49000,0,1
49100,0,1
49200,0,1
49300,0,1
49400,0,1
49500,0,1
49600,0,1
49700,0,1
49800,0,1
49900,0,1
50000,0,1
50100,0,1
50200,0,1
50300,0,1
50400,0,1
50500,0,1
50600,0,1
50700,0,1
50800,0,1
50900,0,1
51000,0,1
51100,0,1
51200,0,1
51300,0,1
51400,0,1
51500,0,1
51600,0,1
51700,0,1
51800,0,1
51900,0,1
52000,0,1
52100,0,1
52200,0,1
52300,0,1
52400,0,1
52500,0,1
52600,0,1
52700,0,1
52800,0,1
52900,0,1
53000,0,1
53100,0,1
53200,0,1
53300,0,1
53400,0,1
53500,0,1
53600,0,1
53700,0,1
53800,0,1
53900,0,1
54000,0,1
54100,0,1
54200,0,1
54300,0,1
54400,0,1
54500,0,1
54600,0,1
54700,0,1
54800,0,1
54900,0,1
55000,0,1
55100,0,1
55200,0,1
55300,0,1
55400,0,1
55500,0,1
55600,0,1
55700,0,1
55800,0,1
55900,0,1
56000,0,1
56100,0,1
56200,0,1
56300,0,1
56400,0,1
56500,0,1
56600,0,1
56700,0,1
56800,0,1
56900,0,1
57000,0,1
57100,0,1
57200,0,1
57300,0,1
57400,0,1
57500,0,1
57600,0,1
57700,0,1
57800,0,1
57900,0,1
58000,0,1
58100,0,1
58200,0,1
58300,0,1
58400,0,1
58500,0,1
58600,0,1
58700,0,1
58800,0,1
58900,0,1
59000,0,1
59100,0,1
59200,0,1
59300,0,1
59400,0,1
59500,0,1
59600,0,1
59700,0,1
59800,0,1
59900,0,1
60000,0,1
60100,0,1
60200,0,1
60300,0,1
60400,0,1
60500,0,1
60600,0,1
60700,0,1
60800,0,1
60900,0,1
61000,0,1
61100,0,1
61200,0,1
61300,0,1
61400,0,1
61500,0,1
61600,0,1
61700,0,1
61800,0,1
61900,0,1
62000,0,1
62100,0,1
62200,0,1
62300,0,1
62400,0,1
62500,0,1
62600,0,1
62700,0,1
62800,0,1
62900,0,1
63000,0,1
63100,0,1
63200,0,1
63300,0,1
63400,0,1
63500,0,1
63600,0,1
63700,0,1
63800,0,1
63900,0,1
64000,0,1
64100,0,1
64200,0,1
64300,0,1
64400,0,1
64500,0,1
64600,0,1
64700,0,1
64800,0,1
64900,0,1
65000,0,1
65100,0,1
65200,0,1
65300,0,1
65400,0,1
65500,0,1
65600,0,1
65700,0,1
65800,0,1
65900,0,1
66000,0,1
66100,0,1
66200,0,1
66300,0,1
66400,0,1
66500,0,1
66600,0,1
66700,0,1
66800,0,1
66900,0,1
67000,0,1
67100,0,1
67200,0,1
67300,0,1
67400,0,1
67500,0,1
67600,0,1
67700,0,1
67800,0,1
67900,0,1
68000,0,1
68100,0,1
68200,0,1
68300,0,1
68400,0,1
68500,0,1
68600,0,1
68700,0,1
68800,0,1
68900,0,1
69000,0,1
69100,0,1
69200,0,1
69300,0,1
69400,0,1
69500,0,1
69600,0,1
69700,0,1
69800,0,1
69900,0,1
70000,0,1
70100,0,1
70200,0,1
70300,0,1
70400,0,1
70500,0,1
70600,0,1
70700,0,1
70800,0,1
70900,0,1
71000,0,1
71100,0,1
71200,0,1
71300,0,1
71400,0,1
71500,0,1
71600,0,1
71700,0,1
71800,0,1
71900,0,1
72000,0,1
72100,0,1
72200,0,1
72300,0,1
72400,0,1
72500,0,1
72600,0,1
72700,0,1
72800,0,1
72900,0,1
73000,0,1
73100,0,1
73200,0,1
73300,0,1
73400,0,1
73500,0,1
73600,0,1
73700,0,1
73800,0,1
73900,0,1
74000,0,1
74100,0,1
74200,0,1
74300,0,1
74400,0,1
74500,0,1
74600,0,1
74700,0,1
74800,0,1
74900,0,1
75000,0,1
75100,0,1
75200,0,1
75300,0,1
75400,0,1
75500,0,1
75600,0,1
75700,0,1
75800,0,1
75900,0,1
76000,0,1
76100,0,1
76200,0,1
76300,0,1
76400,0,1
76500,0,1
76600,0,1
76700,0,1
76800,0,1
76900,0,1
77000,0,1
77100,0,1
77200,0,1
77300,0,1
77400,0,1
77500,0,1
77600,0,1
77700,0,1
77800,0,1
77900,0,1
78000,0,1
78100,0,1
78200,0,1
78300,0,1
78400,0,1
78500,0,1
78600,0,1
78700,0,1
78800,0,1
78900,0,1
79000,0,1
79100,0,1
79200,0,1
79300,0,1
79400,0,1
79500,0,1
79600,0,1
79700,0,1
79800,0,1
79900,0,1
80000,0,1
80100,0,1
80200,0,1
80300,0,1
80400,0,1
80500,0,1
80600,0,1
80700,0,1
80800,0,1
80900,0,1
81000,0,1
81100,0,1
81200,0,1
81300,0,1
81400,0,1
81500,0,1
81600,0,1
81700,0,1
81800,0,1
81900,0,1
82000,0,1
82100,0,1
82200,0,1
82300,0,1
82400,0,1
82500,0,1
82600,0,1
82700,0,1
82800,0,1
82900,0,1
83000,0,1
83100,0,1
83200,0,1
83300,0,1
83400,0,1
83500,0,1
83600,0,1
83700,0,1
83800,0,1
83900,0,1
84000,0,1
84100,0,1
84200,0,1
84300,0,1
84400,0,1
84500,0,1
84600,0,1
84700,0,1
84800,0,1
84900,0,1
85000,0,1
85100,0,1
85200,0,1
85300,0,1
85400,0,1
85500,0,1
85600,0,1
85700,0,1
85800,0,1
85900,0,1
86000,0,1
86100,0,1
86200,0,1
86300,0,1
86400,0,1
86500,0,1
86600,0,1
86700,0,1
86800,0,1
86900,0,1
87000,0,1
87100,0,1
87200,0,1
87300,0,1
87400,0,1
87500,0,1
87600,0,1
87700,0,1
87800,0,1
87900,0,1
88000,0,1
88100,0,1
88200,0,1
88300,0,1
88400,0,1
88500,0,1
88600,0,1
88700,0,1
88800,0,1
88900,0,1
89000,0,1
89100,0,1
89200,0,1
89300,0,1
89400,0,1
89500,0,1
89600,0,1
89700,0,1
89800,0,1
89900,0,1
90000,0,1
90100,0,1
90200,0,1
90300,0,1
90400,0,1
90500,0,1
90600,0,1
90700,0,1
90800,0,1
90900,0,1
91000,0,1
91100,0,1
91200,0,1
91300,0,1
91400,0,1
91500,0,1
91600,0,1
91700,0,1
91800,0,1
91900,0,1
92000,0,1
92100,0,1
92200,0,1
92300,0,1
92400,0,1
92500,0,1
92600,0,1
92700,0,1
92800,0,1
92900,0,1
93000,0,1
93100,0,1
93200,0,1
93300,0,1
93400,0,1
93500,0,1
93600,0,1
93700,0,1
93800,0,1
93900,0,1
94000,0,1
94100,0,1
94200,0,1
94300,0,1
94400,0,1
94500,0,1
94600,0,1
94700,0,1
94800,0,1
94900,0,1
95000,0,1
95100,0,1
95200,0,1
95300,0,1
95400,0,1
95500,0,1
95600,0,1
95700,0,1
95800,0,1
95900,0,1
96000,0,1
96100,0,1
96200,0,1
96300,0,1
96400,0,1
96500,0,1
96600,0,1
96700,0,1
96800,0,1
96900,0,1
97000,0,1
97100,0,1
97200,0,1
97300,0,1
97400,0,1
97500,0,1
97600,0,1
97700,0,1
97800,0,1
97900,0,1
98000,0,1
98100,0,1
98200,0,1
98300,0,1
98400,0,1
98500,0,1
98600,0,1
98700,0,1
98800,0,1
98900,0,1
99000,0,1
99100,0,1
99200,0,1
99300,0,1
99400,0,1
99500,0,1
99600,0,1
99700,0,1
99800,0,1
99900,0,1
