0,0.499999,0.499956
100,0.496157,0.499883
200,0.487901,0.500076
300,0.489291,0.500297
400,0.486524,0.49994
500,0.489627,0.500073
600,0.486897,0.500271
700,0.492738,0.499591
800,0.488757,0.499438
900,0.49796,0.499903
1000,0.49166,0.500156
1100,0.491533,0.501014
1200,0.487356,0.501667
1300,0.478879,0.501876
1400,0.495082,0.50244
1500,0.491993,0.503089
1600,0.476978,0.503603
1700,0.480451,0.504976
1800,0.488226,0.505077
1900,0.473705,0.505663
2000,0.490703,0.50729
2100,0.487573,0.508693
2200,0.496289,0.510103
2300,0.479912,0.511715
2400,0.493168,0.51303
2500,0.489675,0.514802
2600,0.481804,0.516902
2700,0.479822,0.518507
2800,0.479122,0.520304
2900,0.476587,0.522406
3000,0.490786,0.523641
3100,0.4918,0.524647
3200,0.483508,0.526151
3300,0.490943,0.526715
3400,0.488482,0.527791
3500,0.487165,0.528399
3600,0.495379,0.529703
3700,0.483003,0.530529
3800,0.486399,0.530889
3900,0.487403,0.530694
4000,0.494983,0.530783
4100,0.483203,0.530463
4200,0.493943,0.530268
4300,0.469186,0.529621
4400,0.482803,0.528603
4500,0.473104,0.528207
4600,0.487163,0.527865
4700,0.479164,0.527509
4800,0.492731,0.527047
4900,0.490227,0.526267
5000,0.493521,0.525642
5100,0.493721,0.525514
5200,0.490679,0.525958
5300,0.483643,0.524978
5400,0.495227,0.524819
5500,0.486783,0.524062
5600,0.489775,0.522767
5700,0.492346,0.522694
5800,0.486694,0.520937
5900,0.493021,0.519082
6000,0.492353,0.516103
6100,0.482461,0.514161
6200,0.492216,0.513263
6300,0.487434,0.512324
6400,0.495546,0.511395
6500,0.482505,0.509148
6600,0.480193,0.507744
6700,0.490313,0.505861
6800,0.488753,0.504206
6900,0.493696,0.502511
7000,0.489225,0.50156
7100,0.495559,0.500044
7200,0.496848,0.499808
7300,0.49477,0.498445
7400,0.49675,0.498053
7500,0.489319,0.497868
7600,0.477841,0.498281
7700,0.493936,0.497847
7800,0.481979,0.497222
7900,0.477049,0.496862
8000,0.483277,0.496404
8100,0.49148,0.496414
8200,0.493133,0.49632
8300,0.494584,0.496131
8400,0.484144,0.495294
8500,0.487318,0.495309
8600,0.493599,0.494333
8700,0.495574,0.494146
8800,0.486093,0.492718
8900,0.483456,0.49171
9000,0.496264,0.491426
9100,0.483088,0.490764
9200,0.478881,0.490584
9300,0.467675,0.48947
9400,0.481993,0.487845
9500,0.493593,0.487309
9600,0.488821,0.486363
9700,0.489968,0.485825
9800,0.46922,0.484211
9900,0.482142,0.483846
10000,0.476632,0.483201
10100,0.483735,0.482353
10200,0.473211,0.48115
10300,0.481886,0.480253
10400,0.491636,0.479601
10500,0.478829,0.479943
10600,0.48653,0.479733
10700,0.490546,0.479043
10800,0.482793,0.479276
10900,0.476206,0.479292
11000,0.478675,0.480357
11100,0.464968,0.480857
11200,0.473147,0.481281
11300,0.46666,0.482092
11400,0.453289,0.482684
11500,0.473782,0.483195
11600,0.47146,0.483727
11700,0.473104,0.484993
11800,0.476119,0.485556
11900,0.492317,0.485605
12000,0.487332,0.485856
12100,0.494175,0.485999
12200,0.481181,0.486182
12300,0.490308,0.484861
12400,0.486613,0.484066
12500,0.477568,0.484183
12600,0.477439,0.482999
12700,0.479314,0.48244
12800,0.483533,0.481572
12900,0.47542,0.481122
13000,0.496914,0.480997
13100,0.492025,0.480819
13200,0.493842,0.479837
13300,0.469805,0.478746
13400,0.492638,0.478083
13500,0.489361,0.476729
13600,0.49541,0.476297
13700,0.488559,0.47546
13800,0.474874,0.474641
13900,0.47237,0.473996
14000,0.469582,0.473022
14100,0.487419,0.472449
14200,0.488124,0.471715
14300,0.497706,0.471284
14400,0.490565,0.471028
14500,0.483844,0.470267
14600,0.484614,0.468582
14700,0.469268,0.467862
14800,0.478579,0.465744
14900,0.489536,0.465031
15000,0.488086,0.463564
15100,0.492203,0.46153
15200,0.486543,0.459525
15300,0.471114,0.457451
15400,0.474795,0.455471
15500,0.4736,0.453618
15600,0.483154,0.452456
15700,0.482309,0.450672
15800,0.483788,0.449272
15900,0.482484,0.44731
16000,0.47896,0.445771
16100,0.488731,0.444371
16200,0.483961,0.442616
16300,0.469249,0.441516
16400,0.486432,0.440213
16500,0.478272,0.438681
16600,0.491693,0.437426
16700,0.473244,0.437249
16800,0.46761,0.436453
16900,0.472864,0.435582
17000,0.470402,0.434198
17100,0.472936,0.432949
17200,0.475777,0.431734
17300,0.484571,0.431214
17400,0.479326,0.429757
17500,0.480849,0.429202
17600,0.487665,0.428626
17700,0.488016,0.428787
17800,0.483527,0.429181
17900,0.483891,0.428807
18000,0.469145,0.428429
18100,0.477121,0.427805
18200,0.487924,0.427486
18300,0.482141,0.427394
18400,0.484697,0.427746
18500,0.480968,0.42794
18600,0.480149,0.428839
18700,0.475702,0.428803
18800,0.479288,0.42946
18900,0.478836,0.42988
19000,0.47702,0.43023
19100,0.478702,0.430233
19200,0.485817,0.43025
19300,0.478903,0.430309
19400,0.483463,0.430049
19500,0.48784,0.430422
19600,0.481911,0.431295
19700,0.480718,0.431355
19800,0.484326,0.432538
19900,0.480895,0.432945
20000,0.485023,0.433313
20100,0.481955,0.433835
20200,0.475996,0.43431
20300,0.479631,0.434603
20400,0.478133,0.435547
20500,0.484021,0.436062
20600,0.484093,0.435827
20700,0.482783,0.436294
20800,0.484732,0.436208
20900,0.47672,0.436487
21000,0.491046,0.436476
21100,0.490331,0.437114
21200,0.488065,0.436605
21300,0.490492,0.436921
21400,0.478632,0.43623
21500,0.480317,0.435998
21600,0.463947,0.435724
21700,0.483401,0.43517
21800,0.48702,0.434634
21900,0.488561,0.434009
22000,0.483308,0.433119
22100,0.484956,0.432256
22200,0.487683,0.431505
22300,0.476282,0.43021
22400,0.480589,0.428893
22500,0.481974,0.428199
22600,0.477873,0.428372
22700,0.486853,0.426676
22800,0.477366,0.426262
22900,0.483824,0.425805
23000,0.478509,0.42491
23100,0.484563,0.423634
23200,0.469888,0.423061
23300,0.478608,0.422108
23400,0.466912,0.420735
23500,0.473748,0.420082
23600,0.482628,0.419905
23700,0.47834,0.419574
23800,0.475162,0.419105
23900,0.469886,0.418052
24000,0.466957,0.417503
24100,0.467538,0.416501
24200,0.472702,0.415288
24300,0.459988,0.414018
24400,0.478583,0.412816
24500,0.470946,0.412173
24600,0.462082,0.411318
24700,0.457952,0.410933
24800,0.480275,0.409238
24900,0.474357,0.408176
25000,0.469155,0.407627
25100,0.464992,0.406367
25200,0.467756,0.405759
25300,0.472103,0.404949
25400,0.464987,0.404801
25500,0.480835,0.404359
25600,0.471061,0.404448
25700,0.476462,0.404929
25800,0.464436,0.404759
25900,0.482914,0.40493
26000,0.46955,0.404426
26100,0.458166,0.404355
26200,0.482061,0.404236
26300,0.45041,0.404757
26400,0.452452,0.405236
26500,0.454521,0.40596
26600,0.472752,0.406535
26700,0.463322,0.406747
26800,0.478594,0.407883
26900,0.477623,0.409388
27000,0.478872,0.410436
27100,0.47448,0.411354
27200,0.470545,0.412345
27300,0.484806,0.413732
27400,0.465118,0.415143
27500,0.465999,0.415787
27600,0.481261,0.416575
27700,0.48183,0.417826
27800,0.47922,0.419021
27900,0.463125,0.419436
28000,0.465775,0.419844
28100,0.482952,0.420721
28200,0.476824,0.421472
28300,0.484728,0.421668
28400,0.482315,0.421851
28500,0.480663,0.422355
28600,0.473341,0.42239
28700,0.459954,0.421948
28800,0.446579,0.420803
28900,0.454459,0.420496
29000,0.463727,0.420307
29100,0.461945,0.420301
29200,0.447573,0.419497
29300,0.463985,0.418004
29400,0.471343,0.417721
29500,0.474512,0.418223
29600,0.483841,0.418234
29700,0.467598,0.417967
29800,0.477731,0.417902
29900,0.479899,0.417487
30000,0.479456,0.417165
30100,0.470975,0.417282
30200,0.467742,0.417444
30300,0.465543,0.418038
30400,0.47842,0.417953
30500,0.483439,0.417889
30600,0.477496,0.417813
30700,0.480669,0.4174
30800,0.482778,0.417836
30900,0.476527,0.417521
31000,0.468406,0.417687
31100,0.482094,0.417392
31200,0.471875,0.417283
31300,0.475926,0.417199
31400,0.48034,0.415946
31500,0.473166,0.414482
31600,0.480553,0.414024
31700,0.47779,0.414156
31800,0.478387,0.413893
31900,0.481616,0.413999
32000,0.477302,0.413634
32100,0.481542,0.413164
32200,0.476263,0.412929
32300,0.474938,0.412523
32400,0.472295,0.412737
32500,0.480002,0.413005
32600,0.477024,0.413097
32700,0.468254,0.412561
32800,0.472404,0.412699
32900,0.479023,0.412957
33000,0.474363,0.41271
33100,0.4744,0.413256
33200,0.476734,0.413179
33300,0.479282,0.4126
33400,0.473586,0.411506
33500,0.479955,0.411761
33600,0.470715,0.411934
33700,0.478077,0.411859
33800,0.469399,0.411587
33900,0.478101,0.410595
34000,0.464948,0.410058
34100,0.448046,0.409055
34200,0.466413,0.408751
34300,0.477705,0.408558
34400,0.472639,0.406966
34500,0.477529,0.406908
34600,0.477733,0.405363
34700,0.473943,0.404031
34800,0.477209,0.402899
34900,0.465734,0.402046
35000,0.45629,0.401027
35100,0.471446,0.400041
35200,0.478957,0.39923
35300,0.477523,0.397757
35400,0.466139,0.396744
35500,0.47589,0.395318
35600,0.45931,0.395177
35700,0.468596,0.39501
35800,0.46826,0.395216
35900,0.469772,0.395041
36000,0.45854,0.394525
36100,0.470209,0.394061
36200,0.470542,0.3938
36300,0.469625,0.393211
36400,0.462577,0.392667
36500,0.4696,0.393076
36600,0.469227,0.393731
36700,0.465056,0.393922
36800,0.477797,0.394525
36900,0.471538,0.39527
37000,0.478279,0.39631
37100,0.472415,0.39716
37200,0.474768,0.398127
37300,0.467727,0.398239
37400,0.468969,0.398795
37500,0.476987,0.39872
37600,0.469421,0.398744
37700,0.473521,0.39896
37800,0.469927,0.398828
37900,0.467881,0.398764
38000,0.470366,0.398743
38100,0.476682,0.39937
38200,0.476522,0.399525
38300,0.465356,0.400299
38400,0.479785,0.401003
38500,0.4686,0.401292
38600,0.47682,0.401927
38700,0.481254,0.402841
38800,0.47861,0.403604
38900,0.466883,0.404056
39000,0.467493,0.404308
39100,0.472766,0.405662
39200,0.460802,0.406638
39300,0.467382,0.408023
39400,0.478531,0.410035
39500,0.47397,0.411914
39600,0.470613,0.413098
39700,0.484329,0.414727
39800,0.479724,0.417437
39900,0.463577,0.419605
40000,0.484021,0.421799
40100,0.472216,0.423643
40200,0.473259,0.425718
40300,0.478486,0.426953
40400,0.483517,0.428207
40500,0.483845,0.429579
40600,0.482203,0.430612
40700,0.474621,0.432252
40800,0.467695,0.434141
40900,0.487901,0.435879
41000,0.47531,0.437174
41100,0.487156,0.438963
41200,0.489051,0.440893
41300,0.49088,0.442572
41400,0.487757,0.443546
41500,0.486712,0.444178
41600,0.48475,0.444711
41700,0.490953,0.445611
41800,0.487652,0.446184
41900,0.478531,0.447295
42000,0.488008,0.448204
42100,0.485616,0.449015
42200,0.483544,0.450434
42300,0.489366,0.450907
42400,0.488175,0.452808
42500,0.480385,0.454885
42600,0.495388,0.456261
42700,0.485306,0.45901
42800,0.474894,0.461306
42900,0.48163,0.464498
43000,0.486011,0.466627
43100,0.49269,0.468654
43200,0.485238,0.470473
43300,0.482395,0.472985
43400,0.473955,0.474985
43500,0.483715,0.477603
43600,0.488134,0.479711
43700,0.484102,0.481353
43800,0.46538,0.483449
43900,0.467825,0.485088
44000,0.484241,0.486594
44100,0.49575,0.487639
44200,0.480795,0.487759
44300,0.484304,0.488038
44400,0.485025,0.487514
44500,0.493216,0.486894
44600,0.489175,0.485776
44700,0.491362,0.485347
44800,0.481367,0.484082
44900,0.483299,0.482711
45000,0.485974,0.481344
45100,0.486661,0.479929
45200,0.487239,0.477796
45300,0.492135,0.476016
45400,0.486247,0.473283
45500,0.489044,0.471578
45600,0.496815,0.471254
45700,0.492578,0.471315
45800,0.491337,0.470555
45900,0.48491,0.46946
46000,0.485251,0.469644
46100,0.467041,0.469326
46200,0.470951,0.468175
46300,0.464767,0.467427
46400,0.4767,0.466907
46500,0.475723,0.467062
46600,0.479583,0.465528
46700,0.481135,0.465056
46800,0.477761,0.463294
46900,0.472075,0.461813
47000,0.473596,0.459622
47100,0.473719,0.458795
47200,0.483656,0.457544
47300,0.490102,0.456078
47400,0.486948,0.454709
47500,0.468538,0.453033
47600,0.46645,0.451842
47700,0.468281,0.450287
47800,0.478638,0.450003
47900,0.458485,0.448938
48000,0.452238,0.447014
48100,0.456792,0.446234
48200,0.463456,0.444778
48300,0.482929,0.443717
48400,0.481856,0.441929
48500,0.479804,0.440682
48600,0.470888,0.43909
48700,0.455042,0.437773
48800,0.4513,0.437595
48900,0.485245,0.436228
49000,0.487115,0.435442
49100,0.482105,0.434677
49200,0.473185,0.435203
49300,0.472311,0.434779
49400,0.484367,0.435509
49500,0.481903,0.435482
49600,0.484255,0.435236
49700,0.483667,0.43609
49800,0.478085,0.436878
49900,0.476885,0.437631
50000,0.477404,0.438915
50100,0.473194,0.43984
50200,0.485649,0.440157
50300,0.486905,0.440722
50400,0.488734,0.442109
50500,0.493697,0.443306
50600,0.482207,0.443692
50700,0.480825,0.445243
50800,0.484312,0.446723
50900,0.480096,0.447151
51000,0.484705,0.448341
51100,0.494369,0.449468
51200,0.488563,0.449664
51300,0.484929,0.451646
51400,0.486753,0.452727
51500,0.479051,0.453292
51600,0.48172,0.454618
51700,0.468869,0.455573
51800,0.475795,0.456532
51900,0.480989,0.457017
52000,0.480131,0.457828
52100,0.47082,0.45893
52200,0.479717,0.459532
52300,0.489612,0.460243
52400,0.48921,0.461046
52500,0.471663,0.460968
52600,0.475871,0.46173
52700,0.482464,0.46283
52800,0.490869,0.463973
52900,0.478554,0.464227
53000,0.491946,0.464979
53100,0.48656,0.465589
53200,0.486805,0.465419
53300,0.487175,0.464846
53400,0.493311,0.465399
53500,0.483753,0.465906
53600,0.494334,0.4668
53700,0.494632,0.467324
53800,0.480154,0.467266
53900,0.482142,0.467968
54000,0.496109,0.468027
54100,0.485033,0.46766
54200,0.480676,0.467026
54300,0.485969,0.46717
54400,0.489391,0.466234
54500,0.48771,0.465853
54600,0.484695,0.465773
54700,0.476592,0.465058
54800,0.485747,0.464252
54900,0.478987,0.463754
55000,0.474535,0.463774
55100,0.484947,0.464906
55200,0.470262,0.465954
55300,0.487358,0.466198
55400,0.48578,0.466878
55500,0.484725,0.466719
55600,0.490492,0.468048
55700,0.48875,0.469751
55800,0.489072,0.470866
55900,0.491958,0.471772
56000,0.485861,0.47218
56100,0.486634,0.472761
56200,0.490902,0.473425
56300,0.492882,0.473349
56400,0.48115,0.473719
56500,0.478151,0.473799
56600,0.477777,0.473853
56700,0.490855,0.473949
56800,0.481336,0.473082
56900,0.483373,0.471404
57000,0.48181,0.470489
57100,0.477884,0.469547
57200,0.491199,0.469118
57300,0.475747,0.467789
57400,0.473311,0.466956
57500,0.478536,0.466064
57600,0.469338,0.465531
57700,0.472033,0.464157
57800,0.474242,0.463243
57900,0.47599,0.461605
58000,0.462702,0.460196
58100,0.470974,0.458286
58200,0.483281,0.457257
58300,0.493528,0.456052
58400,0.485886,0.455401
58500,0.493906,0.45352
58600,0.49435,0.452618
58700,0.48035,0.451668
58800,0.484553,0.450302
58900,0.473513,0.449069
59000,0.463078,0.447421
59100,0.477027,0.445815
59200,0.462688,0.44422
59300,0.464124,0.442536
59400,0.466454,0.440646
59500,0.475181,0.439377
59600,0.483987,0.439297
59700,0.472194,0.438179
59800,0.480409,0.437999
59900,0.472404,0.437775
60000,0.479444,0.436945
60100,0.459273,0.435802
60200,0.468688,0.434421
60300,0.465529,0.433532
60400,0.486621,0.43309
60500,0.47424,0.432447
60600,0.486124,0.431887
60700,0.485583,0.430422
60800,0.475768,0.429728
60900,0.478498,0.430752
61000,0.48595,0.431423
61100,0.477537,0.430866
61200,0.48166,0.431104
61300,0.477262,0.431325
61400,0.465265,0.432019
61500,0.479231,0.432306
61600,0.485426,0.432247
61700,0.48206,0.433118
61800,0.483073,0.433864
61900,0.489368,0.433483
62000,0.474445,0.434222
62100,0.487175,0.434082
62200,0.467363,0.434206
62300,0.486997,0.434484
62400,0.484528,0.434364
62500,0.484471,0.434046
62600,0.475581,0.433105
62700,0.480881,0.433219
62800,0.480793,0.432932
62900,0.479062,0.432243
63000,0.484229,0.43199
63100,0.473339,0.431885
63200,0.485092,0.431517
63300,0.488936,0.431526
63400,0.480454,0.431177
63500,0.476138,0.431071
63600,0.481446,0.431477
63700,0.480889,0.431848
63800,0.471581,0.432363
63900,0.479329,0.432195
64000,0.480087,0.43338
64100,0.488417,0.434248
64200,0.487863,0.434559
64300,0.487228,0.434675
64400,0.472673,0.435641
64500,0.479488,0.435631
64600,0.484522,0.435895
64700,0.488318,0.435952
64800,0.485788,0.436661
64900,0.486639,0.436933
65000,0.49026,0.436423
65100,0.482282,0.437248
65200,0.480165,0.437186
65300,0.474685,0.43747
65400,0.490044,0.437544
65500,0.487087,0.437844
65600,0.48098,0.437039
65700,0.483063,0.437481
65800,0.478608,0.437961
65900,0.480015,0.438791
66000,0.479328,0.439534
66100,0.486812,0.440186
66200,0.48154,0.441958
66300,0.488172,0.444146
66400,0.487128,0.447188
66500,0.483133,0.449871
66600,0.480664,0.452641
66700,0.478215,0.455688
66800,0.491038,0.458402
66900,0.481425,0.460316
67000,0.482642,0.462245
67100,0.490508,0.463893
67200,0.485504,0.464522
67300,0.478395,0.466249
67400,0.483884,0.467591
67500,0.484972,0.468205
67600,0.488043,0.469529
67700,0.488494,0.470943
67800,0.480103,0.472702
67900,0.492641,0.473761
68000,0.493294,0.474383
68100,0.492855,0.474754
68200,0.49686,0.474628
68300,0.489728,0.47381
68400,0.492006,0.474358
68500,0.485614,0.473802
68600,0.486725,0.47273
68700,0.496036,0.471669
68800,0.490193,0.471301
68900,0.480377,0.470514
69000,0.497429,0.470535
69100,0.480595,0.470045
69200,0.480971,0.4697
69300,0.48647,0.470023
69400,0.477593,0.469893
69500,0.490815,0.470031
69600,0.481755,0.47085
69700,0.476445,0.471728
69800,0.474258,0.472924
69900,0.493136,0.473775
70000,0.490661,0.47358
70100,0.489176,0.473646
70200,0.494953,0.473193
70300,0.492135,0.473361
70400,0.489107,0.473742
70500,0.488432,0.473591
70600,0.495307,0.472929
70700,0.466794,0.473648
70800,0.460767,0.473537
70900,0.479047,0.473768
71000,0.463413,0.474596
71100,0.47442,0.475008
71200,0.484763,0.474949
71300,0.494301,0.475172
71400,0.482902,0.475093
71500,0.485813,0.475076
71600,0.490354,0.475815
71700,0.491896,0.477571
71800,0.497861,0.478675
71900,0.48442,0.479778
72000,0.488833,0.480816
72100,0.482506,0.481127
72200,0.493792,0.482129
72300,0.486822,0.482186
72400,0.489489,0.482653
72500,0.485402,0.482006
72600,0.487184,0.481497
72700,0.493256,0.481251
72800,0.479516,0.479402
72900,0.487283,0.477356
73000,0.490487,0.475528
73100,0.494459,0.474105
73200,0.489936,0.472874
73300,0.487313,0.470448
73400,0.49076,0.468437
73500,0.488694,0.466255
73600,0.48019,0.464748
73700,0.480205,0.46342
73800,0.472362,0.463314
73900,0.474922,0.462633
74000,0.469683,0.461342
74100,0.466186,0.461285
74200,0.463007,0.461324
74300,0.470591,0.461798
74400,0.473966,0.462435
74500,0.493405,0.46293
74600,0.474606,0.462743
74700,0.494011,0.462572
74800,0.490765,0.462455
74900,0.488841,0.462239
75000,0.487478,0.46315
75100,0.490904,0.463417
75200,0.484157,0.463834
75300,0.483742,0.465734
75400,0.477948,0.466507
75500,0.485814,0.466721
75600,0.482216,0.467336
75700,0.489568,0.468413
75800,0.491953,0.469694
75900,0.488945,0.470227
76000,0.48969,0.470899
76100,0.492938,0.472104
76200,0.487797,0.472658
76300,0.485959,0.47405
76400,0.482534,0.475492
76500,0.489436,0.477574
76600,0.470122,0.479203
76700,0.492614,0.481209
76800,0.494686,0.483386
76900,0.495276,0.485923
77000,0.488913,0.48771
77100,0.489069,0.489888
77200,0.48846,0.491917
77300,0.496105,0.493374
77400,0.491499,0.494445
77500,0.496561,0.495216
77600,0.476021,0.496772
77700,0.492188,0.498301
77800,0.497204,0.498739
77900,0.495546,0.498513
78000,0.478359,0.49918
78100,0.492472,0.499681
78200,0.49461,0.50007
78300,0.497044,0.499373
78400,0.488703,0.499063
78500,0.478271,0.497959
78600,0.491341,0.496925
78700,0.479002,0.496144
78800,0.477322,0.495032
78900,0.476128,0.494386
79000,0.480616,0.493806
79100,0.473911,0.493802
79200,0.483865,0.493406
79300,0.484007,0.49338
79400,0.48637,0.492794
79500,0.484981,0.493019
79600,0.492418,0.492938
79700,0.497858,0.492947
79800,0.494547,0.492252
79900,0.484099,0.49234
80000,0.497647,0.491754
80100,0.492123,0.491204
80200,0.49027,0.49111
80300,0.477651,0.490938
80400,0.491773,0.491583
80500,0.48409,0.492759
80600,0.486876,0.494211
80700,0.491626,0.494638
80800,0.483294,0.494407
80900,0.487557,0.494508
81000,0.488243,0.495125
81100,0.485604,0.495185
81200,0.487403,0.495524
81300,0.492697,0.495069
81400,0.488553,0.49438
81500,0.487136,0.493827
81600,0.490722,0.493082
81700,0.491668,0.49257
81800,0.4909,0.492342
81900,0.487066,0.491733
82000,0.486412,0.491271
82100,0.486971,0.490395
82200,0.48996,0.489948
82300,0.486338,0.48894
82400,0.48445,0.487465
82500,0.494061,0.486046
82600,0.488424,0.484635
82700,0.494905,0.48321
82800,0.49626,0.481843
82900,0.489253,0.480733
83000,0.492247,0.479652
83100,0.48907,0.478449
83200,0.474257,0.477158
83300,0.473355,0.477145
83400,0.487038,0.477017
83500,0.477049,0.475767
83600,0.480044,0.474736
83700,0.492761,0.474489
83800,0.491624,0.474001
83900,0.489143,0.47362
84000,0.493943,0.4731
84100,0.491756,0.47367
84200,0.495122,0.473201
84300,0.493838,0.473441
84400,0.487664,0.473365
84500,0.486278,0.473531
84600,0.488566,0.473967
84700,0.472724,0.474531
84800,0.487602,0.474661
84900,0.489434,0.474176
85000,0.481823,0.473959
85100,0.492378,0.473617
85200,0.475384,0.474274
85300,0.485082,0.474721
85400,0.482039,0.474902
85500,0.472968,0.47585
85600,0.491465,0.476696
85700,0.494691,0.476539
85800,0.493503,0.477434
85900,0.491578,0.478272
86000,0.495486,0.478204
86100,0.495372,0.477244
86200,0.487334,0.478005
86300,0.489563,0.478177
86400,0.48745,0.479459
86500,0.468362,0.48037
86600,0.491295,0.481344
86700,0.477651,0.482392
86800,0.47611,0.482925
86900,0.471605,0.483567
87000,0.492039,0.483489
87100,0.498344,0.483177
87200,0.482408,0.482631
87300,0.491799,0.48189
87400,0.495672,0.48151
87500,0.493749,0.482055
87600,0.488986,0.481379
87700,0.494445,0.481322
87800,0.487806,0.481441
87900,0.480095,0.480614
88000,0.482057,0.479985
88100,0.482141,0.479889
88200,0.485065,0.480814
88300,0.482812,0.480436
88400,0.497063,0.480217
88500,0.494421,0.480846
88600,0.489495,0.480895
88700,0.49214,0.480729
88800,0.48318,0.480897
88900,0.479846,0.48184
89000,0.476636,0.482046
89100,0.466811,0.483257
89200,0.489119,0.484723
89300,0.488143,0.486539
89400,0.484445,0.489129
89500,0.470612,0.491009
89600,0.476035,0.493652
89700,0.485702,0.496257
89800,0.49626,0.49821
89900,0.481687,0.500141
90000,0.482936,0.502611
90100,0.491583,0.504446
90200,0.489972,0.506906
90300,0.487846,0.510268
90400,0.48317,0.513159
90500,0.492691,0.516475
90600,0.487689,0.520351
90700,0.485007,0.524074
90800,0.481921,0.526898
90900,0.487688,0.530275
91000,0.481253,0.533325
91100,0.488005,0.536078
91200,0.488184,0.538209
91300,0.489399,0.54065
91400,0.479345,0.542398
91500,0.468486,0.544075
91600,0.482247,0.544662
91700,0.484627,0.545277
91800,0.481195,0.546485
91900,0.488364,0.54715
92000,0.48413,0.546958
92100,0.473157,0.54636
92200,0.4903,0.546331
92300,0.484259,0.546494
92400,0.465992,0.546128
92500,0.484134,0.545885
92600,0.48554,0.546017
92700,0.489934,0.545056
92800,0.485117,0.544345
92900,0.481772,0.542671
93000,0.4906,0.54194
93100,0.489444,0.541834
93200,0.488263,0.542004
93300,0.484525,0.542762
93400,0.485836,0.542423
93500,0.483187,0.542836
93600,0.495364,0.543544
93700,0.488371,0.544268
93800,0.489119,0.54493
93900,0.490525,0.545459
94000,0.478849,0.545718
94100,0.476567,0.547576
94200,0.484165,0.548842
94300,0.492264,0.55112
94400,0.47458,0.552342
94500,0.479946,0.553809
94600,0.476752,0.555864
94700,0.487778,0.557394
94800,0.477188,0.559347
94900,0.480702,0.561341
95000,0.483642,0.562923
95100,0.484426,0.564008
95200,0.48649,0.565062
95300,0.476088,0.565605
95400,0.486476,0.566578
95500,0.484292,0.567925
95600,0.473846,0.568796
95700,0.475434,0.569246
95800,0.477655,0.570307
95900,0.482302,0.570351
96000,0.484892,0.570208
96100,0.479069,0.570013
96200,0.47535,0.569493
96300,0.479399,0.569683
96400,0.477068,0.569115
96500,0.468979,0.569087
96600,0.483405,0.568475
96700,0.480401,0.567101
96800,0.486081,0.565817
96900,0.483859,0.564857
97000,0.468377,0.564024
97100,0.465857,0.56341
97200,0.486064,0.562328
97300,0.475491,0.561713
97400,0.486482,0.561656
97500,0.482432,0.561927
97600,0.484306,0.562327
97700,0.480786,0.562721
97800,0.475733,0.563083
97900,0.479154,0.563917
98000,0.486516,0.564917
98100,0.477074,0.565248
98200,0.479199,0.56611
98300,0.484874,0.566618
98400,0.481984,0.567921
98500,0.478055,0.569143
98600,0.483298,0.569307
98700,0.488701,0.569558
98800,0.486138,0.569836
98900,0.482338,0.570957
99000,0.478518,0.571351
99100,0.473323,0.572847
99200,0.476336,0.573838
99300,0.483718,0.576001
99400,0.483961,0.578126
99500,0.481718,0.579144
99600,0.481332,0.58096
99700,0.475168,0.58255
99800,0.472161,0.583741
99900,0.478214,0.58546
