0,0.499999,0.500017
100,0.490567,0.499576
200,0.49597,0.499606
300,0.495287,0.49966
400,0.496374,0.499853
500,0.493615,0.499762
600,0.499649,0.499458
700,0.485607,0.499446
800,0.496588,0.500205
900,0.49496,0.499909
1000,0.489562,0.500605
1100,0.475375,0.501147
1200,0.492623,0.501735
1300,0.492694,0.502269
1400,0.497049,0.502585
1500,0.484099,0.502305
1600,0.477161,0.501863
1700,0.483128,0.50238
1800,0.49121,0.502253
1900,0.494152,0.502049
2000,0.48393,0.501761
2100,0.48346,0.502396
2200,0.489851,0.502187
2300,0.490596,0.502151
2400,0.485523,0.501587
2500,0.489012,0.501693
2600,0.48724,0.50141
2700,0.488812,0.501031
2800,0.475792,0.500759
2900,0.487021,0.500104
3000,0.476549,0.49952
3100,0.493693,0.500171
3200,0.491094,0.500112
3300,0.47769,0.50074
3400,0.48573,0.50077
3500,0.49376,0.50007
3600,0.492322,0.499788
3700,0.480387,0.500063
3800,0.474466,0.500718
3900,0.468224,0.500758
4000,0.481372,0.499596
4100,0.474465,0.498613
4200,0.447002,0.496752
4300,0.447147,0.494725
4400,0.464555,0.49244
4500,0.47611,0.489145
4600,0.462889,0.485558
4700,0.454394,0.481014
4800,0.450386,0.476348
4900,0.460624,0.470712
5000,0.457325,0.464403
5100,0.463413,0.458475
5200,0.459844,0.451987
5300,0.466491,0.445181
5400,0.469671,0.437973
5500,0.465997,0.430188
5600,0.466215,0.422461
5700,0.461067,0.415206
5800,0.452176,0.407307
5900,0.45026,0.399488
6000,0.443301,0.391203
6100,0.437477,0.383459
6200,0.42724,0.375213
6300,0.404506,0.367583
6400,0.407333,0.359526
6500,0.405263,0.351927
6600,0.408867,0.34457
6700,0.402807,0.337178
6800,0.408221,0.33058
6900,0.407472,0.323685
7000,0.407591,0.316811
7100,0.407791,0.310661
7200,0.407046,0.304893
7300,0.414991,0.299609
7400,0.408809,0.294569
7500,0.396986,0.289668
7600,0.392968,0.284925
7700,0.397848,0.280375
7800,0.369807,0.276889
7900,0.374531,0.273233
8000,0.365093,0.270491
8100,0.375266,0.267848
8200,0.36417,0.26586
8300,0.363629,0.264447
8400,0.361792,0.263044
8500,0.35547,0.261881
8600,0.374554,0.260545
8700,0.374055,0.260289
8800,0.375689,0.259111
8900,0.375077,0.258377
9000,0.364195,0.257166
9100,0.378158,0.257262
9200,0.384614,0.257132
9300,0.37277,0.257054
9400,0.363284,0.257388
9500,0.366679,0.257758
9600,0.366965,0.25799
9700,0.367441,0.258195
9800,0.367942,0.258648
9900,0.37289,0.258194
10000,0.377085,0.258371
10100,0.373269,0.257216
10200,0.359574,0.257271
10300,0.351911,0.257075
10400,0.343328,0.256545
10500,0.346301,0.255627
10600,0.337972,0.255431
10700,0.338771,0.254699
10800,0.334776,0.25498
10900,0.334779,0.254767
11000,0.32804,0.254023
11100,0.319165,0.252984
11200,0.316862,0.252148
11300,0.324609,0.251214
11400,0.329125,0.250114
11500,0.329983,0.248852
11600,0.33112,0.246502
11700,0.32364,0.244085
11800,0.326551,0.240758
11900,0.314587,0.237431
12000,0.310609,0.23339
12100,0.304085,0.229137
12200,0.303591,0.224545
12300,0.296135,0.219831
12400,0.29022,0.214391
12500,0.289994,0.208907
12600,0.273302,0.202968
12700,0.271561,0.197037
12800,0.258593,0.190416
12900,0.251919,0.183148
13000,0.246123,0.176952
13100,0.24488,0.170519
13200,0.247467,0.164405
13300,0.238947,0.158077
13400,0.232347,0.152117
13500,0.224192,0.146271
13600,0.231527,0.140769
13700,0.235077,0.135663
13800,0.215649,0.130129
13900,0.204134,0.126214
14000,0.206845,0.122491
14100,0.197725,0.119459
14200,0.189845,0.116689
14300,0.1904,0.114565
14400,0.184798,0.113014
14500,0.178689,0.111577
14600,0.172246,0.110701
14700,0.171969,0.110052
14800,0.17383,0.108779
14900,0.178297,0.107699
15000,0.187813,0.106618
15100,0.170469,0.10557
15200,0.172839,0.104501
15300,0.174881,0.10329
15400,0.164948,0.102349
15500,0.163743,0.101316
15600,0.161428,0.100539
15700,0.159596,0.0994098
15800,0.157882,0.0990328
15900,0.157092,0.0983516
16000,0.154942,0.0972239
16100,0.155452,0.0965875
16200,0.151842,0.0955545
16300,0.15355,0.0940078
16400,0.150549,0.0922393
16500,0.14577,0.0904632
16600,0.139009,0.0884027
16700,0.13589,0.0858711
16800,0.133538,0.0840252
16900,0.131793,0.0822533
17000,0.128486,0.079961
17100,0.124501,0.078124
17200,0.12463,0.0759409
17300,0.118349,0.0739817
17400,0.115155,0.0723612
17500,0.112882,0.0708632
17600,0.112952,0.069413
17700,0.11266,0.068394
17800,0.108428,0.066671
17900,0.106952,0.065376
18000,0.104494,0.0642241
18100,0.10217,0.0627146
18200,0.0973616,0.0610529
18300,0.0941885,0.0591107
18400,0.0908205,0.0569632
18500,0.0882049,0.0549593
18600,0.0856396,0.0533597
18700,0.0822509,0.0516434
18800,0.0828147,0.0502406
18900,0.0773683,0.048287
19000,0.07345,0.0467816
19100,0.0704921,0.045149
19200,0.0694512,0.0435208
19300,0.0674435,0.0421375
19400,0.0681903,0.0404954
19500,0.0635381,0.0388758
19600,0.0607616,0.0372986
19700,0.0582877,0.0359175
19800,0.0544966,0.0341814
19900,0.0518051,0.0323652
20000,0.0502734,0.0307317
20100,0.0471818,0.0294477
20200,0.0454864,0.0278923
20300,0.0430971,0.0263924
20400,0.0403579,0.0250733
20500,0.0386375,0.0236228
20600,0.0361971,0.0222526
20700,0.0338269,0.0208545
20800,0.031419,0.0196377
20900,0.030001,0.0185577
21000,0.0293641,0.0175716
21100,0.0284811,0.0167756
21200,0.0273096,0.0159229
21300,0.0269717,0.0149973
21400,0.0261362,0.0142277
21500,0.0240354,0.013628
21600,0.026287,0.0130121
21700,0.0249321,0.0124864
21800,0.0226665,0.0119667
21900,0.0212188,0.0116127
22000,0.0216617,0.0114628
22100,0.0205228,0.0112155
22200,0.0208462,0.0109944
22300,0.0207308,0.0109715
22400,0.0209101,0.0109005
22500,0.0205093,0.0109099
22600,0.0281722,0.0108703
22700,0.0210036,0.0109419
22800,0.0205981,0.0110567
22900,0.019878,0.0112228
23000,0.0190143,0.0113835
23100,0.0199621,0.0116818
23200,0.0206835,0.0119291
23300,0.0209483,0.0121767
23400,0.0215231,0.0122783
23500,0.0212022,0.0125558
23600,0.0216394,0.0126734
23700,0.0215545,0.0125572
23800,0.0216456,0.0125546
23900,0.0204089,0.0123858
24000,0.0200926,0.0121628
24100,0.020675,0.0120191
24200,0.01959,0.0116113
24300,0.0197738,0.0113069
24400,0.0189063,0.0109948
24500,0.0188539,0.0106395
24600,0.0190695,0.0104767
24700,0.019434,0.0102285
24800,0.0174663,0.00981048
24900,0.0167657,0.00962271
25000,0.0165926,0.00935174
25100,0.0147809,0.00910265
25200,0.0147219,0.00891613
25300,0.0141013,0.00860059
25400,0.0131907,0.00829246
25500,0.012797,0.00797644
25600,0.0121837,0.00772405
25700,0.0118146,0.00740846
25800,0.011106,0.00701667
25900,0.0106669,0.00672373
26000,0.0104064,0.00646158
26100,0.00973493,0.00607944
26200,0.00942815,0.00578861
26300,0.00850615,0.00534626
26400,0.00846398,0.00501646
26500,0.00817718,0.00465302
26600,0.0072055,0.00433797
26700,0.00679089,0.00398719
26800,0.00579205,0.00362762
26900,0.00539666,0.00337692
27000,0.00497491,0.00306153
27100,0.00456641,0.00280176
27200,0.00412734,0.00254576
27300,0.00388368,0.00229523
27400,0.00327243,0.00203022
27500,0.00291591,0.00180866
27600,0.00256644,0.00159973
27700,0.00225451,0.00140751
27800,0.0020371,0.00121931
27900,0.0017932,0.00106652
28000,0.00150427,0.000921286
28100,0.00139619,0.000830916
28200,0.00128869,0.000760931
28300,0.00126611,0.000738619
28400,0.00128802,0.000758439
28500,0.00126783,0.00073859
28600,0.00121461,0.00073557
28700,0.00115866,0.000705604
28800,0.0011233,0.00064023
28900,0.00111821,0.00061225
29000,0.00130031,0.000617153
29100,0.00565772,0.000604289
29200,0.00376077,0.000581307
29300,0.00192105,0.000570237
29400,0.00128374,0.000550598
29500,0.00130682,0.000546841
29600,0.00173499,0.000556363
29700,0.00144802,0.00057002
29800,0.00136589,0.000616974
29900,0.00142107,0.000656593
30000,0.00139899,0.000719065
30100,0.0014748,0.00077343
30200,0.00156986,0.000857303
30300,0.00163811,0.000922951
30400,0.00180178,0.00103152
30500,0.00183961,0.00107696
30600,0.00202044,0.00114001
30700,0.00230674,0.0012062
30800,0.00214924,0.0012392
30900,0.00222356,0.00130217
31000,0.00232091,0.00133512
31100,0.00235307,0.00138806
31200,0.0023787,0.00141665
31300,0.00233651,0.00146524
31400,0.00241565,0.00148655
31500,0.00226375,0.00143395
31600,0.0021897,0.00137703
31700,0.00215917,0.00134263
31800,0.00215101,0.00136335
31900,0.00202813,0.00134295
32000,0.00199744,0.00130965
32100,0.00184047,0.00119732
32200,0.00182704,0.00115198
32300,0.00163403,0.00103496
32400,0.00154338,0.00097221
32500,0.00144413,0.000903452
32600,0.00138025,0.000883827
32700,0.00125486,0.000827137
32800,0.00113313,0.000735843
32900,0.000959467,0.000621959
33000,0.000864871,0.000547355
33100,0.000778453,0.000484203
33200,0.000749898,0.000426041
33300,0.000965197,0.000359108
33400,0.00136181,0.000337804
33500,0.00197933,0.000302689
33600,0.00296684,0.000342138
33700,0.00155102,0.000332779
33800,0.00186592,0.00038106
33900,0.00190546,0.000456623
34000,0.0027681,0.000582023
34100,0.00242931,0.000715197
34200,0.00277868,0.0009029
34300,0.00256697,0.00106032
34400,0.00285115,0.00125176
34500,0.00344901,0.00152522
34600,0.00373785,0.00178802
34700,0.00402009,0.00201057
34800,0.00438976,0.0022198
34900,0.00471261,0.00240967
35000,0.0048557,0.00260132
35100,0.00505248,0.0027295
35200,0.00491701,0.00282447
35300,0.00500657,0.00292298
35400,0.00498282,0.00304433
35500,0.00522283,0.00316258
35600,0.00562927,0.00330328
35700,0.00612668,0.00353669
35800,0.0064469,0.00364453
35900,0.00641422,0.00373065
36000,0.00657386,0.00383258
36100,0.00775918,0.00386962
36200,0.00740529,0.00396512
36300,0.00767182,0.00398178
36400,0.00755602,0.0039799
36500,0.00713273,0.00394444
36600,0.0071345,0.00386217
36700,0.00688568,0.00381139
36800,0.00685251,0.00382778
36900,0.00658804,0.0037903
37000,0.0065962,0.00384958
37100,0.00684537,0.00392941
37200,0.007002,0.00392618
37300,0.00635052,0.00379353
37400,0.00617805,0.00367161
37500,0.00597406,0.00357864
37600,0.00580757,0.00348053
37700,0.00566754,0.00340991
37800,0.00547581,0.00324569
37900,0.00521031,0.00314819
38000,0.00501073,0.00304659
38100,0.00467256,0.0029166
38200,0.00456239,0.00278524
38300,0.00436072,0.00266854
38400,0.00442367,0.00261215
38500,0.00438061,0.00257041
38600,0.00407033,0.00246851
38700,0.00384751,0.00242118
38800,0.00378017,0.0023193
38900,0.00345077,0.00213676
39000,0.00319966,0.0019667
39100,0.00281746,0.00174257
39200,0.00253691,0.00158202
39300,0.00234571,0.00146792
39400,0.0022039,0.0013944
39500,0.00202349,0.00127566
39600,0.00172662,0.00108989
39700,0.00151358,0.000945749
39800,0.00126285,0.000814248
39900,0.00118368,0.000751207
40000,0.00104111,0.000688492
40100,0.000923071,0.000610405
40200,0.000800615,0.0005214
40300,0.00070493,0.000461383
40400,0.000663179,0.000429486
40500,0.000581015,0.000379906
40600,0.000488478,0.000314702
40700,0.000356557,0.000229399
40800,0.00028539,0.000184267
40900,0.000239279,0.000153417
41000,0.000181465,0.000114943
41100,0.000158537,9.93268e-05
41200,9.95606e-05,6.33047e-05
41300,6.57897e-05,4.26698e-05
41400,5.18642e-05,3.30808e-05
41500,3.02092e-05,1.90478e-05
41600,3.07725e-05,1.9592e-05
41700,2.27485e-05,1.46477e-05
41800,1.36586e-05,8.6032e-06
41900,8.20295e-06,5.1333e-06
42000,4.29888e-06,2.78955e-06
42100,2.47913e-06,1.59091e-06
42200,9.8444e-07,6.34706e-07
42300,3.78945e-07,2.40275e-07
42400,0,0
42500,0,0
42600,0,0
42700,0,0
42800,0,0
42900,0,0
43000,0,0
43100,0,0
43200,0,0
43300,0,0
43400,0,0
43500,0,0
43600,0,0
43700,0,0
43800,0,0
43900,0,0
44000,0,0
44100,0,0
44200,0,0
44300,0,0
44400,0,0
44500,0,0
44600,0,0
44700,0,0
44800,0,0
44900,0,0
45000,0,0
45100,0,0
45200,0,0
45300,0,0
45400,0,0
45500,0,0
45600,0,0
45700,0,0
45800,0,0
45900,0,0
46000,0,0
46100,0,0
46200,0,0
46300,0,0
46400,0,0
46500,0,0
46600,0,0
46700,0,0
46800,0,0
46900,0,0
47000,0,0
47100,0,0
47200,0,0
47300,0,0
47400,0,0
47500,0,0
47600,0,0
47700,0,0
47800,0,0
47900,0,0
48000,0,0
48100,0,0
48200,0,0
48300,0,0
48400,0,0
48500,0,0
48600,0,0
48700,0,0
48800,0,0
48900,0,0
49000,0,0
49100,0,0
49200,0,0
49300,0,0
49400,0,0
49500,0,0
49600,0,0
49700,0,0
49800,0,0
49900,0,0
50000,0,0
50100,0,0
50200,0,0
50300,0,0
50400,0,0
50500,0,0
50600,0,0
50700,0,0
50800,0,0
50900,0,0
51000,0,0
51100,0,0
51200,0,0
51300,0,0
51400,0,0
51500,0,0
51600,0,0
51700,0,0
51800,0,0
51900,0,0
52000,0,0
52100,0,0
52200,0,0
52300,0,0
52400,0,0
52500,0,0
52600,0,0
52700,0,0
52800,0,0
52900,0,0
53000,0,0
53100,0,0
53200,0,0
53300,0,0
53400,0,0
53500,0,0
53600,0,0
53700,0,0
53800,0,0
53900,0,0
54000,0,0
54100,0,0
54200,0,0
54300,0,0
54400,0,0
54500,0,0
54600,0,0
54700,0,0
54800,0,0
54900,0,0
55000,0,0
55100,0,0
55200,0,0
55300,0,0
55400,0,0
55500,0,0
55600,0,0
55700,0,0
55800,0,0
55900,0,0
56000,0,0
56100,0,0
56200,0,0
56300,0,0
56400,0,0
56500,0,0
56600,0,0
56700,0,0
56800,0,0
56900,0,0
57000,0,0
57100,0,0
57200,0,0
57300,0,0
57400,0,0
57500,0,0
57600,0,0
57700,0,0
57800,0,0
57900,0,0
58000,0,0
58100,0,0
58200,0,0
58300,0,0
58400,0,0
58500,0,0
58600,0,0
58700,0,0
58800,0,0
58900,0,0
59000,0,0
59100,0,0
59200,0,0
59300,0,0
59400,0,0
59500,0,0
59600,0,0
59700,0,0
59800,0,0
59900,0,0
60000,0,0
60100,0,0
60200,0,0
60300,0,0
60400,0,0
60500,0,0
60600,0,0
60700,0,0
60800,0,0
60900,0,0
61000,0,0
61100,0,0
61200,0,0
61300,0,0
61400,0,0
61500,0,0
61600,0,0
61700,0,0
61800,0,0
61900,0,0
62000,0,0
62100,0,0
62200,0,0
62300,0,0
62400,0,0
62500,0,0
62600,0,0
62700,0,0
62800,0,0
62900,0,0
63000,0,0
63100,0,0
63200,0,0
63300,0,0
63400,0,0
63500,0,0
63600,0,0
63700,0,0
63800,0,0
63900,0,0
64000,0,0
64100,0,0
64200,0,0
64300,0,0
64400,0,0
64500,0,0
64600,0,0
64700,0,0
64800,0,0
64900,0,0
65000,0,0
65100,0,0
65200,0,0
65300,0,0
65400,0,0
65500,0,0
65600,0,0
65700,0,0
65800,0,0
65900,0,0
66000,0,0
66100,0,0
66200,0,0
66300,0,0
66400,0,0
66500,0,0
66600,0,0
66700,0,0
66800,0,0
66900,0,0
67000,0,0
67100,0,0
67200,0,0
67300,0,0
67400,0,0
67500,0,0
67600,0,0
67700,0,0
67800,0,0
67900,0,0
68000,0,0
68100,0,0
68200,0,0
68300,0,0
68400,0,0
68500,0,0
68600,0,0
68700,0,0
68800,0,0
68900,0,0
69000,0,0
69100,0,0
69200,0,0
69300,0,0
69400,0,0
69500,0,0
69600,0,0
69700,0,0
69800,0,0
69900,0,0
70000,0,0
70100,0,0
70200,0,0
70300,0,0
70400,0,0
70500,0,0
70600,0,0
70700,0,0
70800,0,0
70900,0,0
71000,0,0
71100,0,0
71200,0,0
71300,0,0
71400,0,0
71500,0,0
71600,0,0
71700,0,0
71800,0,0
71900,0,0
72000,0,0
72100,0,0
72200,0,0
72300,0,0
72400,0,0
72500,0,0
72600,0,0
72700,0,0
72800,0,0
72900,0,0
73000,0,0
73100,0,0
73200,0,0
73300,0,0
73400,0,0
73500,0,0
73600,0,0
73700,0,0
73800,0,0
73900,0,0
74000,0,0
74100,0,0
74200,0,0
74300,0,0
74400,0,0
74500,0,0
74600,0,0
74700,0,0
74800,0,0
74900,0,0
75000,0,0
75100,0,0
75200,0,0
75300,0,0
75400,0,0
75500,0,0
75600,0,0
75700,0,0
75800,0,0
75900,0,0
76000,0,0
76100,0,0
76200,0,0
76300,0,0
76400,0,0
76500,0,0
76600,0,0
76700,0,0
76800,0,0
76900,0,0
77000,0,0
77100,0,0
77200,0,0
77300,0,0
77400,0,0
77500,0,0
77600,0,0
77700,0,0
77800,0,0
77900,0,0
78000,0,0
78100,0,0
78200,0,0
78300,0,0
78400,0,0
78500,0,0
78600,0,0
78700,0,0
78800,0,0
78900,0,0
79000,0,0
79100,0,0
79200,0,0
79300,0,0
79400,0,0
79500,0,0
79600,0,0
79700,0,0
79800,0,0
79900,0,0
80000,0,0
80100,0,0
80200,0,0
80300,0,0
80400,0,0
80500,0,0
80600,0,0
80700,0,0
80800,0,0
80900,0,0
81000,0,0
81100,0,0
81200,0,0
81300,0,0
81400,0,0
81500,0,0
81600,0,0
81700,0,0
81800,0,0
81900,0,0
82000,0,0
82100,0,0
82200,0,0
82300,0,0
82400,0,0
82500,0,0
82600,0,0
82700,0,0
82800,0,0
82900,0,0
83000,0,0
83100,0,0
83200,0,0
83300,0,0
83400,0,0
83500,0,0
83600,0,0
83700,0,0
83800,0,0
83900,0,0
84000,0,0
84100,0,0
84200,0,0
84300,0,0
84400,0,0
84500,0,0
84600,0,0
84700,0,0
84800,0,0
84900,0,0
85000,0,0
85100,0,0
85200,0,0
85300,0,0
85400,0,0
85500,0,0
85600,0,0
85700,0,0
85800,0,0
85900,0,0
86000,0,0
86100,0,0
86200,0,0
86300,0,0
86400,0,0
86500,0,0
86600,0,0
86700,0,0
86800,0,0
86900,0,0
87000,0,0
87100,0,0
87200,0,0
87300,0,0
87400,0,0
87500,0,0
87600,0,0
87700,0,0
87800,0,0
87900,0,0
88000,0,0
88100,0,0
88200,0,0
88300,0,0
88400,0,0
88500,0,0
88600,0,0
88700,0,0
88800,0,0
88900,0,0
89000,0,0
89100,0,0
89200,0,0
89300,0,0
89400,0,0
89500,0,0
89600,0,0
89700,0,0
89800,0,0
89900,0,0
90000,0,0
90100,0,0
90200,0,0
90300,0,0
90400,0,0
90500,0,0
90600,0,0
90700,0,0
90800,0,0
90900,0,0
91000,0,0
91100,0,0
91200,0,0
91300,0,0
91400,0,0
91500,0,0
91600,0,0
91700,0,0
91800,0,0
91900,0,0
92000,0,0
92100,0,0
92200,0,0
92300,0,0
92400,0,0
92500,0,0
92600,0,0
92700,0,0
92800,0,0
92900,0,0
93000,0,0
93100,0,0
93200,0,0
93300,0,0
93400,0,0
93500,0,0
93600,0,0
93700,0,0
93800,0,0
93900,0,0
94000,0,0
94100,0,0
94200,0,0
94300,0,0
94400,0,0
94500,0,0
94600,0,0
94700,0,0
94800,0,0
94900,0,0
95000,0,0
95100,0,0
95200,0,0
95300,0,0
95400,0,0
95500,0,0
95600,0,0
95700,0,0
95800,0,0
95900,0,0
96000,0,0
96100,0,0
96200,0,0
96300,0,0
96400,0,0
96500,0,0
96600,0,0
96700,0,0
96800,0,0
96900,0,0
97000,0,0
97100,0,0
97200,0,0
97300,0,0
97400,0,0
97500,0,0
97600,0,0
97700,0,0
97800,0,0
97900,0,0
98000,0,0
98100,0,0
98200,0,0
98300,0,0
98400,0,0
98500,0,0
98600,0,0
98700,0,0
98800,0,0
98900,0,0
99000,0,0
99100,0,0
99200,0,0
99300,0,0
99400,0,0
99500,0,0
99600,0,0
99700,0,0
99800,0,0
99900,0,0
