0,0.499999,0.499986
100,0.498817,0.499695
200,0.498553,0.500055
300,0.483021,0.500101
400,0.483761,0.499798
500,0.498259,0.499596
600,0.489763,0.499277
700,0.474887,0.498131
800,0.474308,0.497904
900,0.49353,0.49728
1000,0.49622,0.497501
1100,0.487392,0.4975
1200,0.493324,0.497272
1300,0.490272,0.497223
1400,0.477347,0.497733
1500,0.485135,0.498191
1600,0.492516,0.49852
1700,0.498057,0.498726
1800,0.490922,0.49864
1900,0.486845,0.498296
2000,0.483561,0.497998
2100,0.49832,0.497515
2200,0.489139,0.496278
2300,0.495291,0.496025
2400,0.492067,0.495253
2500,0.483148,0.495229
2600,0.487291,0.495727
2700,0.477944,0.496163
2800,0.484713,0.497467
2900,0.490832,0.498538
3000,0.490468,0.499677
3100,0.492819,0.49997
3200,0.491553,0.502036
3300,0.495286,0.503366
3400,0.498787,0.50361
3500,0.485013,0.503496
3600,0.496167,0.503987
3700,0.487867,0.505014
3800,0.491594,0.505605
3900,0.495693,0.507165
4000,0.48112,0.507689
4100,0.486732,0.5078
4200,0.491193,0.508575
4300,0.488482,0.508998
4400,0.492649,0.508723
4500,0.493507,0.509596
4600,0.490433,0.509591
4700,0.495293,0.508709
4800,0.496279,0.509022
4900,0.489605,0.50848
5000,0.478126,0.50871
5100,0.490607,0.508091
5200,0.491046,0.508235
5300,0.487973,0.50808
5400,0.488496,0.508551
5500,0.491388,0.508145
5600,0.49318,0.509401
5700,0.488651,0.510789
5800,0.488391,0.51269
5900,0.492428,0.514863
6000,0.488838,0.516886
6100,0.48941,0.51939
6200,0.483663,0.521253
6300,0.490859,0.52366
6400,0.488345,0.525802
6500,0.481234,0.528165
6600,0.47406,0.530576
6700,0.485396,0.532262
6800,0.487672,0.533487
6900,0.495661,0.53452
7000,0.484275,0.534743
7100,0.484698,0.535095
7200,0.487317,0.535372
7300,0.476586,0.534733
7400,0.489821,0.535432
7500,0.480063,0.535406
7600,0.479858,0.535428
7700,0.471148,0.535832
7800,0.485908,0.536114
7900,0.490071,0.536331
8000,0.487647,0.5365
8100,0.472053,0.535828
8200,0.479994,0.534901
8300,0.491755,0.53383
8400,0.475249,0.532431
8500,0.463069,0.531601
8600,0.489508,0.531495
8700,0.482827,0.531306
8800,0.493686,0.531854
8900,0.485583,0.532418
9000,0.493827,0.533546
9100,0.490375,0.534673
9200,0.493293,0.535097
9300,0.485366,0.535881
9400,0.490874,0.536235
9500,0.493004,0.53642
9600,0.493554,0.536326
9700,0.487517,0.536702
9800,0.486386,0.536956
9900,0.489554,0.537059
10000,0.493453,0.537973
10100,0.489172,0.537757
10200,0.487283,0.536796
10300,0.481288,0.536596
10400,0.483756,0.535808
10500,0.483901,0.534535
10600,0.480032,0.532933
10700,0.486443,0.531032
10800,0.491368,0.529257
10900,0.486711,0.527096
11000,0.493544,0.524324
11100,0.494826,0.52119
11200,0.485113,0.518427
11300,0.474366,0.516049
11400,0.487688,0.5132
11500,0.474748,0.510012
11600,0.493937,0.507221
11700,0.488721,0.504748
11800,0.486781,0.501509
11900,0.469751,0.498656
12000,0.481289,0.49702
12100,0.486027,0.495345
12200,0.487477,0.493599
12300,0.488174,0.492287
12400,0.480683,0.490427
12500,0.482349,0.488712
12600,0.491504,0.488496
12700,0.483724,0.487482
12800,0.481235,0.486955
12900,0.465575,0.486549
13000,0.477066,0.486395
13100,0.484714,0.486438
13200,0.493932,0.48623
13300,0.491483,0.487438
13400,0.481805,0.488732
13500,0.48932,0.489505
13600,0.488275,0.491221
13700,0.486601,0.492017
13800,0.497606,0.492928
13900,0.487244,0.494338
14000,0.482958,0.495536
14100,0.491612,0.49701
14200,0.495908,0.498566
14300,0.494849,0.501115
14400,0.489251,0.503816
14500,0.483458,0.505797
14600,0.479395,0.508403
14700,0.473434,0.511941
14800,0.484782,0.515035
14900,0.49401,0.517573
15000,0.488624,0.519908
15100,0.494712,0.521997
15200,0.467413,0.523401
15300,0.486234,0.524908
15400,0.460889,0.527051
15500,0.471975,0.528219
15600,0.489254,0.53019
15700,0.490003,0.531732
15800,0.495551,0.533265
15900,0.480082,0.533391
16000,0.479303,0.534056
16100,0.480596,0.534785
16200,0.48148,0.535688
16300,0.486787,0.535869
16400,0.473637,0.536942
16500,0.482746,0.536885
16600,0.493126,0.537144
16700,0.484781,0.537622
16800,0.485018,0.537627
16900,0.489164,0.538223
17000,0.481495,0.538325
17100,0.473663,0.538986
17200,0.474182,0.53988
17300,0.479773,0.540569
17400,0.475655,0.541303
17500,0.474041,0.543178
17600,0.478724,0.544743
17700,0.47805,0.545735
17800,0.479464,0.546051
17900,0.488623,0.547152
18000,0.482116,0.54799
18100,0.490199,0.549126
18200,0.479214,0.550223
18300,0.483424,0.550449
18400,0.480767,0.550447
18500,0.489869,0.550389
18600,0.490855,0.550239
18700,0.480575,0.549905
18800,0.482924,0.549088
18900,0.487082,0.548902
19000,0.487155,0.548989
19100,0.488427,0.548807
19200,0.477189,0.547404
19300,0.483397,0.546865
19400,0.477581,0.546926
19500,0.47769,0.546514
19600,0.492594,0.546231
19700,0.493258,0.545456
19800,0.48961,0.544467
19900,0.478374,0.543896
20000,0.486314,0.543037
20100,0.483885,0.543031
20200,0.479337,0.542438
20300,0.492763,0.542507
20400,0.49136,0.542283
20500,0.482403,0.542364
20600,0.47329,0.541485
20700,0.478844,0.540662
20800,0.467267,0.539523
20900,0.485286,0.539497
21000,0.491335,0.538115
21100,0.491362,0.537549
21200,0.481056,0.536119
21300,0.486785,0.534535
21400,0.489432,0.533783
21500,0.488935,0.533953
21600,0.478836,0.534052
21700,0.485307,0.534784
21800,0.482063,0.535608
21900,0.473638,0.535647
22000,0.471911,0.536754
22100,0.450264,0.537839
22200,0.466493,0.538875
22300,0.449367,0.540733
22400,0.443666,0.542476
22500,0.448358,0.544308
22600,0.459756,0.54667
22700,0.475893,0.548501
22800,0.476947,0.550917
22900,0.485201,0.553021
23000,0.479269,0.556002
23100,0.482484,0.558467
23200,0.480478,0.561507
23300,0.488835,0.563565
23400,0.489763,0.565015
23500,0.477924,0.567312
23600,0.471649,0.569039
23700,0.481072,0.57135
23800,0.471814,0.573433
23900,0.484448,0.576001
24000,0.483507,0.578178
24100,0.48021,0.580358
24200,0.477034,0.581666
24300,0.466033,0.583487
24400,0.474296,0.585344
24500,0.472787,0.588057
24600,0.476985,0.589792
24700,0.476527,0.591006
24800,0.460329,0.592526
24900,0.472664,0.593716
25000,0.471915,0.595117
25100,0.45978,0.596958
25200,0.464909,0.598422
25300,0.46538,0.599147
25400,0.466358,0.600148
25500,0.468128,0.600916
25600,0.469197,0.601605
25700,0.474277,0.601992
25800,0.464042,0.602596
25900,0.467443,0.602962
26000,0.462682,0.603249
26100,0.463805,0.603444
26200,0.456857,0.603501
26300,0.473466,0.603308
26400,0.471638,0.60292
26500,0.470459,0.602969
26600,0.466121,0.603277
26700,0.466152,0.603626
26800,0.45867,0.603312
26900,0.46246,0.602796
27000,0.476892,0.603224
27100,0.461256,0.603944
27200,0.473236,0.604793
27300,0.464135,0.605405
27400,0.463023,0.605654
27500,0.455421,0.605759
27600,0.46189,0.606219
27700,0.471705,0.60578
27800,0.473763,0.606287
27900,0.469411,0.606802
28000,0.462333,0.607037
28100,0.461531,0.608409
28200,0.466162,0.608344
28300,0.462476,0.608853
28400,0.471568,0.609901
28500,0.45836,0.610171
28600,0.472332,0.610762
28700,0.464839,0.611247
28800,0.466951,0.611233
28900,0.470153,0.6114
29000,0.455425,0.611016
29100,0.466298,0.610212
29200,0.457502,0.610146
29300,0.465686,0.610206
29400,0.458158,0.61033
29500,0.458162,0.611329
29600,0.461878,0.612107
29700,0.464981,0.612581
29800,0.461949,0.613943
29900,0.450105,0.614633
30000,0.454252,0.615819
30100,0.44588,0.616873
30200,0.456969,0.618642
30300,0.444541,0.620383
30400,0.445978,0.621482
30500,0.45822,0.622677
30600,0.461223,0.62513
30700,0.456078,0.626816
30800,0.452995,0.629311
30900,0.457847,0.630944
31000,0.456887,0.633085
31100,0.441126,0.634416
31200,0.457742,0.636029
31300,0.454577,0.637962
31400,0.45654,0.639624
31500,0.446853,0.640967
31600,0.43743,0.641598
31700,0.456654,0.642241
31800,0.446937,0.64221
31900,0.449648,0.641557
32000,0.441137,0.641759
32100,0.44773,0.641999
32200,0.450335,0.641511
32300,0.452544,0.641353
32400,0.456178,0.640722
32500,0.454213,0.639481
32600,0.459087,0.638627
32700,0.454242,0.638162
32800,0.458269,0.637852
32900,0.447175,0.636682
33000,0.443777,0.635539
33100,0.456915,0.634397
33200,0.452372,0.633886
33300,0.454295,0.633046
33400,0.461415,0.632015
33500,0.46416,0.631497
33600,0.456401,0.631372
33700,0.44558,0.631429
33800,0.458074,0.631838
33900,0.450393,0.631899
34000,0.445034,0.632075
34100,0.446281,0.632664
34200,0.449276,0.631817
34300,0.460352,0.631082
34400,0.462874,0.630638
34500,0.451751,0.629478
34600,0.459894,0.630041
34700,0.455277,0.630324
34800,0.464756,0.6307
34900,0.465172,0.631201
35000,0.459261,0.631141
35100,0.443257,0.631163
35200,0.440337,0.631183
35300,0.434204,0.630846
35400,0.439574,0.630005
35500,0.45206,0.629784
35600,0.453287,0.628689
35700,0.452998,0.628034
35800,0.458884,0.627482
35900,0.463309,0.626514
36000,0.461877,0.625489
36100,0.444048,0.625231
36200,0.464958,0.625404
36300,0.45082,0.625353
36400,0.455982,0.624711
36500,0.464683,0.625373
36600,0.456767,0.625699
36700,0.45287,0.625674
36800,0.470084,0.625871
36900,0.467829,0.625766
37000,0.465632,0.624915
37100,0.460272,0.624452
37200,0.455462,0.624007
37300,0.461384,0.624017
37400,0.464174,0.623716
37500,0.448165,0.623861
37600,0.463795,0.623028
37700,0.4612,0.622697
37800,0.462768,0.622371
37900,0.463373,0.621917
38000,0.465358,0.621117
38100,0.447839,0.621082
38200,0.463719,0.620024
38300,0.452825,0.619809
38400,0.457429,0.619551
38500,0.464574,0.619889
38600,0.466309,0.619663
38700,0.461136,0.620237
38800,0.459333,0.621236
38900,0.450012,0.622751
39000,0.459472,0.624843
39100,0.443276,0.626274
39200,0.457397,0.628068
39300,0.455703,0.630083
39400,0.453861,0.63168
39500,0.449584,0.633484
39600,0.451935,0.635424
39700,0.445611,0.63671
39800,0.455995,0.638655
39900,0.446159,0.640009
40000,0.442845,0.642654
40100,0.450711,0.645026
40200,0.449367,0.647557
40300,0.442135,0.649816
40400,0.448055,0.651818
40500,0.45146,0.653121
40600,0.438086,0.654304
40700,0.435048,0.655399
40800,0.431206,0.656594
40900,0.440866,0.657264
41000,0.431427,0.658576
41100,0.443436,0.660201
41200,0.43531,0.662034
41300,0.438463,0.66325
41400,0.446195,0.664389
41500,0.438469,0.664944
41600,0.422393,0.665508
41700,0.43349,0.665988
41800,0.428009,0.666249
41900,0.429853,0.666104
42000,0.434699,0.666127
42100,0.442274,0.666017
42200,0.439638,0.665938
42300,0.435774,0.665933
42400,0.441325,0.666081
42500,0.435205,0.666369
42600,0.431523,0.66628
42700,0.42484,0.666308
42800,0.431138,0.666374
42900,0.431758,0.665366
43000,0.422848,0.664872
43100,0.445381,0.663717
43200,0.431636,0.663986
43300,0.432049,0.663717
43400,0.425744,0.664152
43500,0.431656,0.665293
43600,0.420987,0.666273
43700,0.441211,0.66783
43800,0.433849,0.66909
43900,0.432529,0.670141
44000,0.436342,0.671798
44100,0.432194,0.673173
44200,0.431025,0.675249
44300,0.425882,0.677223
44400,0.408466,0.679187
44500,0.419619,0.681607
44600,0.42145,0.683789
44700,0.417575,0.68622
44800,0.41927,0.688178
44900,0.406825,0.689004
45000,0.425101,0.690847
45100,0.416939,0.692733
45200,0.41792,0.694635
45300,0.41144,0.695927
45400,0.40093,0.697033
45500,0.410755,0.698577
45600,0.406739,0.700074
45700,0.416816,0.701398
45800,0.410864,0.702666
45900,0.402724,0.704834
46000,0.398981,0.706271
46100,0.408818,0.707465
46200,0.407714,0.708256
46300,0.409376,0.709673
46400,0.401722,0.710751
46500,0.404039,0.712031
46600,0.403893,0.712847
46700,0.400275,0.713047
46800,0.4002,0.714018
46900,0.405079,0.714983
47000,0.398758,0.715392
47100,0.412686,0.715919
47200,0.402285,0.715978
47300,0.402768,0.716762
47400,0.39131,0.716585
47500,0.394899,0.716676
47600,0.389132,0.717131
47700,0.395762,0.71818
47800,0.391601,0.718637
47900,0.391754,0.718836
48000,0.398163,0.718361
48100,0.394089,0.717621
48200,0.397163,0.716937
48300,0.398102,0.716776
48400,0.396166,0.716218
48500,0.401915,0.715383
48600,0.403804,0.714605
48700,0.398044,0.714226
48800,0.398274,0.714635
48900,0.4038,0.714582
49000,0.397382,0.714784
49100,0.402654,0.714661
49200,0.401959,0.714864
49300,0.397406,0.715487
49400,0.404958,0.714977
49500,0.391652,0.715963
49600,0.400842,0.716907
49700,0.394196,0.718173
49800,0.396351,0.718599
49900,0.394117,0.719519
50000,0.400652,0.720358
50100,0.40207,0.721403
50200,0.403879,0.723356
50300,0.394918,0.724564
50400,0.400269,0.726327
50500,0.384406,0.727135
50600,0.360754,0.729143
50700,0.39129,0.730197
50800,0.381057,0.731504
50900,0.379503,0.7327
51000,0.395834,0.734056
51100,0.380286,0.735094
51200,0.37536,0.734962
51300,0.385904,0.73503
51400,0.383359,0.735319
51500,0.379606,0.735578
51600,0.392785,0.735805
51700,0.384786,0.73586
51800,0.38536,0.735533
51900,0.382617,0.73583
52000,0.388593,0.736196
52100,0.389312,0.736239
52200,0.383447,0.736138
52300,0.389447,0.735767
52400,0.376459,0.735042
52500,0.385934,0.734122
52600,0.39831,0.732885
52700,0.381652,0.732573
52800,0.390294,0.730982
52900,0.391858,0.730331
53000,0.390905,0.72913
53100,0.396697,0.727773
53200,0.387835,0.726998
53300,0.380186,0.726291
53400,0.38377,0.725029
53500,0.38257,0.724118
53600,0.388024,0.722574
53700,0.382677,0.722173
53800,0.392005,0.721987
53900,0.378798,0.720801
54000,0.392012,0.71983
54100,0.390242,0.718849
54200,0.394025,0.718561
54300,0.393234,0.718477
54400,0.402187,0.718439
54500,0.403162,0.718878
54600,0.397386,0.7197
54700,0.388892,0.720414
54800,0.386782,0.720857
54900,0.392582,0.721703
55000,0.383536,0.722486
55100,0.397576,0.723039
55200,0.397631,0.723731
55300,0.381454,0.724223
55400,0.393608,0.724334
55500,0.38166,0.724791
55600,0.390604,0.724723
55700,0.394976,0.724
55800,0.397039,0.723957
55900,0.396393,0.722875
56000,0.402051,0.722141
56100,0.398757,0.72079
56200,0.406301,0.719337
56300,0.403637,0.718692
56400,0.402212,0.716909
56500,0.405316,0.715867
56600,0.387548,0.714048
56700,0.401603,0.7128
56800,0.399845,0.711349
56900,0.395511,0.710367
57000,0.392315,0.708702
57100,0.390633,0.706508
57200,0.411742,0.704949
57300,0.404983,0.704007
57400,0.401729,0.702501
57500,0.404008,0.701566
57600,0.410667,0.700212
57700,0.41141,0.699119
57800,0.395864,0.699151
57900,0.399845,0.698667
58000,0.407213,0.698753
58100,0.420876,0.698879
58200,0.411652,0.69899
58300,0.4095,0.699188
58400,0.415327,0.698715
58500,0.400765,0.698379
58600,0.416022,0.697756
58700,0.409684,0.697508
58800,0.4143,0.69723
58900,0.408575,0.697728
59000,0.409072,0.698065
59100,0.407278,0.698177
59200,0.399663,0.698679
59300,0.395791,0.699553
59400,0.394333,0.700483
59500,0.410163,0.701082
59600,0.402674,0.702215
59700,0.398526,0.70265
59800,0.40435,0.703196
59900,0.4081,0.703383
60000,0.40523,0.704315
60100,0.403799,0.705442
60200,0.401424,0.706125
60300,0.395805,0.706968
60400,0.404577,0.708235
60500,0.408003,0.708875
60600,0.390941,0.709543
60700,0.390825,0.71071
60800,0.394557,0.711077
60900,0.401419,0.71157
61000,0.395988,0.712033
61100,0.394935,0.711885
61200,0.399707,0.712624
61300,0.394778,0.713472
61400,0.404164,0.714515
61500,0.40933,0.715044
61600,0.398336,0.71487
61700,0.392464,0.715153
61800,0.39706,0.714792
61900,0.404444,0.715206
62000,0.408825,0.715107
62100,0.408201,0.714554
62200,0.40406,0.71388
62300,0.409151,0.713338
62400,0.407998,0.713193
62500,0.400901,0.712496
62600,0.405365,0.712694
62700,0.408424,0.712668
62800,0.405135,0.711634
62900,0.411682,0.710868
63000,0.407456,0.710002
63100,0.403107,0.710131
63200,0.411714,0.71021
63300,0.4141,0.709391
63400,0.414312,0.708274
63500,0.409665,0.707884
63600,0.407972,0.707929
63700,0.402458,0.70745
63800,0.402133,0.706333
63900,0.414458,0.705399
64000,0.413524,0.704103
64100,0.41676,0.703663
64200,0.411628,0.703179
64300,0.418056,0.702173
64400,0.414959,0.701087
64500,0.407475,0.700547
64600,0.411166,0.699622
64700,0.409265,0.69908
64800,0.417071,0.698345
64900,0.418334,0.697142
65000,0.410444,0.695876
65100,0.423846,0.695152
65200,0.412117,0.69543
65300,0.403697,0.694317
65400,0.405834,0.693712
65500,0.408973,0.692593
65600,0.410761,0.692086
65700,0.418266,0.691828
65800,0.420983,0.69127
65900,0.416913,0.690794
66000,0.421747,0.689863
66100,0.410362,0.689211
66200,0.411104,0.690033
66300,0.421091,0.690622
66400,0.42707,0.691609
66500,0.421833,0.69253
66600,0.419723,0.693412
66700,0.413488,0.694516
66800,0.414968,0.695949
66900,0.409428,0.696748
67000,0.409653,0.697575
67100,0.406367,0.698669
67200,0.417518,0.698877
67300,0.417023,0.699554
67400,0.411569,0.700379
67500,0.410327,0.70082
67600,0.417518,0.701074
67700,0.40979,0.700878
67800,0.404941,0.701198
67900,0.403207,0.700424
68000,0.407589,0.70019
68100,0.414154,0.699602
68200,0.405962,0.699253
68300,0.40859,0.698549
68400,0.400169,0.698622
68500,0.405586,0.698251
68600,0.415482,0.698499
68700,0.408283,0.698762
68800,0.418467,0.698535
68900,0.416479,0.697543
69000,0.409291,0.696716
69100,0.422431,0.696956
69200,0.414541,0.696616
69300,0.4049,0.6972
69400,0.396341,0.697101
69500,0.395392,0.697732
69600,0.394627,0.698435
69700,0.406642,0.699392
69800,0.400426,0.699695
69900,0.396628,0.700103
70000,0.394808,0.700501
70100,0.406534,0.701655
70200,0.410347,0.702495
70300,0.391855,0.702727
70400,0.404643,0.703505
70500,0.407468,0.704601
70600,0.411035,0.705638
70700,0.412539,0.706182
70800,0.405315,0.707408
70900,0.414039,0.708081
71000,0.410965,0.709145
71100,0.401278,0.710505
71200,0.403137,0.712489
71300,0.412176,0.713851
71400,0.410467,0.71462
71500,0.405224,0.715532
71600,0.404044,0.716167
71700,0.392159,0.716493
71800,0.39647,0.716523
71900,0.39525,0.715988
72000,0.407823,0.715678
72100,0.408165,0.715264
72200,0.399647,0.71482
72300,0.39886,0.714045
72400,0.39887,0.712832
72500,0.414133,0.710995
72600,0.40507,0.709251
72700,0.413451,0.708369
72800,0.410885,0.706611
72900,0.395249,0.70577
73000,0.403854,0.704469
73100,0.416458,0.702539
73200,0.415911,0.701519
73300,0.404875,0.699821
73400,0.417603,0.69822
73500,0.422199,0.695953
73600,0.425958,0.694923
73700,0.425871,0.693582
73800,0.420039,0.691957
73900,0.42463,0.690407
74000,0.432313,0.689103
74100,0.416031,0.687046
74200,0.429346,0.686404
74300,0.418549,0.684939
74400,0.423889,0.684188
74500,0.422776,0.683602
74600,0.428508,0.68169
74700,0.431759,0.680631
74800,0.425761,0.679899
74900,0.406846,0.678403
75000,0.429508,0.677072
75100,0.423952,0.675712
75200,0.426841,0.674671
75300,0.425695,0.674267
75400,0.423109,0.673889
75500,0.407118,0.673642
75600,0.408836,0.673463
75700,0.404181,0.673686
75800,0.416514,0.674615
75900,0.416613,0.675894
76000,0.417708,0.676624
76100,0.4205,0.677368
76200,0.424582,0.67874
76300,0.409029,0.679949
76400,0.406416,0.681335
76500,0.423229,0.683225
76600,0.423169,0.685127
76700,0.416565,0.687231
76800,0.406584,0.688384
76900,0.412694,0.690212
77000,0.40784,0.691028
77100,0.407601,0.691738
77200,0.418864,0.693272
77300,0.40508,0.694886
77400,0.395384,0.69606
77500,0.399348,0.697308
77600,0.406381,0.699484
77700,0.413484,0.70123
77800,0.394453,0.703036
77900,0.39515,0.703923
78000,0.399662,0.705411
78100,0.397292,0.706799
78200,0.405765,0.707951
78300,0.406239,0.709387
78400,0.41073,0.710771
78500,0.389775,0.711456
78600,0.39648,0.712791
78700,0.379126,0.713714
78800,0.383087,0.714199
78900,0.396756,0.714874
79000,0.401859,0.715499
79100,0.403366,0.716369
79200,0.396017,0.7169
79300,0.396127,0.718004
79400,0.397927,0.718441
79500,0.400277,0.71883
79600,0.400592,0.719519
79700,0.404517,0.719907
79800,0.405386,0.719323
79900,0.404188,0.719162
80000,0.400669,0.71836
80100,0.40238,0.717748
80200,0.411281,0.717841
80300,0.406893,0.716984
80400,0.401301,0.716064
80500,0.398023,0.71512
80600,0.402463,0.714725
80700,0.383996,0.713126
80800,0.385405,0.712386
80900,0.389518,0.71111
81000,0.398713,0.710214
81100,0.400621,0.708995
81200,0.410253,0.707783
81300,0.399746,0.706208
81400,0.398501,0.705323
81500,0.411232,0.704221
81600,0.400925,0.703784
81700,0.408643,0.702914
81800,0.408843,0.702013
81900,0.402642,0.701201
82000,0.408393,0.700377
82100,0.416008,0.700144
82200,0.414584,0.699507
82300,0.39333,0.69973
82400,0.390697,0.699401
82500,0.390709,0.699776
82600,0.388938,0.700032
82700,0.405101,0.70157
82800,0.407141,0.703164
82900,0.40451,0.70402
83000,0.404484,0.704591
83100,0.412785,0.705458
83200,0.408402,0.706119
83300,0.403458,0.706897
83400,0.408369,0.707539
83500,0.406943,0.708034
83600,0.405573,0.707885
83700,0.414962,0.707307
83800,0.400621,0.707495
83900,0.408721,0.707804
84000,0.406846,0.708572
84100,0.412877,0.70904
84200,0.397176,0.709757
84300,0.40111,0.709873
84400,0.399742,0.710133
84500,0.37711,0.710187
84600,0.384797,0.70909
84700,0.399039,0.708794
84800,0.389001,0.709049
84900,0.387813,0.708717
85000,0.393883,0.709052
85100,0.405944,0.709105
85200,0.399939,0.709436
85300,0.400332,0.710364
85400,0.390767,0.712157
85500,0.397978,0.713835
85600,0.391194,0.715658
85700,0.382337,0.717429
85800,0.374928,0.718685
85900,0.388474,0.721139
86000,0.396901,0.723229
86100,0.391353,0.7246
86200,0.39628,0.726552
86300,0.379754,0.728343
86400,0.385909,0.730213
86500,0.388192,0.731535
86600,0.380863,0.732664
86700,0.382282,0.733767
86800,0.389161,0.734508
86900,0.386463,0.73527
87000,0.387058,0.735498
87100,0.385701,0.735937
87200,0.379328,0.735968
87300,0.383901,0.735484
87400,0.380276,0.735111
87500,0.389848,0.734557
87600,0.386137,0.733666
87700,0.38183,0.73386
87800,0.37885,0.733212
87900,0.380295,0.732947
88000,0.38859,0.732253
88100,0.385533,0.732357
88200,0.387257,0.731283
88300,0.393407,0.730422
88400,0.391981,0.729865
88500,0.388131,0.729135
88600,0.375984,0.728505
88700,0.394655,0.727795
88800,0.389002,0.727318
88900,0.388173,0.726864
89000,0.393999,0.727076
89100,0.391609,0.7273
89200,0.400181,0.726969
89300,0.395047,0.726873
89400,0.39149,0.726547
89500,0.39237,0.726453
89600,0.394075,0.726051
89700,0.390608,0.72593
89800,0.397719,0.725245
89900,0.389504,0.724967
90000,0.39176,0.724834
90100,0.389135,0.724945
90200,0.386798,0.725136
90300,0.395719,0.725454
90400,0.391004,0.725404
90500,0.403831,0.725704
90600,0.394835,0.725263
90700,0.399407,0.724847
90800,0.391138,0.72417
90900,0.39321,0.723393
91000,0.404354,0.722693
91100,0.387928,0.722012
91200,0.40069,0.721353
91300,0.389682,0.721164
91400,0.396694,0.720002
91500,0.404198,0.718944
91600,0.395842,0.717975
91700,0.394197,0.717582
91800,0.396238,0.717252
91900,0.408273,0.716065
92000,0.400184,0.714827
92100,0.401461,0.714628
92200,0.400893,0.712939
92300,0.409004,0.71091
92400,0.412973,0.708879
92500,0.399857,0.70728
92600,0.40881,0.705641
92700,0.397715,0.703543
92800,0.417582,0.701582
92900,0.418149,0.700556
93000,0.415299,0.699244
93100,0.413278,0.697976
93200,0.415115,0.696934
93300,0.409567,0.695646
93400,0.418152,0.695161
93500,0.408437,0.694922
93600,0.421484,0.695234
93700,0.393737,0.695018
93800,0.40935,0.695264
93900,0.415464,0.695252
94000,0.414015,0.695266
94100,0.411178,0.694828
94200,0.417299,0.69392
94300,0.416942,0.694249
94400,0.423099,0.693198
94500,0.422426,0.692651
94600,0.423333,0.692159
94700,0.423692,0.691671
94800,0.426516,0.690955
94900,0.42087,0.689924
95000,0.420988,0.688583
95100,0.42522,0.687856
95200,0.425742,0.687041
95300,0.428269,0.685432
95400,0.417415,0.684238
95500,0.418121,0.683352
95600,0.426081,0.682972
95700,0.417353,0.682455
95800,0.407647,0.681669
95900,0.401827,0.681246
96000,0.418667,0.680297
96100,0.422468,0.680075
96200,0.428315,0.680578
96300,0.420758,0.681259
96400,0.42993,0.682021
96500,0.433109,0.682486
96600,0.420885,0.683179
96700,0.42078,0.683738
96800,0.432622,0.684393
96900,0.433384,0.684755
97000,0.424305,0.68466
97100,0.415324,0.685549
97200,0.420727,0.685586
97300,0.415293,0.685244
97400,0.420519,0.685275
97500,0.424505,0.685795
97600,0.423456,0.68668
97700,0.424298,0.685915
97800,0.413771,0.686089
97900,0.409226,0.685327
98000,0.406115,0.684429
98100,0.409968,0.684387
98200,0.415195,0.685251
98300,0.428059,0.685354
98400,0.411647,0.68517
98500,0.415089,0.685981
98600,0.429463,0.685869
98700,0.422449,0.686017
98800,0.419489,0.686641
98900,0.410515,0.68663
99000,0.408181,0.687561
99100,0.412184,0.687755
99200,0.42603,0.687901
99300,0.41316,0.687949
99400,0.42529,0.687248
99500,0.417972,0.686805
99600,0.418365,0.686667
99700,0.413996,0.68622
99800,0.423859,0.685214
99900,0.430741,0.683925
