0,0.499999,0.499988
100,0.497202,0.49982
200,0.494055,0.500609
300,0.496469,0.501176
400,0.489981,0.501677
500,0.492304,0.502072
600,0.494765,0.502507
700,0.467078,0.502613
800,0.479908,0.503126
900,0.484222,0.503358
1000,0.494177,0.503545
1100,0.491971,0.503616
1200,0.491251,0.503574
1300,0.498617,0.502835
1400,0.484943,0.502729
1500,0.48216,0.501958
1600,0.486743,0.502009
1700,0.480881,0.501205
1800,0.479325,0.50027
1900,0.49322,0.499068
2000,0.492782,0.498957
2100,0.48283,0.498116
2200,0.483784,0.496845
2300,0.495062,0.495569
2400,0.481355,0.493621
2500,0.486836,0.492655
2600,0.487558,0.491828
2700,0.480352,0.489904
2800,0.48744,0.48832
2900,0.488787,0.486777
3000,0.497515,0.486511
3100,0.484588,0.487008
3200,0.483121,0.487126
3300,0.497671,0.48776
3400,0.485684,0.487851
3500,0.489844,0.487453
3600,0.486463,0.487391
3700,0.490371,0.48811
3800,0.491226,0.488958
3900,0.487876,0.489875
4000,0.49147,0.490408
4100,0.49276,0.492296
4200,0.493045,0.494424
4300,0.484257,0.496197
4400,0.494153,0.497021
4500,0.49097,0.49892
4600,0.475586,0.500883
4700,0.485096,0.503824
4800,0.485803,0.50621
4900,0.493178,0.508008
5000,0.496276,0.510608
5100,0.487715,0.512669
5200,0.486162,0.515074
5300,0.479973,0.516991
5400,0.481224,0.518365
5500,0.480639,0.518658
5600,0.489036,0.519423
5700,0.486988,0.520277
5800,0.478222,0.521246
5900,0.468128,0.52195
6000,0.469678,0.52172
6100,0.482784,0.522267
6200,0.478494,0.521539
6300,0.486607,0.521698
6400,0.492365,0.521528
6500,0.488402,0.520504
6600,0.489643,0.518614
6700,0.483004,0.516718
6800,0.48521,0.515378
6900,0.486296,0.513784
7000,0.493311,0.512211
7100,0.479755,0.510909
7200,0.483636,0.509182
7300,0.483406,0.508378
7400,0.48133,0.507598
7500,0.478458,0.506716
7600,0.485563,0.506743
7700,0.48265,0.505706
7800,0.489151,0.504136
7900,0.493089,0.503445
8000,0.489913,0.502536
8100,0.489554,0.502139
8200,0.487159,0.501768
8300,0.4953,0.501622
8400,0.48486,0.502677
8500,0.494559,0.502896
8600,0.489008,0.503262
8700,0.487044,0.503683
8800,0.482382,0.503884
8900,0.49209,0.504289
9000,0.495695,0.505636
9100,0.492758,0.506495
9200,0.477401,0.508097
9300,0.484052,0.509825
9400,0.496828,0.511196
9500,0.489091,0.511978
9600,0.487189,0.513417
9700,0.482751,0.51485
9800,0.486619,0.516232
9900,0.497282,0.517189
10000,0.493748,0.517707
10100,0.476235,0.518624
10200,0.477412,0.519135
10300,0.467656,0.519861
10400,0.476569,0.520612
10500,0.473013,0.519943
10600,0.49108,0.519732
10700,0.491631,0.519239
10800,0.491158,0.518955
10900,0.486986,0.517769
11000,0.482899,0.517161
11100,0.483318,0.516327
11200,0.48422,0.514946
11300,0.484686,0.514016
11400,0.493598,0.512913
11500,0.495896,0.51169
11600,0.486635,0.511679
11700,0.473405,0.511535
11800,0.492281,0.511677
11900,0.480748,0.511652
12000,0.490269,0.512361
12100,0.494287,0.513707
12200,0.486676,0.513911
12300,0.479579,0.515281
12400,0.48858,0.515762
12500,0.486639,0.515998
12600,0.488618,0.516563
12700,0.482306,0.517402
12800,0.494239,0.519303
12900,0.488873,0.520396
13000,0.490876,0.521343
13100,0.494787,0.523143
13200,0.489445,0.524416
13300,0.488091,0.525374
13400,0.476604,0.526076
13500,0.47742,0.52646
13600,0.492284,0.527615
13700,0.483967,0.528006
13800,0.491579,0.528377
13900,0.484557,0.52818
14000,0.48859,0.527982
14100,0.489925,0.528374
14200,0.494571,0.528787
14300,0.478094,0.527897
14400,0.490462,0.528022
14500,0.488548,0.526753
14600,0.492247,0.526633
14700,0.495194,0.525552
14800,0.498153,0.525137
14900,0.490645,0.524943
15000,0.48169,0.524445
15100,0.487971,0.524707
15200,0.494775,0.525618
15300,0.490254,0.526351
15400,0.487123,0.526567
15500,0.47712,0.527534
15600,0.495068,0.529095
15700,0.491325,0.530296
15800,0.491835,0.531779
15900,0.482543,0.532603
16000,0.484157,0.533787
16100,0.493096,0.534866
16200,0.470136,0.535881
16300,0.470937,0.5381
16400,0.47851,0.539855
16500,0.486515,0.541879
16600,0.471396,0.543288
16700,0.475754,0.545734
16800,0.470968,0.547704
16900,0.489588,0.550362
17000,0.479177,0.552124
17100,0.472905,0.553449
17200,0.483675,0.554059
17300,0.492488,0.555558
17400,0.485076,0.556039
17500,0.492397,0.556499
17600,0.484809,0.556576
17700,0.481969,0.557098
17800,0.48159,0.557755
17900,0.477263,0.558054
18000,0.474137,0.557822
18100,0.481045,0.557711
18200,0.471546,0.556676
18300,0.483237,0.555682
18400,0.488615,0.555343
18500,0.46815,0.554202
18600,0.489367,0.553097
18700,0.490064,0.551585
18800,0.482285,0.550153
18900,0.490119,0.549168
19000,0.489474,0.548546
19100,0.485956,0.547659
19200,0.489795,0.547316
19300,0.477659,0.546727
19400,0.494623,0.546031
19500,0.473372,0.545808
19600,0.46229,0.545838
19700,0.481648,0.545592
19800,0.470536,0.545127
19900,0.480814,0.544856
20000,0.482802,0.545433
20100,0.486508,0.545929
20200,0.481805,0.545692
20300,0.482007,0.545729
20400,0.491324,0.546197
20500,0.478454,0.547117
20600,0.491397,0.547732
20700,0.484572,0.548547
20800,0.480584,0.549263
20900,0.476775,0.549328
21000,0.485756,0.549491
21100,0.484127,0.549274
21200,0.480331,0.548988
21300,0.482094,0.54962
21400,0.485656,0.549636
21500,0.48531,0.549969
21600,0.464725,0.550627
21700,0.469337,0.550512
21800,0.477178,0.550513
21900,0.48618,0.55033
22000,0.478031,0.550077
22100,0.485305,0.549078
22200,0.473362,0.548623
22300,0.483081,0.548809
22400,0.479725,0.548941
22500,0.481688,0.549152
22600,0.478856,0.54889
22700,0.487706,0.547999
22800,0.485994,0.547941
22900,0.495099,0.547435
23000,0.485765,0.546868
23100,0.482698,0.54627
23200,0.489877,0.54652
23300,0.476355,0.546834
23400,0.485871,0.546094
23500,0.490727,0.545782
23600,0.490534,0.545278
23700,0.482606,0.544439
23800,0.479475,0.544756
23900,0.492453,0.544565
24000,0.488561,0.544134
24100,0.490238,0.544386
24200,0.478298,0.544954
24300,0.489956,0.545368
24400,0.485685,0.546005
24500,0.490005,0.545848
24600,0.474183,0.546779
24700,0.476134,0.547226
24800,0.47149,0.548351
24900,0.484372,0.548449
25000,0.478617,0.54948
25100,0.464972,0.550478
25200,0.459985,0.551835
25300,0.478453,0.553435
25400,0.466873,0.554364
25500,0.472479,0.555009
25600,0.468068,0.556906
25700,0.470565,0.55796
25800,0.48547,0.559663
25900,0.485686,0.561393
26000,0.487983,0.562131
26100,0.485921,0.562358
26200,0.48118,0.563346
26300,0.478117,0.5639
26400,0.48355,0.563278
26500,0.468314,0.562714
26600,0.470508,0.562585
26700,0.453496,0.563199
26800,0.485245,0.562717
26900,0.481039,0.561804
27000,0.471235,0.56065
27100,0.478309,0.559284
27200,0.480469,0.557599
27300,0.488451,0.555321
27400,0.475879,0.554326
27500,0.475505,0.553119
27600,0.482106,0.551664
27700,0.478008,0.550089
27800,0.485912,0.54829
27900,0.48796,0.545941
28000,0.483203,0.545043
28100,0.492968,0.545182
28200,0.48561,0.544336
28300,0.48145,0.543824
28400,0.469457,0.543729
28500,0.481657,0.542048
28600,0.478349,0.540775
28700,0.484876,0.539963
28800,0.474835,0.54013
28900,0.492946,0.539043
29000,0.491728,0.538715
29100,0.495502,0.537716
29200,0.489391,0.537308
29300,0.48705,0.537743
29400,0.484654,0.538543
29500,0.481252,0.538967
29600,0.484857,0.53935
29700,0.475283,0.540696
29800,0.471208,0.54158
29900,0.461478,0.542744
30000,0.446943,0.5435
30100,0.458051,0.544523
30200,0.466052,0.546142
30300,0.473571,0.547065
30400,0.486511,0.548548
30500,0.473607,0.54881
30600,0.477041,0.550171
30700,0.492329,0.551754
30800,0.488864,0.552352
30900,0.490851,0.55371
31000,0.47295,0.555004
31100,0.481621,0.555892
31200,0.480696,0.556153
31300,0.485533,0.557128
31400,0.481309,0.557426
31500,0.475844,0.557166
31600,0.483761,0.557309
31700,0.470513,0.557199
31800,0.460878,0.556663
31900,0.485386,0.556123
32000,0.472817,0.556033
32100,0.462232,0.554994
32200,0.457539,0.555558
32300,0.482347,0.554985
32400,0.478673,0.554308
32500,0.488151,0.553698
32600,0.490362,0.55266
32700,0.48427,0.552063
32800,0.478259,0.551861
32900,0.487198,0.55119
33000,0.487071,0.549881
33100,0.489176,0.549439
33200,0.489408,0.547567
33300,0.485856,0.545294
33400,0.482418,0.544019
33500,0.477539,0.542237
33600,0.47585,0.542254
33700,0.461028,0.542071
33800,0.482294,0.542426
33900,0.494405,0.541824
34000,0.488129,0.542579
34100,0.487048,0.543497
34200,0.488292,0.543974
34300,0.491564,0.545059
34400,0.490677,0.546396
34500,0.485149,0.547318
34600,0.492136,0.549653
34700,0.477991,0.550703
34800,0.482226,0.55166
34900,0.491212,0.552733
35000,0.48768,0.553961
35100,0.490476,0.555407
35200,0.487578,0.557631
35300,0.483488,0.559294
35400,0.475477,0.559091
35500,0.475024,0.558446
35600,0.466613,0.558507
35700,0.484367,0.557586
35800,0.482855,0.556955
35900,0.472072,0.556111
36000,0.460677,0.556153
36100,0.455093,0.556412
36200,0.465133,0.556855
36300,0.453992,0.556372
36400,0.487442,0.556862
36500,0.484462,0.557093
36600,0.478102,0.556779
36700,0.485581,0.557413
36800,0.480665,0.557398
36900,0.484553,0.556914
37000,0.486825,0.556733
37100,0.479059,0.555634
37200,0.484051,0.555651
37300,0.487505,0.55495
37400,0.484013,0.554513
37500,0.477117,0.554597
37600,0.490581,0.555211
37700,0.47777,0.555359
37800,0.477966,0.555402
37900,0.488336,0.555241
38000,0.494263,0.553586
38100,0.472073,0.553133
38200,0.48663,0.552675
38300,0.486299,0.552424
38400,0.490341,0.551473
38500,0.489455,0.550793
38600,0.494238,0.549321
38700,0.49253,0.548532
38800,0.492691,0.547502
38900,0.489132,0.546935
39000,0.480457,0.545888
39100,0.492453,0.545521
39200,0.485505,0.545085
39300,0.478718,0.545139
39400,0.483674,0.544638
39500,0.474602,0.544121
39600,0.469637,0.543493
39700,0.478732,0.543353
39800,0.489202,0.542945
39900,0.483756,0.54284
40000,0.472856,0.541903
40100,0.48325,0.542147
40200,0.475603,0.542823
40300,0.469346,0.542961
40400,0.478676,0.543687
40500,0.479623,0.544093
40600,0.483902,0.545591
40700,0.479212,0.546561
40800,0.478651,0.546306
40900,0.477248,0.545913
41000,0.49447,0.546196
41100,0.461522,0.5456
41200,0.478877,0.54458
41300,0.487418,0.54461
41400,0.472902,0.543794
41500,0.471198,0.543391
41600,0.474189,0.543247
41700,0.485526,0.54213
41800,0.495587,0.541168
41900,0.47829,0.540335
42000,0.480297,0.538791
42100,0.476493,0.537865
42200,0.489375,0.537027
42300,0.481558,0.535762
42400,0.488461,0.535167
42500,0.496445,0.534944
42600,0.480147,0.533295
42700,0.493491,0.532434
42800,0.484171,0.531941
42900,0.479837,0.5312
43000,0.492904,0.530831
43100,0.487824,0.530697
43200,0.476403,0.530833
43300,0.480151,0.530638
43400,0.493358,0.530053
43500,0.490761,0.529852
43600,0.488773,0.530045
43700,0.485651,0.530632
43800,0.484462,0.530619
43900,0.487724,0.531395
44000,0.484909,0.531585
44100,0.483006,0.532152
44200,0.491378,0.532044
44300,0.49087,0.532909
44400,0.482945,0.533172
44500,0.491834,0.53357
44600,0.492316,0.534548
44700,0.484617,0.534575
44800,0.495166,0.534092
44900,0.494191,0.533963
45000,0.493772,0.533266
45100,0.476847,0.532263
45200,0.494297,0.531679
45300,0.491705,0.530902
45400,0.485346,0.529975
45500,0.491447,0.529375
45600,0.495766,0.52791
45700,0.494958,0.526247
45800,0.49503,0.525369
45900,0.497026,0.524413
46000,0.490163,0.524432
46100,0.495477,0.523706
46200,0.487538,0.523397
46300,0.492328,0.52325
46400,0.485614,0.522491
46500,0.493457,0.521702
46600,0.490176,0.520625
46700,0.481045,0.520438
46800,0.484207,0.519987
46900,0.488365,0.520188
47000,0.483347,0.519922
47100,0.481694,0.519525
47200,0.481013,0.5196
47300,0.471986,0.520066
47400,0.478151,0.520028
47500,0.484037,0.520534
47600,0.483176,0.521179
47700,0.492096,0.52265
47800,0.476494,0.523596
47900,0.481405,0.523633
48000,0.476517,0.524738
48100,0.475062,0.526271
48200,0.471616,0.527509
48300,0.471792,0.52892
48400,0.470517,0.529461
48500,0.488645,0.53063
48600,0.48534,0.532164
48700,0.486943,0.534037
48800,0.475746,0.535516
48900,0.481923,0.537154
49000,0.490477,0.538896
49100,0.488482,0.54031
49200,0.490374,0.541819
49300,0.492178,0.54327
49400,0.47813,0.544907
49500,0.493037,0.546285
49600,0.475818,0.547842
49700,0.486399,0.548474
49800,0.481868,0.549256
49900,0.476731,0.550708
50000,0.48528,0.551491
50100,0.489562,0.552177
50200,0.480046,0.553029
50300,0.478637,0.553998
50400,0.482805,0.556007
50500,0.484153,0.557391
50600,0.474423,0.558842
50700,0.474961,0.560455
50800,0.46787,0.562901
50900,0.482983,0.564824
51000,0.479831,0.566429
51100,0.47161,0.567275
51200,0.478245,0.568342
51300,0.471659,0.569655
51400,0.48521,0.570374
51500,0.482246,0.571016
51600,0.474394,0.571276
51700,0.483671,0.570864
51800,0.481935,0.570086
51900,0.484613,0.569336
52000,0.489228,0.567772
52100,0.481872,0.566866
52200,0.484964,0.565674
52300,0.478815,0.564801
52400,0.477262,0.564149
52500,0.475871,0.563152
52600,0.4805,0.56196
52700,0.482575,0.560742
52800,0.483457,0.559761
52900,0.486437,0.558846
53000,0.491717,0.558315
53100,0.48566,0.557502
53200,0.491042,0.557012
53300,0.483516,0.557327
53400,0.483689,0.557213
53500,0.485707,0.556706
53600,0.475636,0.556794
53700,0.490103,0.556681
53800,0.483878,0.556653
53900,0.483358,0.556104
54000,0.464618,0.556983
54100,0.451793,0.557093
54200,0.462207,0.55707
54300,0.485981,0.557505
54400,0.481196,0.557457
54500,0.482931,0.557108
54600,0.474229,0.557235
54700,0.487286,0.556326
54800,0.487007,0.555168
54900,0.483806,0.55498
55000,0.490332,0.553788
55100,0.473093,0.553855
55200,0.487114,0.553471
55300,0.48159,0.553088
55400,0.489929,0.552299
55500,0.48462,0.55203
55600,0.481535,0.55122
55700,0.480668,0.550579
55800,0.485066,0.549829
55900,0.491,0.549119
56000,0.482577,0.548569
56100,0.481243,0.547992
56200,0.487042,0.547992
56300,0.48736,0.548024
56400,0.488295,0.547063
56500,0.481974,0.547293
56600,0.486477,0.546766
56700,0.474258,0.547182
56800,0.47334,0.546669
56900,0.48518,0.547016
57000,0.489725,0.547012
57100,0.488649,0.546556
57200,0.477581,0.546086
57300,0.482999,0.545884
57400,0.493639,0.545212
57500,0.489311,0.544377
57600,0.48638,0.543241
57700,0.492354,0.543204
57800,0.489139,0.542634
57900,0.4889,0.54333
58000,0.484289,0.54303
58100,0.485028,0.543351
58200,0.488077,0.543677
58300,0.492685,0.543669
58400,0.481574,0.543941
58500,0.492054,0.543169
58600,0.490716,0.543153
58700,0.483768,0.543512
58800,0.486582,0.543839
58900,0.484007,0.54332
59000,0.482308,0.543827
59100,0.473857,0.545061
59200,0.488698,0.546333
59300,0.494288,0.547175
59400,0.493159,0.548776
59500,0.48888,0.549813
59600,0.486342,0.551637
59700,0.490137,0.552684
59800,0.472096,0.553427
59900,0.481821,0.554764
60000,0.483079,0.557008
60100,0.485988,0.558178
60200,0.478962,0.559242
60300,0.475207,0.560242
60400,0.4849,0.561592
60500,0.476104,0.562908
60600,0.490488,0.563553
60700,0.488617,0.563606
60800,0.485298,0.563247
60900,0.491249,0.56236
61000,0.489919,0.561768
61100,0.476429,0.561692
61200,0.487125,0.559698
61300,0.484622,0.558108
61400,0.481264,0.555548
61500,0.47354,0.553996
61600,0.486742,0.551733
61700,0.486845,0.55062
61800,0.488069,0.54905
61900,0.487588,0.5468
62000,0.488769,0.54557
62100,0.468703,0.543778
62200,0.47861,0.542058
62300,0.491739,0.53923
62400,0.484021,0.537537
62500,0.477169,0.536287
62600,0.477165,0.535662
62700,0.485921,0.534228
62800,0.493294,0.533527
62900,0.476901,0.53333
63000,0.490623,0.53327
63100,0.493528,0.533118
63200,0.484206,0.533548
63300,0.480572,0.533915
63400,0.487137,0.534039
63500,0.485419,0.534757
63600,0.469518,0.535136
63700,0.491793,0.53638
63800,0.480921,0.538326
63900,0.47371,0.540275
64000,0.493658,0.542206
64100,0.490793,0.543314
64200,0.483583,0.544521
64300,0.478048,0.546456
64400,0.472722,0.548311
64500,0.461963,0.550057
64600,0.466964,0.550776
64700,0.467257,0.550845
64800,0.477341,0.551919
64900,0.472916,0.552979
65000,0.456289,0.554856
65100,0.475095,0.556306
65200,0.477616,0.558687
65300,0.483093,0.560509
65400,0.482293,0.562311
65500,0.472512,0.56426
65600,0.47445,0.565598
65700,0.485008,0.566562
65800,0.487095,0.568111
65900,0.479473,0.568971
66000,0.478298,0.570344
66100,0.469806,0.571926
66200,0.47985,0.573004
66300,0.458791,0.575025
66400,0.469272,0.576919
66500,0.462873,0.577775
66600,0.468138,0.580003
66700,0.462917,0.581598
66800,0.47822,0.58322
66900,0.477078,0.583504
67000,0.475495,0.584626
67100,0.473023,0.58581
67200,0.472728,0.58626
67300,0.471963,0.586938
67400,0.483266,0.587199
67500,0.469486,0.587589
67600,0.466851,0.58739
67700,0.473841,0.58671
67800,0.475072,0.586571
67900,0.478241,0.586804
68000,0.480441,0.586663
68100,0.477082,0.58702
68200,0.477041,0.58753
68300,0.484565,0.58775
68400,0.479967,0.587546
68500,0.474498,0.587469
68600,0.470579,0.588187
68700,0.455386,0.58911
68800,0.474828,0.590209
68900,0.472202,0.590948
69000,0.473427,0.592854
69100,0.470542,0.594242
69200,0.457923,0.596006
69300,0.474511,0.59732
69400,0.477406,0.598174
69500,0.471233,0.599346
69600,0.455068,0.600399
69700,0.468265,0.601491
69800,0.473406,0.603246
69900,0.479224,0.603943
70000,0.46618,0.604504
70100,0.474913,0.605153
70200,0.472307,0.604929
70300,0.466513,0.604992
70400,0.467044,0.604539
70500,0.473891,0.60432
70600,0.466741,0.604266
70700,0.472599,0.604195
70800,0.466989,0.603659
70900,0.47204,0.603068
71000,0.471912,0.602618
71100,0.46241,0.601556
71200,0.468336,0.600402
71300,0.465729,0.599465
71400,0.477818,0.598733
71500,0.46409,0.598082
71600,0.463092,0.596658
71700,0.46651,0.595918
71800,0.444917,0.595182
71900,0.459674,0.595164
72000,0.474242,0.595249
72100,0.462781,0.594704
72200,0.475719,0.5946
72300,0.47024,0.594819
72400,0.475612,0.594484
72500,0.469498,0.594723
72600,0.475484,0.594872
72700,0.475952,0.594116
72800,0.479115,0.593503
72900,0.476377,0.593442
73000,0.474355,0.592652
73100,0.478931,0.592845
73200,0.474515,0.592663
73300,0.476084,0.592681
73400,0.470148,0.59274
73500,0.476003,0.592808
73600,0.478979,0.592423
73700,0.477317,0.592188
73800,0.466641,0.59244
73900,0.462231,0.591965
74000,0.460875,0.591707
74100,0.466677,0.590532
74200,0.468767,0.590332
74300,0.473668,0.590359
74400,0.478993,0.589798
74500,0.478421,0.589736
74600,0.469144,0.59023
74700,0.468269,0.590994
74800,0.463234,0.591394
74900,0.470843,0.591569
75000,0.463012,0.591748
75100,0.445572,0.591988
75200,0.451922,0.59263
75300,0.474035,0.592647
75400,0.475926,0.593881
75500,0.467441,0.594571
75600,0.473034,0.595
75700,0.455805,0.595148
75800,0.452295,0.595149
75900,0.456821,0.595123
76000,0.467254,0.594898
76100,0.472003,0.595055
76200,0.468037,0.59423
76300,0.469882,0.59273
76400,0.4799,0.590998
76500,0.480325,0.589677
76600,0.470609,0.587918
76700,0.482424,0.586515
76800,0.479672,0.584392
76900,0.486107,0.582986
77000,0.477252,0.581123
77100,0.474437,0.578659
77200,0.482848,0.575718
77300,0.479915,0.572903
77400,0.470974,0.571297
77500,0.487385,0.569404
77600,0.481815,0.567244
77700,0.473323,0.564921
77800,0.474666,0.562396
77900,0.480261,0.560266
78000,0.483354,0.557635
78100,0.489008,0.555203
78200,0.480884,0.5529
78300,0.49313,0.550279
78400,0.484773,0.549181
78500,0.490325,0.547966
78600,0.49113,0.546721
78700,0.487706,0.545857
78800,0.477485,0.545571
78900,0.483556,0.54519
79000,0.480496,0.544318
79100,0.485679,0.543796
79200,0.490423,0.543276
79300,0.48308,0.543517
79400,0.481942,0.544013
79500,0.487179,0.544525
79600,0.49051,0.54481
79700,0.488658,0.545271
79800,0.482845,0.545433
79900,0.485494,0.545526
80000,0.484018,0.547183
80100,0.4813,0.548617
80200,0.490102,0.549671
80300,0.489884,0.549949
80400,0.48392,0.549732
80500,0.479698,0.549963
80600,0.478911,0.550487
80700,0.480231,0.55118
80800,0.485401,0.551811
80900,0.485114,0.551759
81000,0.491314,0.552391
81100,0.493557,0.55235
81200,0.47804,0.551983
81300,0.479101,0.551831
81400,0.492611,0.551253
81500,0.490934,0.550899
81600,0.487605,0.551681
81700,0.486311,0.551777
81800,0.489915,0.552151
81900,0.489048,0.551734
82000,0.485961,0.551316
82100,0.488009,0.550526
82200,0.485163,0.550479
82300,0.482488,0.55083
82400,0.48461,0.551616
82500,0.471866,0.552434
82600,0.478074,0.553674
82700,0.472816,0.553422
82800,0.468659,0.554173
82900,0.468634,0.555534
83000,0.471444,0.556402
83100,0.47393,0.557654
83200,0.484637,0.558827
83300,0.463022,0.560017
83400,0.456981,0.561047
83500,0.462233,0.561064
83600,0.448147,0.56106
83700,0.464253,0.561507
83800,0.484584,0.562029
83900,0.489034,0.562475
84000,0.478547,0.563717
84100,0.485357,0.564552
84200,0.476213,0.56539
84300,0.469413,0.566004
84400,0.469935,0.567205
84500,0.480645,0.56811
84600,0.474813,0.569654
84700,0.478463,0.569676
84800,0.478195,0.570655
84900,0.477723,0.571595
85000,0.47483,0.572369
85100,0.479513,0.572545
85200,0.471352,0.573347
85300,0.485411,0.573397
85400,0.477645,0.574263
85500,0.483041,0.574367
85600,0.476803,0.574828
85700,0.482285,0.575957
85800,0.483816,0.576439
85900,0.480362,0.57782
86000,0.474652,0.578351
86100,0.476914,0.579132
86200,0.487371,0.579957
86300,0.476402,0.579811
86400,0.477371,0.580122
86500,0.483074,0.580385
86600,0.4738,0.580569
86700,0.48039,0.581136
86800,0.479217,0.5805
86900,0.47702,0.580459
87000,0.476917,0.581115
87100,0.4639,0.581417
87200,0.476393,0.581302
87300,0.483519,0.580828
87400,0.474079,0.580259
87500,0.480679,0.579892
87600,0.482701,0.579255
87700,0.482768,0.57926
87800,0.470812,0.579114
87900,0.473366,0.578842
88000,0.471279,0.578761
88100,0.476486,0.578626
88200,0.469199,0.578328
88300,0.47498,0.578291
88400,0.478544,0.578049
88500,0.47938,0.577349
88600,0.480598,0.576666
88700,0.471727,0.576412
88800,0.475743,0.576276
88900,0.480636,0.576286
89000,0.477356,0.575688
89100,0.480277,0.575469
89200,0.467359,0.574555
89300,0.466814,0.574738
89400,0.475529,0.574697
89500,0.472846,0.575277
89600,0.485013,0.575315
89700,0.484838,0.575731
89800,0.469521,0.576163
89900,0.475909,0.576057
90000,0.481478,0.575669
90100,0.473853,0.575543
90200,0.482234,0.574725
90300,0.460304,0.574569
90400,0.472062,0.574573
90500,0.461462,0.573925
90600,0.465421,0.574158
90700,0.47242,0.57471
90800,0.483776,0.575609
90900,0.473779,0.576714
91000,0.473189,0.57681
91100,0.476649,0.577765
91200,0.473661,0.577682
91300,0.478645,0.577883
91400,0.472826,0.578303
91500,0.474703,0.578023
91600,0.479614,0.578252
91700,0.469732,0.579593
91800,0.478843,0.580855
91900,0.48,0.581734
92000,0.463598,0.582906
92100,0.481383,0.583484
92200,0.477026,0.584557
92300,0.44316,0.584947
92400,0.466454,0.585888
92500,0.446445,0.587063
92600,0.448588,0.589068
92700,0.453461,0.590004
92800,0.464074,0.591123
92900,0.464548,0.592327
93000,0.460195,0.593086
93100,0.447724,0.594537
93200,0.445664,0.596468
93300,0.466319,0.598126
93400,0.453247,0.599906
93500,0.47167,0.601733
93600,0.468878,0.603642
93700,0.455284,0.605604
93800,0.459231,0.608337
93900,0.466533,0.610266
94000,0.468516,0.612469
94100,0.456087,0.614201
94200,0.443228,0.615552
94300,0.453277,0.616056
94400,0.450133,0.617569
94500,0.463408,0.618146
94600,0.462905,0.618916
94700,0.459422,0.620147
94800,0.460423,0.621077
94900,0.460121,0.623275
95000,0.452586,0.624169
95100,0.463667,0.624761
95200,0.465581,0.626291
95300,0.458687,0.626602
95400,0.466719,0.626979
95500,0.461441,0.62692
95600,0.455154,0.626379
95700,0.449643,0.625777
95800,0.456088,0.626065
95900,0.462755,0.627157
96000,0.463057,0.627366
96100,0.450234,0.628102
96200,0.44578,0.62827
96300,0.46268,0.628982
96400,0.46085,0.628835
96500,0.457633,0.628328
96600,0.462922,0.627973
96700,0.467102,0.628351
96800,0.460632,0.628052
96900,0.463136,0.627428
97000,0.455593,0.627304
97100,0.450918,0.626633
97200,0.452646,0.626305
97300,0.463949,0.626927
97400,0.456084,0.626659
97500,0.46902,0.626393
97600,0.457383,0.626354
97700,0.454584,0.626408
97800,0.459109,0.626509
97900,0.444618,0.62773
98000,0.438798,0.628299
98100,0.450415,0.628998
98200,0.459099,0.629753
98300,0.455543,0.630004
98400,0.443928,0.630216
98500,0.449988,0.630763
98600,0.449617,0.631783
98700,0.441821,0.632321
98800,0.445776,0.633121
98900,0.460945,0.634218
99000,0.439577,0.635439
99100,0.45515,0.636036
99200,0.457141,0.636939
99300,0.439456,0.63715
99400,0.458179,0.637602
99500,0.45415,0.638515
99600,0.441553,0.63909
99700,0.431217,0.639303
99800,0.423089,0.640511
99900,0.430985,0.641599
