0,0.499916,0.50007
10,0.498386,0.498862
20,0.498815,0.499359
30,0.495951,0.497573
40,0.494849,0.49815
50,0.498455,0.497794
60,0.498334,0.498116
70,0.495465,0.49738
80,0.492567,0.496403
90,0.489677,0.493862
100,0.487059,0.492259
110,0.482613,0.494178
120,0.481564,0.493471
130,0.489391,0.494958
140,0.494654,0.495
150,0.48751,0.495679
160,0.486279,0.495597
170,0.494642,0.495082
180,0.49131,0.496804
190,0.494322,0.496864
200,0.488857,0.497332
210,0.490402,0.496786
220,0.488175,0.495704
230,0.482996,0.497902
240,0.479276,0.496603
250,0.477533,0.495559
260,0.470663,0.495455
270,0.469987,0.496762
280,0.486102,0.495971
290,0.486462,0.49728
300,0.488419,0.498393
310,0.49198,0.500529
320,0.494042,0.499971
330,0.494346,0.499172
340,0.488661,0.498145
350,0.48868,0.496504
360,0.493149,0.496556
370,0.486232,0.495847
380,0.486783,0.496225
390,0.483135,0.494337
400,0.481141,0.494796
410,0.472594,0.494565
420,0.471373,0.495515
430,0.466649,0.493047
440,0.476822,0.494619
450,0.474788,0.49642
460,0.469921,0.497955
470,0.472067,0.497969
480,0.470955,0.497633
490,0.478421,0.496771
500,0.468403,0.495916
510,0.466257,0.496606
520,0.464813,0.497727
530,0.47299,0.49813
540,0.48281,0.49851
550,0.473898,0.498795
560,0.474771,0.499737
570,0.476858,0.497526
580,0.473173,0.496172
590,0.470596,0.495916
600,0.469439,0.49727
610,0.464494,0.496659
620,0.470943,0.497168
630,0.476011,0.494901
640,0.483005,0.495389
650,0.469754,0.494949
660,0.475421,0.495673
670,0.480414,0.495447
680,0.475957,0.494952
690,0.481343,0.496101
700,0.470094,0.496179
710,0.475712,0.494955
720,0.46333,0.492905
730,0.466224,0.491025
740,0.462037,0.490225
750,0.468275,0.488688
760,0.465662,0.490214
770,0.465554,0.490366
780,0.468439,0.488343
790,0.472134,0.489375
800,0.460918,0.48909
810,0.463141,0.48916
820,0.466623,0.48723
830,0.463165,0.486997
840,0.469691,0.486859
850,0.462392,0.488891
860,0.470878,0.488613
870,0.469312,0.490445
880,0.476579,0.492632
890,0.466007,0.492874
900,0.464041,0.492677
910,0.456204,0.490871
920,0.459527,0.488564
930,0.466363,0.490016
940,0.467897,0.490686
950,0.463718,0.493145
960,0.467955,0.49375
970,0.467917,0.491473
980,0.474439,0.491798
990,0.473152,0.492079
1000,0.470053,0.491484
1010,0.469699,0.490071
1020,0.46346,0.489537
1030,0.462106,0.490414
1040,0.466735,0.493414
1050,0.469145,0.496574
1060,0.468766,0.498549
1070,0.476001,0.500695
1080,0.475296,0.502688
1090,0.469731,0.5008
1100,0.464191,0.501302
1110,0.458691,0.500009
1120,0.458734,0.500671
1130,0.453795,0.499242
1140,0.458981,0.500748
1150,0.455784,0.499218
1160,0.45889,0.500063
1170,0.457655,0.500428
1180,0.452446,0.501877
1190,0.445952,0.499961
1200,0.444689,0.498497
1210,0.449502,0.497778
1220,0.45071,0.495809
1230,0.441947,0.494047
1240,0.453123,0.493259
1250,0.455826,0.491629
1260,0.459991,0.492831
1270,0.459289,0.49356
1280,0.461602,0.495458
1290,0.461279,0.495619
1300,0.456366,0.497306
1310,0.450719,0.497801
1320,0.449278,0.497476
1330,0.442761,0.498562
1340,0.439704,0.497991
1350,0.439277,0.49827
1360,0.447688,0.499128
1370,0.442231,0.496416
1380,0.441741,0.498707
1390,0.444372,0.499039
1400,0.440426,0.497483
1410,0.447629,0.498872
1420,0.447497,0.498972
1430,0.456069,0.497769
1440,0.458442,0.499197
1450,0.456011,0.500127
1460,0.451609,0.495456
1470,0.451593,0.494178
1480,0.445355,0.493164
1490,0.442619,0.49077
1500,0.447711,0.489768
1510,0.446346,0.488771
1520,0.441511,0.48842
1530,0.441031,0.486078
1540,0.443913,0.484507
1550,0.437772,0.484511
1560,0.439217,0.482916
1570,0.446189,0.483722
1580,0.447783,0.478795
1590,0.442334,0.478886
1600,0.435378,0.478564
1610,0.439764,0.479884
1620,0.444818,0.480279
1630,0.445396,0.48223
1640,0.444765,0.480342
1650,0.445455,0.4793
1660,0.447665,0.477219
1670,0.446844,0.477556
1680,0.446984,0.476197
1690,0.433515,0.473613
1700,0.436833,0.472828
1710,0.43139,0.470542
1720,0.432644,0.468899
1730,0.435576,0.465663
1740,0.439229,0.462623
1750,0.437489,0.462798
1760,0.433095,0.462005
1770,0.435106,0.46266
1780,0.431368,0.463051
1790,0.429586,0.462297
1800,0.430695,0.464072
1810,0.435313,0.462222
1820,0.424575,0.461074
1830,0.433614,0.459399
1840,0.437779,0.459752
1850,0.436411,0.456202
1860,0.437272,0.456015
1870,0.434131,0.452234
1880,0.430073,0.450369
1890,0.431293,0.450082
1900,0.422291,0.448645
1910,0.420569,0.447275
1920,0.414874,0.446095
1930,0.424482,0.444338
1940,0.425464,0.443347
1950,0.417833,0.442035
1960,0.416851,0.440745
1970,0.416915,0.43906
1980,0.420788,0.436461
1990,0.417963,0.436953
2000,0.417892,0.437454
2010,0.410712,0.436526
2020,0.412649,0.435104
2030,0.417971,0.431901
2040,0.417305,0.428137
2050,0.415897,0.429132
2060,0.415974,0.426228
2070,0.419921,0.425425
2080,0.423386,0.42593
2090,0.421818,0.424992
2100,0.424062,0.422193
2110,0.426833,0.422157
2120,0.423144,0.421299
2130,0.419049,0.420568
2140,0.417475,0.418367
2150,0.420792,0.417651
2160,0.416422,0.417295
2170,0.415599,0.417847
2180,0.419395,0.417021
2190,0.407793,0.414285
2200,0.406718,0.412227
2210,0.408095,0.411487
2220,0.40427,0.408403
2230,0.406175,0.409032
2240,0.41411,0.408091
2250,0.418455,0.407384
2260,0.40785,0.40523
2270,0.411195,0.40073
2280,0.407959,0.401934
2290,0.411601,0.400706
2300,0.410001,0.400266
2310,0.409055,0.397823
2320,0.409657,0.397315
2330,0.41104,0.395434
2340,0.408763,0.394532
2350,0.397263,0.392935
2360,0.39296,0.391463
2370,0.387499,0.391378
2380,0.38821,0.390276
2390,0.389916,0.389708
2400,0.390078,0.387958
2410,0.39389,0.384116
2420,0.393272,0.381804
2430,0.405795,0.381259
2440,0.404858,0.379917
2450,0.391245,0.377751
2460,0.381895,0.378166
2470,0.383701,0.377848
2480,0.387999,0.374181
2490,0.386341,0.374493
2500,0.390937,0.371823
2510,0.389413,0.372428
2520,0.396717,0.370986
2530,0.393188,0.370103
2540,0.388122,0.366755
2550,0.38666,0.364729
2560,0.394012,0.365146
2570,0.39373,0.362222
2580,0.399193,0.362066
2590,0.397517,0.359131
2600,0.393858,0.358409
2610,0.388582,0.355229
2620,0.386494,0.353364
2630,0.389047,0.352303
2640,0.379904,0.35123
2650,0.381034,0.35226
2660,0.377259,0.350006
2670,0.378096,0.34866
2680,0.378356,0.348977
2690,0.380138,0.346219
2700,0.37573,0.34287
2710,0.385591,0.34358
2720,0.380441,0.342126
2730,0.377964,0.34039
2740,0.378894,0.339233
2750,0.373169,0.33776
2760,0.369229,0.34124
2770,0.369259,0.339395
2780,0.369693,0.338843
2790,0.372993,0.340086
2800,0.372059,0.340284
2810,0.37432,0.340401
2820,0.372197,0.340524
2830,0.375561,0.337701
2840,0.372521,0.334906
2850,0.37497,0.334007
2860,0.376695,0.333438
2870,0.379271,0.333611
2880,0.37835,0.332049
2890,0.37263,0.332955
2900,0.37976,0.332923
2910,0.382142,0.331674
2920,0.380918,0.328122
2930,0.370835,0.327932
2940,0.372577,0.328272
2950,0.371429,0.326957
2960,0.374813,0.324998
2970,0.369996,0.327683
2980,0.370057,0.326916
2990,0.369892,0.326155
3000,0.369337,0.326479
3010,0.367426,0.325769
3020,0.364774,0.324847
3030,0.361884,0.323995
3040,0.358856,0.321212
3050,0.356818,0.318408
3060,0.361832,0.320695
3070,0.364811,0.322346
3080,0.360092,0.323145
3090,0.362466,0.322845
3100,0.355962,0.323407
3110,0.358652,0.323971
3120,0.355452,0.323253
3130,0.357853,0.325104
3140,0.359609,0.324999
3150,0.361977,0.323758
3160,0.370009,0.324622
3170,0.375368,0.325751
3180,0.375405,0.32584
3190,0.379182,0.327268
3200,0.378895,0.32662
3210,0.38231,0.327609
3220,0.370906,0.32788
3230,0.360415,0.328184
3240,0.359358,0.331371
3250,0.365914,0.333436
3260,0.365868,0.333309
3270,0.365783,0.333709
3280,0.363261,0.33562
3290,0.36532,0.335534
3300,0.359418,0.334399
3310,0.358801,0.334807
3320,0.357187,0.334497
3330,0.362849,0.334553
3340,0.358681,0.334352
3350,0.352984,0.335585
3360,0.350138,0.337537
3370,0.346489,0.341281
3380,0.350718,0.343032
3390,0.347807,0.345398
3400,0.347998,0.346942
3410,0.343242,0.348117
3420,0.345667,0.347882
3430,0.342933,0.348278
3440,0.345462,0.350738
3450,0.34222,0.353757
3460,0.337227,0.35501
3470,0.345281,0.356843
3480,0.342685,0.359445
3490,0.353128,0.361116
3500,0.357765,0.36201
3510,0.359288,0.363482
3520,0.358763,0.364415
3530,0.360732,0.367014
3540,0.357907,0.370189
3550,0.358157,0.373952
3560,0.359853,0.378128
3570,0.357542,0.379852
3580,0.357112,0.380022
3590,0.355959,0.382868
3600,0.356874,0.384567
3610,0.351229,0.385691
3620,0.349208,0.387151
3630,0.355304,0.391804
3640,0.35655,0.393996
3650,0.34528,0.39724
3660,0.346924,0.398217
3670,0.355856,0.399824
3680,0.347547,0.401939
3690,0.351618,0.403877
3700,0.356902,0.407885
3710,0.355801,0.410258
3720,0.356854,0.41418
3730,0.352755,0.415693
3740,0.359457,0.41798
3750,0.366534,0.420173
3760,0.360801,0.423315
3770,0.364077,0.425568
3780,0.367655,0.430701
3790,0.371297,0.434426
3800,0.361636,0.43851
3810,0.356262,0.440679
3820,0.356193,0.445408
3830,0.357443,0.449625
3840,0.354969,0.450965
3850,0.357787,0.453863
3860,0.355757,0.457134
3870,0.358246,0.461786
3880,0.361662,0.465852
3890,0.377834,0.466237
3900,0.372942,0.470115
3910,0.377685,0.474295
3920,0.37235,0.477464
3930,0.370784,0.481592
3940,0.366426,0.483938
3950,0.375439,0.487789
3960,0.370183,0.490048
3970,0.367162,0.49121
3980,0.365342,0.491601
3990,0.367182,0.494553
4000,0.365478,0.498641
4010,0.377438,0.497966
4020,0.374071,0.500132
4030,0.372394,0.503109
4040,0.36035,0.505304
4050,0.363343,0.509058
4060,0.367023,0.513184
4070,0.358593,0.512576
4080,0.358353,0.516849
4090,0.367824,0.519837
4100,0.370924,0.518078
4110,0.376356,0.521179
4120,0.374949,0.523319
4130,0.371499,0.524732
4140,0.371942,0.5271
4150,0.380196,0.529712
4160,0.384102,0.530987
4170,0.37834,0.532802
4180,0.380041,0.535085
4190,0.370676,0.537399
4200,0.366203,0.537973
4210,0.368892,0.542059
4220,0.365329,0.545941
4230,0.36535,0.543974
4240,0.363675,0.546846
4250,0.363222,0.549532
4260,0.360951,0.551756
4270,0.365268,0.550551
4280,0.363278,0.553979
4290,0.378631,0.558966
4300,0.37671,0.558934
4310,0.377027,0.562733
4320,0.372904,0.564644
4330,0.378468,0.566002
4340,0.374449,0.570523
4350,0.370436,0.570638
4360,0.369871,0.569512
4370,0.37219,0.5724
4380,0.368623,0.574923
4390,0.372142,0.579517
4400,0.372324,0.580872
4410,0.366671,0.582886
4420,0.369532,0.58672
4430,0.366062,0.586391
4440,0.364549,0.590711
4450,0.367052,0.590292
4460,0.371832,0.593284
4470,0.372423,0.595294
4480,0.368635,0.597571
4490,0.363142,0.598663
4500,0.368335,0.600562
4510,0.36547,0.602217
4520,0.365427,0.604029
4530,0.367541,0.606823
4540,0.358448,0.607
4550,0.358533,0.612479
4560,0.364475,0.613097
4570,0.361983,0.616291
4580,0.356088,0.617135
4590,0.354731,0.617139
4600,0.357472,0.617421
4610,0.362173,0.61915
4620,0.360182,0.619087
4630,0.358766,0.617816
4640,0.361304,0.61903
4650,0.362966,0.619954
4660,0.363356,0.619843
4670,0.370763,0.621098
4680,0.368137,0.619518
4690,0.376717,0.621955
4700,0.367416,0.624715
4710,0.362823,0.623623
4720,0.365792,0.625104
4730,0.367914,0.627157
4740,0.364393,0.628972
4750,0.357796,0.626907
4760,0.353878,0.628444
4770,0.352248,0.629886
4780,0.351064,0.63254
4790,0.344533,0.631054
4800,0.346876,0.63122
4810,0.348073,0.632821
4820,0.343913,0.630389
4830,0.343265,0.630945
4840,0.343811,0.629455
4850,0.342305,0.62906
4860,0.344078,0.626788
4870,0.344642,0.627955
4880,0.340113,0.626871
4890,0.343958,0.624078
4900,0.346838,0.625379
4910,0.352838,0.621736
4920,0.345977,0.620078
4930,0.337871,0.61767
4940,0.339507,0.616245
4950,0.341953,0.616887
4960,0.340134,0.61589
4970,0.343963,0.614866
4980,0.343616,0.612104
4990,0.345475,0.61107
5000,0.343832,0.610599
5010,0.348847,0.608182
5020,0.35,0.608128
5030,0.350206,0.60586
5040,0.355496,0.603908
5050,0.356857,0.604357
5060,0.353981,0.602973
5070,0.361211,0.599639
5080,0.357516,0.600739
5090,0.3475,0.599851
5100,0.342165,0.595877
5110,0.351344,0.593923
5120,0.349368,0.592554
5130,0.348855,0.591703
5140,0.349497,0.585854
5150,0.346352,0.585648
5160,0.351313,0.58231
5170,0.346916,0.580047
5180,0.345184,0.578547
5190,0.345014,0.577304
5200,0.339623,0.575138
5210,0.338006,0.572729
5220,0.34699,0.570798
5230,0.345575,0.56737
5240,0.343995,0.56442
5250,0.33487,0.564539
5260,0.342373,0.563419
5270,0.335931,0.560814
5280,0.345003,0.557044
5290,0.339185,0.554796
5300,0.33293,0.552365
5310,0.343061,0.550662
5320,0.343798,0.549281
5330,0.331722,0.547647
5340,0.332298,0.546966
5350,0.330265,0.543537
5360,0.331716,0.540082
5370,0.332463,0.538222
5380,0.336887,0.535679
5390,0.33442,0.533383
5400,0.329914,0.532315
5410,0.330793,0.529546
5420,0.332359,0.527568
5430,0.32651,0.527244
5440,0.32274,0.524721
5450,0.321588,0.519684
5460,0.322371,0.519614
5470,0.327812,0.515828
5480,0.323239,0.515329
5490,0.320569,0.512641
5500,0.311951,0.512013
5510,0.319392,0.509991
5520,0.319663,0.507359
5530,0.316475,0.504854
5540,0.325577,0.502824
5550,0.321342,0.500771
5560,0.317423,0.498001
5570,0.320598,0.495284
5580,0.322634,0.494601
5590,0.324386,0.491291
5600,0.328386,0.488244
5610,0.331573,0.488175
5620,0.331253,0.484422
5630,0.329292,0.482329
5640,0.326151,0.480844
5650,0.32432,0.478632
5660,0.320203,0.47631
5670,0.321519,0.474732
5680,0.322399,0.471536
5690,0.321618,0.467571
5700,0.326492,0.465509
5710,0.324476,0.463345
5720,0.324469,0.459429
5730,0.320088,0.458344
5740,0.32074,0.454263
5750,0.322041,0.452496
5760,0.333075,0.452096
5770,0.328283,0.449398
5780,0.326523,0.447052
5790,0.330844,0.44703
5800,0.326268,0.444079
5810,0.328031,0.440782
5820,0.331412,0.439444
5830,0.333561,0.436181
5840,0.338214,0.436833
5850,0.340669,0.432914
5860,0.34671,0.427947
5870,0.34781,0.428219
5880,0.345111,0.422683
5890,0.346326,0.419517
5900,0.343106,0.418961
5910,0.347618,0.418261
5920,0.345387,0.417798
5930,0.35524,0.415678
5940,0.351589,0.411849
5950,0.354349,0.41092
5960,0.358171,0.409219
5970,0.352275,0.405142
5980,0.35571,0.404582
5990,0.357891,0.401111
6000,0.362893,0.395566
6010,0.363546,0.394177
6020,0.352561,0.390908
6030,0.36017,0.387585
6040,0.352268,0.387062
6050,0.352299,0.384174
6060,0.347255,0.380267
6070,0.351551,0.375247
6080,0.344403,0.373207
6090,0.340104,0.368945
6100,0.338427,0.368781
6110,0.33369,0.363128
6120,0.333297,0.35868
6130,0.328343,0.357192
6140,0.331809,0.35373
6150,0.330391,0.348789
6160,0.332334,0.349238
6170,0.337157,0.344591
6180,0.339709,0.340194
6190,0.33999,0.339961
6200,0.34051,0.334757
6210,0.338984,0.330197
6220,0.34488,0.33077
6230,0.349023,0.327006
6240,0.351893,0.327942
6250,0.347133,0.324138
6260,0.352982,0.325148
6270,0.351923,0.322042
6280,0.343843,0.317643
6290,0.350029,0.317143
6300,0.350544,0.31409
6310,0.353612,0.313415
6320,0.350978,0.309669
6330,0.350066,0.305559
6340,0.343889,0.302528
6350,0.347274,0.300985
6360,0.350887,0.299568
6370,0.347645,0.298676
6380,0.350904,0.29633
6390,0.358534,0.294662
6400,0.349174,0.295283
6410,0.349982,0.291605
6420,0.346033,0.287442
6430,0.348209,0.288567
6440,0.346653,0.284288
6450,0.351581,0.28602
6460,0.352248,0.282113
6470,0.350512,0.279826
6480,0.346418,0.280123
6490,0.345118,0.276558
6500,0.349495,0.273793
6510,0.345864,0.273508
6520,0.348964,0.269708
6530,0.348013,0.269105
6540,0.339621,0.266584
6550,0.341234,0.263529
6560,0.338399,0.259853
6570,0.336893,0.256723
6580,0.337197,0.257089
6590,0.331001,0.253923
6600,0.335107,0.250855
6610,0.34407,0.24949
6620,0.338033,0.249006
6630,0.342968,0.24649
6640,0.338796,0.243336
6650,0.33995,0.241894
6660,0.333415,0.239877
6670,0.327727,0.238735
6680,0.327668,0.237606
6690,0.3297,0.235324
6700,0.332178,0.233837
6710,0.330632,0.23334
6720,0.321118,0.231457
6730,0.316396,0.228226
6740,0.311494,0.225638
6750,0.31075,0.225258
6760,0.307556,0.222586
6770,0.311584,0.223955
6780,0.309503,0.221859
6790,0.30862,0.220536
6800,0.307858,0.219641
6810,0.302713,0.215707
6820,0.303246,0.215239
6830,0.303441,0.215035
6840,0.302893,0.213106
6850,0.297243,0.210836
6860,0.29614,0.209742
6870,0.292076,0.207863
6880,0.287847,0.205853
6890,0.284413,0.205653
6900,0.27905,0.203578
6910,0.281897,0.203452
6920,0.288484,0.204622
6930,0.288111,0.203984
6940,0.285937,0.203968
6950,0.288104,0.203948
6960,0.28598,0.202308
6970,0.28469,0.204034
6980,0.283733,0.204203
6990,0.282133,0.204292
7000,0.282465,0.204715
7010,0.281226,0.203977
7020,0.280404,0.203365
7030,0.283677,0.204443
7040,0.279732,0.203653
7050,0.280742,0.204541
7060,0.280084,0.204428
7070,0.281244,0.205401
7080,0.285785,0.206202
7090,0.289392,0.205486
7100,0.285025,0.205308
7110,0.28596,0.205362
7120,0.287177,0.203778
7130,0.285937,0.204872
7140,0.288832,0.205606
7150,0.286443,0.204451
7160,0.282377,0.203552
7170,0.278405,0.201174
7180,0.282444,0.203329
7190,0.286412,0.2037
7200,0.283732,0.20248
7210,0.285447,0.202704
7220,0.283076,0.203104
7230,0.281361,0.203289
7240,0.281598,0.204021
7250,0.280816,0.204239
7260,0.281478,0.20545
7270,0.282679,0.204676
7280,0.281738,0.203345
7290,0.284456,0.202199
7300,0.284321,0.200952
7310,0.287109,0.200263
7320,0.282529,0.201254
7330,0.278257,0.197387
7340,0.279716,0.197376
7350,0.282366,0.197647
7360,0.284656,0.199631
7370,0.285743,0.199417
7380,0.289953,0.199433
7390,0.298109,0.199462
7400,0.30077,0.199843
7410,0.298253,0.200047
7420,0.294652,0.198566
7430,0.297415,0.200121
7440,0.295673,0.200367
7450,0.299916,0.201523
7460,0.299625,0.200196
7470,0.293879,0.200606
7480,0.293804,0.201768
7490,0.301389,0.203042
7500,0.298849,0.20464
7510,0.29541,0.202245
7520,0.29572,0.200767
7530,0.293919,0.201149
7540,0.29408,0.20166
7550,0.292246,0.201927
7560,0.295301,0.199918
7570,0.301646,0.201961
7580,0.300711,0.202981
7590,0.294561,0.203339
7600,0.297931,0.203834
7610,0.302309,0.20352
7620,0.299031,0.202509
7630,0.295431,0.202379
7640,0.297505,0.201495
7650,0.300581,0.203146
7660,0.29762,0.203033
7670,0.294453,0.203253
7680,0.295735,0.202572
7690,0.295689,0.204949
7700,0.294791,0.205122
7710,0.290608,0.203682
7720,0.290922,0.203265
7730,0.287485,0.203334
7740,0.285762,0.203561
7750,0.284193,0.203327
7760,0.290568,0.202847
7770,0.287847,0.203511
7780,0.289086,0.203446
7790,0.28931,0.203365
7800,0.286753,0.203601
7810,0.286824,0.203802
7820,0.285892,0.202374
7830,0.284462,0.202898
7840,0.286527,0.203028
7850,0.282619,0.200602
7860,0.284461,0.20018
7870,0.28249,0.19908
7880,0.281248,0.198281
7890,0.277022,0.198197
7900,0.278677,0.198221
7910,0.280845,0.196862
7920,0.280681,0.196085
7930,0.279272,0.194921
7940,0.278856,0.193818
7950,0.276084,0.191971
7960,0.276532,0.193092
7970,0.274436,0.1936
7980,0.274593,0.193176
7990,0.268362,0.191495
8000,0.26691,0.190679
8010,0.268194,0.190633
8020,0.270126,0.19065
8030,0.265002,0.189899
8040,0.263517,0.189841
8050,0.267659,0.18963
8060,0.265554,0.18844
8070,0.267731,0.188802
8080,0.26557,0.187527
8090,0.261459,0.186996
8100,0.260128,0.184765
8110,0.263594,0.182549
8120,0.258876,0.180348
8130,0.262673,0.17905
8140,0.263512,0.178185
8150,0.257018,0.176704
8160,0.255143,0.176311
8170,0.25561,0.17536
8180,0.256675,0.173815
8190,0.255885,0.171656
8200,0.253548,0.169375
8210,0.248267,0.167644
8220,0.242683,0.166544
8230,0.240743,0.16504
8240,0.23734,0.163232
8250,0.238266,0.162152
8260,0.236933,0.16211
8270,0.236279,0.161977
8280,0.231397,0.161133
8290,0.233574,0.161089
8300,0.229816,0.159501
8310,0.228458,0.15868
8320,0.224373,0.156551
8330,0.223317,0.155259
8340,0.221955,0.155048
8350,0.219491,0.154493
8360,0.22093,0.154251
8370,0.21933,0.153023
8380,0.2138,0.150722
8390,0.215737,0.150865
8400,0.213484,0.151066
8410,0.215906,0.151206
8420,0.211847,0.150148
8430,0.211839,0.150867
8440,0.214857,0.149709
8450,0.216904,0.148898
8460,0.212871,0.147649
8470,0.215561,0.147096
8480,0.213604,0.146543
8490,0.211065,0.145496
8500,0.208707,0.143308
8510,0.201232,0.139475
8520,0.199706,0.139721
8530,0.195778,0.138157
8540,0.194001,0.13667
8550,0.194795,0.137028
8560,0.196078,0.136566
8570,0.195424,0.136485
8580,0.194908,0.133829
8590,0.194989,0.133297
8600,0.193326,0.132747
8610,0.189387,0.130476
8620,0.19056,0.130161
8630,0.186371,0.127672
8640,0.184064,0.126613
8650,0.183908,0.126775
8660,0.181271,0.125059
8670,0.175237,0.122331
8680,0.175655,0.121243
8690,0.176559,0.121375
8700,0.175492,0.119352
8710,0.174548,0.119495
8720,0.173087,0.119102
8730,0.169994,0.118517
8740,0.169751,0.118267
8750,0.17086,0.119504
8760,0.170667,0.119633
8770,0.168132,0.118845
8780,0.16751,0.11923
8790,0.1651,0.118463
8800,0.166977,0.119077
8810,0.164703,0.117603
8820,0.163103,0.117209
8830,0.161731,0.116431
8840,0.160442,0.115572
8850,0.161209,0.114269
8860,0.16151,0.114301
8870,0.161408,0.115342
8880,0.159191,0.114838
8890,0.158494,0.113027
8900,0.1576,0.11237
8910,0.158168,0.111869
8920,0.156314,0.111399
8930,0.15662,0.112375
8940,0.154894,0.110586
8950,0.15447,0.10959
8960,0.152832,0.108064
8970,0.156192,0.108018
8980,0.156886,0.108855
8990,0.155004,0.108216
9000,0.156491,0.109014
9010,0.154539,0.107272
9020,0.153356,0.107061
9030,0.151192,0.106296
9040,0.149764,0.105448
9050,0.147484,0.104093
9060,0.14649,0.103418
9070,0.144431,0.102053
9080,0.142271,0.100353
9090,0.144139,0.0998444
9100,0.141145,0.0989783
9110,0.141942,0.0987051
9120,0.139479,0.0970388
9130,0.140639,0.0968482
9140,0.140322,0.0968518
9150,0.137609,0.0952062
9160,0.135752,0.0945132
9170,0.13637,0.0948126
9180,0.134242,0.0937614
9190,0.135133,0.0932404
9200,0.131305,0.0916793
9210,0.132884,0.0923933
9220,0.132184,0.0926379
9230,0.13096,0.0916891
9240,0.127517,0.0898702
9250,0.128108,0.0900605
9260,0.128387,0.0904939
9270,0.128469,0.0903571
9280,0.12808,0.0897709
9290,0.126389,0.0888252
9300,0.126543,0.0886652
9310,0.125788,0.087512
9320,0.124159,0.0870857
9330,0.123401,0.0860058
9340,0.121471,0.0851953
9350,0.120455,0.0845107
9360,0.117647,0.0835607
9370,0.116955,0.0835118
9380,0.114435,0.0820363
9390,0.114956,0.0821926
9400,0.111945,0.0798925
9410,0.112033,0.0795859
9420,0.111891,0.079089
9430,0.112018,0.078998
9440,0.109876,0.0768851
9450,0.107541,0.0752019
9460,0.107112,0.0745674
9470,0.103688,0.0725449
9480,0.106,0.0727634
9490,0.105604,0.0726863
9500,0.106681,0.0723137
9510,0.104643,0.0708856
9520,0.104573,0.0702378
9530,0.104168,0.0701839
9540,0.103496,0.0692697
9550,0.102559,0.0687184
9560,0.100823,0.067659
9570,0.0977902,0.0655983
9580,0.0983859,0.065722
9590,0.0982882,0.066366
9600,0.0995402,0.0669907
9610,0.0981586,0.0661839
9620,0.0963332,0.0649574
9630,0.0955369,0.0645568
9640,0.0932047,0.0630263
9650,0.0923154,0.0624343
9660,0.0922618,0.063316
9670,0.0900068,0.0625207
9680,0.0897876,0.062513
9690,0.0873636,0.0609741
9700,0.0888656,0.0619609
9710,0.090348,0.0624787
9720,0.0891523,0.0610211
9730,0.089044,0.0606797
9740,0.0875179,0.0600308
9750,0.0849358,0.0582254
9760,0.0833423,0.0573553
9770,0.0820214,0.0558715
9780,0.0820775,0.0557855
9790,0.0799328,0.0549085
9800,0.0807007,0.055298
9810,0.080395,0.0551849
9820,0.0786018,0.0543194
9830,0.07855,0.0534358
9840,0.078097,0.0528788
9850,0.0769304,0.0522082
9860,0.0757018,0.0512192
9870,0.0753729,0.0517049
9880,0.072841,0.0502352
9890,0.0728905,0.0498664
9900,0.0713005,0.049127
9910,0.071328,0.0489608
9920,0.0706342,0.0485284
9930,0.0697448,0.0478586
9940,0.0679792,0.0463975
9950,0.0672212,0.0459633
9960,0.0670524,0.0463087
9970,0.0673493,0.0460365
9980,0.0670605,0.0456879
9990,0.0648399,0.0441924
