0,0.499999,0.499954
100,0.491868,0.49937
200,0.496397,0.49984
300,0.493169,0.500432
400,0.48864,0.50005
500,0.492684,0.500204
600,0.490207,0.500127
700,0.487693,0.499429
800,0.490874,0.499213
900,0.493738,0.49818
1000,0.495136,0.498137
1100,0.490541,0.499224
1200,0.490106,0.499068
1300,0.498081,0.499597
1400,0.49359,0.499259
1500,0.487502,0.499008
1600,0.493516,0.498444
1700,0.486546,0.498176
1800,0.481565,0.497366
1900,0.491449,0.497802
2000,0.489552,0.497592
2100,0.494748,0.497147
2200,0.492339,0.49746
2300,0.487577,0.496691
2400,0.497856,0.496804
2500,0.488006,0.496486
2600,0.49513,0.49523
2700,0.487209,0.495044
2800,0.497645,0.494457
2900,0.480878,0.493611
3000,0.478329,0.4929
3100,0.484718,0.491207
3200,0.489576,0.490839
3300,0.492623,0.490679
3400,0.490705,0.49025
3500,0.490493,0.489725
3600,0.481885,0.488738
3700,0.472167,0.488114
3800,0.47516,0.487379
3900,0.49157,0.487725
4000,0.498897,0.487109
4100,0.486336,0.486694
4200,0.491566,0.48533
4300,0.486383,0.483884
4400,0.480361,0.483013
4500,0.493984,0.482499
4600,0.486612,0.482457
4700,0.480562,0.482249
4800,0.486671,0.481241
4900,0.479823,0.479821
5000,0.469072,0.479477
5100,0.486405,0.47886
5200,0.487999,0.478288
5300,0.492575,0.4774
5400,0.489106,0.475784
5500,0.487667,0.474179
5600,0.476524,0.471867
5700,0.486476,0.468563
5800,0.484624,0.465087
5900,0.489338,0.461976
6000,0.487528,0.459045
6100,0.484827,0.456685
6200,0.481347,0.453719
6300,0.491385,0.451722
6400,0.489846,0.449638
6500,0.487498,0.447237
6600,0.48039,0.445118
6700,0.482166,0.443422
6800,0.487428,0.440905
6900,0.487941,0.438572
7000,0.482502,0.436305
7100,0.482685,0.434383
7200,0.479452,0.43168
7300,0.481739,0.429626
7400,0.480534,0.427383
7500,0.46978,0.425055
7600,0.483429,0.423393
7700,0.482155,0.421994
7800,0.475785,0.42142
7900,0.481904,0.420191
8000,0.471475,0.419412
8100,0.478254,0.417994
8200,0.466292,0.416894
8300,0.473248,0.415377
8400,0.467896,0.413876
8500,0.461671,0.412198
8600,0.472077,0.411608
8700,0.47578,0.411135
8800,0.479698,0.409767
8900,0.470966,0.408852
9000,0.460426,0.408679
9100,0.469968,0.408572
9200,0.471742,0.407941
9300,0.478847,0.40861
9400,0.472015,0.408679
9500,0.463723,0.409003
9600,0.467256,0.408406
9700,0.472955,0.409281
9800,0.463636,0.408952
9900,0.459246,0.410269
10000,0.460776,0.410807
10100,0.473889,0.411647
10200,0.478219,0.412688
10300,0.481078,0.413972
10400,0.475945,0.415321
10500,0.46888,0.416249
10600,0.460542,0.418684
10700,0.477434,0.420736
10800,0.482788,0.422126
10900,0.482325,0.42337
11000,0.480101,0.424132
11100,0.482694,0.424499
11200,0.468894,0.424575
11300,0.479923,0.425052
11400,0.486988,0.425371
11500,0.484654,0.424766
11600,0.471329,0.424074
11700,0.47797,0.423382
11800,0.4869,0.42278
11900,0.481215,0.421807
12000,0.474409,0.421866
12100,0.477667,0.421731
12200,0.476098,0.421672
12300,0.480479,0.420546
12400,0.48137,0.420068
12500,0.478053,0.419098
12600,0.48006,0.418726
12700,0.482591,0.418447
12800,0.482897,0.418422
12900,0.47795,0.41766
13000,0.465592,0.416869
13100,0.47916,0.415843
13200,0.483868,0.415031
13300,0.464328,0.414197
13400,0.45655,0.413955
13500,0.472282,0.413966
13600,0.462008,0.413914
13700,0.479863,0.414108
13800,0.482289,0.414743
13900,0.483479,0.415767
14000,0.469774,0.415723
14100,0.473984,0.415769
14200,0.478648,0.41609
14300,0.4748,0.416892
14400,0.483404,0.417766
14500,0.473638,0.418314
14600,0.480752,0.420241
14700,0.487155,0.42081
14800,0.484672,0.42212
14900,0.482043,0.422394
15000,0.486582,0.424071
15100,0.476841,0.425391
15200,0.479198,0.426287
15300,0.482065,0.427423
15400,0.465383,0.4286
15500,0.483037,0.429725
15600,0.474433,0.431258
15700,0.486802,0.43257
15800,0.481254,0.433569
15900,0.47125,0.434677
16000,0.489098,0.435977
16100,0.487732,0.437449
16200,0.473252,0.438055
16300,0.481574,0.438658
16400,0.477966,0.439743
16500,0.483489,0.440255
16600,0.476665,0.440051
16700,0.487088,0.440362
16800,0.483748,0.440322
16900,0.475403,0.440412
17000,0.480495,0.440532
17100,0.480596,0.441024
17200,0.488204,0.440626
17300,0.485709,0.44144
17400,0.478791,0.441906
17500,0.486622,0.440704
17600,0.485449,0.440911
17700,0.468084,0.440607
17800,0.475401,0.439961
17900,0.49007,0.440463
18000,0.489485,0.440097
18100,0.488057,0.439759
18200,0.480856,0.440004
18300,0.477077,0.439488
18400,0.480201,0.439403
18500,0.487462,0.439227
18600,0.487776,0.439095
18700,0.480557,0.439387
18800,0.486224,0.438929
18900,0.484571,0.438703
19000,0.470535,0.437571
19100,0.467808,0.436736
19200,0.453354,0.436107
19300,0.466531,0.435874
19400,0.464265,0.43565
19500,0.478145,0.435382
19600,0.484424,0.434771
19700,0.476395,0.434663
19800,0.478785,0.433304
19900,0.473917,0.432545
20000,0.481517,0.431631
20100,0.467532,0.430859
20200,0.472041,0.429642
20300,0.476824,0.429528
20400,0.481884,0.429477
20500,0.483521,0.428717
20600,0.480148,0.427745
20700,0.487817,0.427099
20800,0.482279,0.426253
20900,0.469017,0.425712
21000,0.477791,0.425654
21100,0.480323,0.424815
21200,0.467858,0.423952
21300,0.467739,0.423369
21400,0.48272,0.42263
21500,0.477106,0.421428
21600,0.480165,0.420759
21700,0.475326,0.420458
21800,0.46993,0.420089
21900,0.472042,0.419081
22000,0.480033,0.419248
22100,0.478839,0.418736
22200,0.479945,0.417676
22300,0.481668,0.417538
22400,0.479129,0.417982
22500,0.478526,0.418399
22600,0.476398,0.419023
22700,0.472194,0.419585
22800,0.461524,0.419806
22900,0.467779,0.420166
23000,0.459969,0.419934
23100,0.474664,0.419538
23200,0.47844,0.419232
23300,0.484222,0.41817
23400,0.47175,0.416903
23500,0.469022,0.415186
23600,0.464219,0.413402
23700,0.466476,0.412507
23800,0.466574,0.412034
23900,0.477295,0.410211
24000,0.471708,0.407615
24100,0.480022,0.406325
24200,0.470829,0.40443
24300,0.473064,0.402619
24400,0.474349,0.401443
24500,0.47068,0.399813
24600,0.472984,0.397685
24700,0.471702,0.395653
24800,0.468052,0.393179
24900,0.473148,0.390554
25000,0.465772,0.389176
25100,0.455761,0.387649
25200,0.461399,0.386278
25300,0.455439,0.384433
25400,0.453346,0.383077
25500,0.44242,0.381615
25600,0.437024,0.379146
25700,0.453922,0.37759
25800,0.451099,0.375906
25900,0.444155,0.373693
26000,0.445559,0.371544
26100,0.4516,0.369107
26200,0.448983,0.367582
26300,0.453144,0.365039
26400,0.446403,0.362865
26500,0.445105,0.36131
26600,0.442506,0.359064
26700,0.45005,0.356698
26800,0.445538,0.354202
26900,0.449365,0.351484
27000,0.448589,0.349893
27100,0.443167,0.348413
27200,0.43714,0.348083
27300,0.441493,0.346592
27400,0.445354,0.345502
27500,0.438922,0.344872
27600,0.437652,0.344348
27700,0.440384,0.344348
27800,0.427949,0.344039
27900,0.443759,0.344481
28000,0.435273,0.34437
28100,0.446879,0.344955
28200,0.433362,0.34574
28300,0.448581,0.346609
28400,0.448,0.346904
28500,0.456121,0.34857
28600,0.452801,0.350039
28700,0.445157,0.351317
28800,0.441712,0.352419
28900,0.44767,0.351827
29000,0.451495,0.352205
29100,0.438165,0.353062
29200,0.441888,0.35433
29300,0.439227,0.354777
29400,0.435908,0.354658
29500,0.436157,0.354704
29600,0.436161,0.354965
29700,0.437219,0.354764
29800,0.432897,0.353777
29900,0.437142,0.352261
30000,0.446411,0.351266
30100,0.428335,0.350199
30200,0.439416,0.348976
30300,0.442124,0.347324
30400,0.433612,0.34653
30500,0.423924,0.346343
30600,0.425117,0.344999
30700,0.434283,0.344399
30800,0.439769,0.343194
30900,0.442731,0.342452
31000,0.439661,0.342003
31100,0.422473,0.34113
31200,0.440231,0.340658
31300,0.446612,0.339767
31400,0.436171,0.339159
31500,0.439697,0.338792
31600,0.423118,0.339094
31700,0.444774,0.338569
31800,0.43587,0.336932
31900,0.442054,0.336426
32000,0.436953,0.33526
32100,0.439208,0.334375
32200,0.438296,0.334515
32300,0.443131,0.334627
32400,0.438118,0.335019
32500,0.43045,0.33545
32600,0.434394,0.336028
32700,0.442939,0.336633
32800,0.432016,0.337002
32900,0.439339,0.337796
33000,0.443056,0.337962
33100,0.442195,0.33863
33200,0.432409,0.339104
33300,0.441536,0.339985
33400,0.436583,0.341056
33500,0.444806,0.341684
33600,0.429568,0.342248
33700,0.436079,0.343381
33800,0.441686,0.34413
33900,0.446123,0.344545
34000,0.450061,0.344948
34100,0.439295,0.345654
34200,0.451233,0.345342
34300,0.445228,0.345522
34400,0.437605,0.34484
34500,0.446167,0.344888
34600,0.428762,0.344743
34700,0.421206,0.345402
34800,0.442678,0.345702
34900,0.437865,0.345081
35000,0.418601,0.345729
35100,0.441125,0.34585
35200,0.448905,0.345394
35300,0.441811,0.344317
35400,0.441289,0.343314
35500,0.440727,0.342171
35600,0.433316,0.34101
35700,0.423399,0.339957
35800,0.406622,0.338299
35900,0.414567,0.337482
36000,0.422439,0.337205
36100,0.43665,0.336059
36200,0.433305,0.334609
36300,0.426208,0.333393
36400,0.43493,0.331657
36500,0.44333,0.330446
36600,0.4422,0.329567
36700,0.435019,0.328008
36800,0.426128,0.327081
36900,0.425767,0.325649
37000,0.421185,0.323888
37100,0.410877,0.323213
37200,0.429595,0.322267
37300,0.41734,0.321293
37400,0.425503,0.31983
37500,0.42253,0.318244
37600,0.425406,0.317252
37700,0.414162,0.316257
37800,0.432081,0.315246
37900,0.425793,0.314413
38000,0.416421,0.313312
38100,0.401508,0.31217
38200,0.425305,0.312266
38300,0.413495,0.312032
38400,0.408027,0.311962
38500,0.407954,0.31166
38600,0.407872,0.312516
38700,0.412659,0.31323
38800,0.417945,0.313423
38900,0.425017,0.313182
39000,0.419345,0.313552
39100,0.413464,0.313452
39200,0.428077,0.313174
39300,0.429945,0.312405
39400,0.428791,0.311937
39500,0.418032,0.311902
39600,0.424094,0.311934
39700,0.424824,0.312981
39800,0.421321,0.313673
39900,0.421284,0.314244
40000,0.423966,0.31481
40100,0.427208,0.315662
40200,0.41127,0.316254
40300,0.43242,0.317671
40400,0.42699,0.318507
40500,0.425361,0.31925
40600,0.419585,0.319704
40700,0.420686,0.320513
40800,0.419326,0.32149
40900,0.418647,0.323111
41000,0.415623,0.324166
41100,0.427369,0.324448
41200,0.436173,0.324623
41300,0.435456,0.324913
41400,0.432373,0.32493
41500,0.427222,0.323131
41600,0.415305,0.321957
41700,0.428318,0.320381
41800,0.420304,0.318269
41900,0.426485,0.316491
42000,0.42077,0.314711
42100,0.424421,0.313391
42200,0.426315,0.312369
42300,0.416843,0.311202
42400,0.425922,0.30997
42500,0.420992,0.309589
42600,0.421391,0.308057
42700,0.419142,0.30652
42800,0.41729,0.305272
42900,0.422991,0.304985
43000,0.414571,0.30426
43100,0.408789,0.303729
43200,0.42341,0.304003
43300,0.426553,0.304892
43400,0.417325,0.305937
43500,0.413914,0.306243
43600,0.420987,0.30774
43700,0.426921,0.307888
43800,0.421916,0.308648
43900,0.419869,0.309667
44000,0.404683,0.310788
44100,0.419687,0.312461
44200,0.418512,0.312371
44300,0.421791,0.312991
44400,0.422019,0.313468
44500,0.426324,0.313615
44600,0.423933,0.31312
44700,0.417334,0.312699
44800,0.418235,0.31205
44900,0.41254,0.311649
45000,0.404489,0.310882
45100,0.414833,0.310224
45200,0.417213,0.309392
45300,0.400653,0.30775
45400,0.385438,0.307281
45500,0.402086,0.306419
45600,0.404702,0.305
45700,0.400193,0.303787
45800,0.4098,0.302831
45900,0.401386,0.301157
46000,0.414752,0.300019
46100,0.408476,0.298356
46200,0.399675,0.29708
46300,0.404258,0.296035
46400,0.39633,0.29513
46500,0.392103,0.293921
46600,0.408733,0.292818
46700,0.405995,0.291881
46800,0.402075,0.291396
46900,0.408911,0.290278
47000,0.406012,0.289326
47100,0.411684,0.288813
47200,0.408862,0.288037
47300,0.402524,0.28752
47400,0.396479,0.286825
47500,0.404287,0.286644
47600,0.398909,0.286588
47700,0.39119,0.286141
47800,0.386546,0.286941
47900,0.411484,0.288056
48000,0.397081,0.288415
48100,0.379476,0.28924
48200,0.38636,0.290148
48300,0.397808,0.29038
48400,0.390486,0.291254
48500,0.398131,0.292392
48600,0.397336,0.293695
48700,0.394485,0.293789
48800,0.407165,0.294908
48900,0.39547,0.294979
49000,0.402045,0.29604
49100,0.402087,0.296129
49200,0.403711,0.295779
49300,0.405701,0.295429
49400,0.404786,0.294472
49500,0.385958,0.29347
49600,0.395508,0.292755
49700,0.391512,0.290934
49800,0.402398,0.289123
49900,0.387433,0.28753
50000,0.400553,0.2859
50100,0.38476,0.284284
50200,0.393778,0.282927
50300,0.39529,0.28172
50400,0.403318,0.280915
50500,0.403737,0.279605
50600,0.399285,0.27827
50700,0.388407,0.276914
50800,0.377268,0.275651
50900,0.390765,0.274496
51000,0.388112,0.273766
51100,0.384162,0.272396
51200,0.382353,0.271198
51300,0.385914,0.269865
51400,0.383543,0.268599
51500,0.386304,0.266706
51600,0.387429,0.264866
51700,0.39187,0.263782
51800,0.383631,0.262526
51900,0.385423,0.261835
52000,0.376778,0.260556
52100,0.366605,0.259413
52200,0.378592,0.258471
52300,0.377586,0.257775
52400,0.380368,0.257308
52500,0.378965,0.256558
52600,0.379426,0.255897
52700,0.374864,0.255354
52800,0.379064,0.254379
52900,0.36549,0.253589
53000,0.378934,0.253335
53100,0.374123,0.252541
53200,0.370528,0.25267
53300,0.385004,0.2524
53400,0.37117,0.252047
53500,0.366646,0.252768
53600,0.358873,0.254041
53700,0.356727,0.254826
53800,0.363879,0.255606
53900,0.364976,0.255834
54000,0.35309,0.256005
54100,0.367162,0.256557
54200,0.367435,0.256073
54300,0.359591,0.256541
54400,0.3657,0.255776
54500,0.365865,0.255106
54600,0.368294,0.254777
54700,0.375211,0.254212
54800,0.365688,0.254284
54900,0.367521,0.254422
55000,0.382596,0.255424
55100,0.378997,0.25597
55200,0.383549,0.256417
55300,0.379479,0.256898
55400,0.379181,0.257781
55500,0.375653,0.258194
55600,0.374432,0.259093
55700,0.373349,0.259944
55800,0.367828,0.260782
55900,0.370993,0.261298
56000,0.377626,0.2618
56100,0.371975,0.262244
56200,0.372713,0.263067
56300,0.383578,0.263658
56400,0.380038,0.265319
56500,0.375464,0.266269
56600,0.369205,0.26701
56700,0.385416,0.267242
56800,0.392183,0.267825
56900,0.389063,0.268061
57000,0.387094,0.268647
57100,0.383325,0.268989
57200,0.375281,0.26927
57300,0.372422,0.269747
57400,0.374709,0.269073
57500,0.376008,0.268837
57600,0.384026,0.267589
57700,0.387437,0.266822
57800,0.379683,0.265348
57900,0.385274,0.264475
58000,0.363569,0.262616
58100,0.362488,0.261744
58200,0.369264,0.260756
58300,0.379417,0.259285
58400,0.363462,0.25821
58500,0.369255,0.257084
58600,0.367137,0.256146
58700,0.375867,0.254967
58800,0.370894,0.253149
58900,0.353925,0.252064
59000,0.352299,0.251254
59100,0.348128,0.249929
59200,0.355493,0.249004
59300,0.357402,0.247743
59400,0.347409,0.246525
59500,0.349649,0.245744
59600,0.343466,0.244812
59700,0.349,0.243806
59800,0.345682,0.24223
59900,0.348491,0.240934
60000,0.356398,0.239391
60100,0.341717,0.238372
60200,0.343374,0.23712
60300,0.355296,0.236013
60400,0.350227,0.234806
60500,0.354986,0.233959
60600,0.359148,0.232516
60700,0.354879,0.231831
60800,0.340813,0.23049
60900,0.335901,0.229096
61000,0.323055,0.228012
61100,0.326669,0.227464
61200,0.332911,0.227128
61300,0.340569,0.225759
61400,0.323171,0.224579
61500,0.314093,0.222935
61600,0.317095,0.220973
61700,0.310454,0.218994
61800,0.31381,0.217275
61900,0.318974,0.216212
62000,0.315686,0.21515
62100,0.322057,0.213548
62200,0.313933,0.21158
62300,0.319054,0.210412
62400,0.322893,0.209384
62500,0.314407,0.208606
62600,0.322742,0.207965
62700,0.313739,0.206155
62800,0.319117,0.204998
62900,0.32447,0.203939
63000,0.329029,0.202199
63100,0.319979,0.20082
63200,0.313355,0.199638
63300,0.317417,0.198663
63400,0.310486,0.197983
63500,0.320243,0.197339
63600,0.31559,0.196528
63700,0.312227,0.195684
63800,0.303228,0.195079
63900,0.311481,0.19446
64000,0.322045,0.194245
64100,0.310777,0.194608
64200,0.313719,0.194018
64300,0.322322,0.193844
64400,0.32388,0.194455
64500,0.319216,0.194727
64600,0.304182,0.196037
64700,0.311086,0.196533
64800,0.314387,0.197262
64900,0.317157,0.198546
65000,0.324266,0.200315
65100,0.308854,0.201527
65200,0.305054,0.203252
65300,0.313282,0.204367
65400,0.309266,0.20607
65500,0.321291,0.208694
65600,0.319532,0.209666
65700,0.334232,0.211785
65800,0.325193,0.213537
65900,0.32478,0.215063
66000,0.331516,0.216866
66100,0.331436,0.218101
66200,0.337402,0.219024
66300,0.336045,0.219451
66400,0.341936,0.220478
66500,0.335351,0.221056
66600,0.340265,0.221607
66700,0.348642,0.221852
66800,0.334531,0.22171
66900,0.341595,0.22178
67000,0.341354,0.221771
67100,0.335748,0.221808
67200,0.324753,0.221927
67300,0.337046,0.221642
67400,0.338412,0.220554
67500,0.34259,0.221165
67600,0.326112,0.220013
67700,0.340129,0.219535
67800,0.344659,0.218444
67900,0.339889,0.217782
68000,0.345012,0.217255
68100,0.329819,0.21762
68200,0.329203,0.217344
68300,0.336795,0.217413
68400,0.346573,0.217152
68500,0.335655,0.21729
68600,0.328942,0.217039
68700,0.337415,0.217459
68800,0.329443,0.217463
68900,0.34119,0.217834
69000,0.35076,0.218289
69100,0.335584,0.218387
69200,0.345768,0.219072
69300,0.339242,0.219147
69400,0.34429,0.220182
69500,0.338061,0.220911
69600,0.349078,0.221894
69700,0.346586,0.222626
69800,0.32715,0.223447
69900,0.335334,0.224398
70000,0.342957,0.224661
70100,0.352087,0.225486
70200,0.350199,0.225926
70300,0.341138,0.225989
70400,0.349062,0.226915
70500,0.338434,0.227494
70600,0.332705,0.228632
70700,0.34814,0.229494
70800,0.355343,0.229825
70900,0.351566,0.230499
71000,0.353669,0.231216
71100,0.34644,0.231258
71200,0.35358,0.231119
71300,0.344132,0.231076
71400,0.344757,0.230208
71500,0.33368,0.228945
71600,0.334423,0.22845
71700,0.343404,0.227627
71800,0.346876,0.228002
71900,0.334197,0.227501
72000,0.34726,0.226759
72100,0.350193,0.225717
72200,0.338782,0.224802
72300,0.341505,0.224361
72400,0.344452,0.224023
72500,0.337312,0.223306
72600,0.337184,0.222984
72700,0.349713,0.222846
72800,0.335103,0.22228
72900,0.34923,0.221493
73000,0.328358,0.221019
73100,0.34136,0.22157
73200,0.336045,0.221551
73300,0.335278,0.221269
73400,0.341092,0.221872
73500,0.342983,0.221972
73600,0.331433,0.222525
73700,0.330269,0.22253
73800,0.343171,0.222384
73900,0.327943,0.22255
74000,0.332583,0.22256
74100,0.332599,0.222333
74200,0.344931,0.221768
74300,0.34174,0.221634
74400,0.343839,0.221942
74500,0.338424,0.221666
74600,0.345586,0.22185
74700,0.338911,0.22089
74800,0.326455,0.221117
74900,0.340145,0.221354
75000,0.340326,0.221798
75100,0.338712,0.222598
75200,0.346753,0.223519
75300,0.346029,0.224557
75400,0.3417,0.225077
75500,0.337457,0.225368
75600,0.35304,0.225767
75700,0.349329,0.225964
75800,0.342132,0.227044
75900,0.348345,0.226911
76000,0.345841,0.227197
76100,0.346537,0.22731
76200,0.354133,0.227512
76300,0.357781,0.22884
76400,0.355309,0.229483
76500,0.355576,0.230756
76600,0.344058,0.231
76700,0.336738,0.231461
76800,0.339482,0.232003
76900,0.353136,0.232598
77000,0.356069,0.233026
77100,0.361252,0.233869
77200,0.358432,0.234128
77300,0.339877,0.233959
77400,0.342984,0.23358
77500,0.352326,0.233334
77600,0.355151,0.233181
77700,0.345694,0.23243
77800,0.354888,0.232268
77900,0.345977,0.23142
78000,0.33661,0.231326
78100,0.338649,0.230929
78200,0.345176,0.230321
78300,0.35449,0.229467
78400,0.350157,0.228164
78500,0.351368,0.226971
78600,0.348711,0.225969
78700,0.337364,0.22513
78800,0.350663,0.224057
78900,0.339759,0.223196
79000,0.33308,0.221569
79100,0.314398,0.220976
79200,0.316613,0.220614
79300,0.316697,0.220527
79400,0.348888,0.219922
79500,0.342347,0.219286
79600,0.32977,0.21861
79700,0.340846,0.218216
79800,0.34507,0.218523
79900,0.3334,0.218289
80000,0.333234,0.218654
80100,0.332871,0.218526
80200,0.343451,0.218521
80300,0.326757,0.217948
80400,0.332614,0.219018
80500,0.335002,0.220044
80600,0.347169,0.220865
80700,0.342698,0.221265
80800,0.351661,0.222175
80900,0.348208,0.222973
81000,0.351545,0.223335
81100,0.351797,0.223677
81200,0.34286,0.224036
81300,0.352246,0.224426
81400,0.358669,0.225179
81500,0.348821,0.225844
81600,0.359536,0.225999
81700,0.358451,0.226572
81800,0.352095,0.226179
81900,0.348519,0.225987
82000,0.357369,0.22597
82100,0.353959,0.226213
82200,0.352529,0.226199
82300,0.358449,0.226858
82400,0.345832,0.227363
82500,0.34831,0.228781
82600,0.342744,0.230128
82700,0.341923,0.231024
82800,0.349562,0.23233
82900,0.359987,0.233514
83000,0.345579,0.235066
83100,0.354713,0.236797
83200,0.349181,0.2378
83300,0.355961,0.239215
83400,0.355517,0.239941
83500,0.353654,0.241371
83600,0.364131,0.242826
83700,0.36623,0.243649
83800,0.364013,0.244657
83900,0.35287,0.243961
84000,0.361812,0.243451
84100,0.351205,0.243384
84200,0.345337,0.242936
84300,0.346312,0.242707
84400,0.356937,0.242066
84500,0.36128,0.241446
84600,0.368586,0.240699
84700,0.372585,0.239805
84800,0.359799,0.238788
84900,0.361556,0.238266
85000,0.358067,0.238121
85100,0.367453,0.237533
85200,0.357951,0.23674
85300,0.358744,0.235989
85400,0.350015,0.235555
85500,0.350155,0.235991
85600,0.352541,0.235651
85700,0.350642,0.234908
85800,0.355422,0.234659
85900,0.361827,0.234578
86000,0.35084,0.234411
86100,0.357512,0.234756
86200,0.351502,0.234909
86300,0.358282,0.234586
86400,0.351365,0.233461
86500,0.354032,0.232922
86600,0.355944,0.232642
86700,0.357713,0.232045
86800,0.350054,0.231456
86900,0.355627,0.230254
87000,0.345026,0.229455
87100,0.347105,0.229217
87200,0.345433,0.228147
87300,0.344607,0.227692
87400,0.340456,0.227461
87500,0.340121,0.226594
87600,0.341437,0.225223
87700,0.336019,0.223672
87800,0.342239,0.222165
87900,0.345814,0.220996
88000,0.343163,0.219748
88100,0.336916,0.218863
88200,0.335025,0.217748
88300,0.341862,0.216106
88400,0.340548,0.214825
88500,0.334689,0.214515
88600,0.327773,0.213833
88700,0.333678,0.213404
88800,0.318508,0.213424
88900,0.328456,0.213143
89000,0.338128,0.21357
89100,0.340528,0.213884
89200,0.345581,0.213786
89300,0.325587,0.214454
89400,0.333757,0.215289
89500,0.329873,0.216361
89600,0.331318,0.216883
89700,0.340379,0.217447
89800,0.342122,0.21841
89900,0.321713,0.218683
90000,0.33256,0.218882
90100,0.335422,0.218272
90200,0.340272,0.218416
90300,0.318686,0.218353
90400,0.327224,0.218566
90500,0.339053,0.219212
90600,0.340165,0.219293
90700,0.323355,0.218725
90800,0.316831,0.218333
90900,0.326416,0.217674
91000,0.326271,0.217126
91100,0.339107,0.215758
91200,0.341959,0.214635
91300,0.333338,0.21423
91400,0.339828,0.213741
91500,0.333856,0.213221
91600,0.343247,0.213347
91700,0.329969,0.213204
91800,0.344656,0.21401
91900,0.342101,0.215279
92000,0.340317,0.216229
92100,0.346808,0.217107
92200,0.347489,0.217711
92300,0.340979,0.218088
92400,0.345314,0.218531
92500,0.329708,0.219338
92600,0.343396,0.220447
92700,0.347831,0.221662
92800,0.345227,0.223268
92900,0.330083,0.224651
93000,0.334246,0.225853
93100,0.331225,0.227194
93200,0.343542,0.227495
93300,0.354213,0.228409
93400,0.352229,0.229479
93500,0.359377,0.229634
93600,0.350982,0.229605
93700,0.357909,0.22985
93800,0.353952,0.22967
93900,0.354034,0.229757
94000,0.34684,0.229352
94100,0.350549,0.22907
94200,0.349143,0.229572
94300,0.360193,0.228856
94400,0.351124,0.228612
94500,0.346713,0.22846
94600,0.344011,0.228117
94700,0.353176,0.228247
94800,0.357976,0.228486
94900,0.35545,0.228755
95000,0.338591,0.229783
95100,0.3384,0.230506
95200,0.33804,0.231033
95300,0.338181,0.232141
95400,0.350108,0.232892
95500,0.344272,0.233165
95600,0.343941,0.233808
95700,0.335337,0.234522
95800,0.347314,0.235284
95900,0.349088,0.236025
96000,0.354383,0.236745
96100,0.364401,0.237828
96200,0.361701,0.239594
96300,0.346036,0.241131
96400,0.357327,0.242505
96500,0.363045,0.244458
96600,0.366791,0.246177
96700,0.371146,0.247917
96800,0.380275,0.24995
96900,0.381609,0.251168
97000,0.372268,0.252921
97100,0.365185,0.254438
97200,0.380306,0.255453
97300,0.376156,0.256487
97400,0.373218,0.257986
97500,0.3531,0.259702
97600,0.383953,0.260464
97700,0.372147,0.261078
97800,0.379158,0.26184
97900,0.368995,0.262402
98000,0.389135,0.262845
98100,0.391245,0.262965
98200,0.381871,0.263155
98300,0.380514,0.263604
98400,0.383459,0.264257
98500,0.376562,0.265023
98600,0.387218,0.264817
98700,0.386741,0.265283
98800,0.392709,0.265391
98900,0.390958,0.26646
99000,0.387548,0.266926
99100,0.390013,0.268238
99200,0.395798,0.269207
99300,0.396598,0.270017
99400,0.394353,0.271057
99500,0.393477,0.271666
99600,0.399056,0.272876
99700,0.4009,0.27448
99800,0.386562,0.275221
99900,0.386733,0.27689
