0,0.499999,0.500002
100,0.499411,0.500164
200,0.485212,0.500212
300,0.486794,0.499715
400,0.494334,0.499916
500,0.492515,0.499752
600,0.496392,0.499158
700,0.492999,0.498417
800,0.490214,0.497584
900,0.493119,0.4969
1000,0.480198,0.496471
1100,0.498243,0.495227
1200,0.489511,0.49501
1300,0.490566,0.494432
1400,0.485472,0.493511
1500,0.496367,0.492847
1600,0.485913,0.492059
1700,0.482339,0.491225
1800,0.474555,0.490003
1900,0.477245,0.488795
2000,0.470735,0.487794
2100,0.478593,0.486989
2200,0.482495,0.48602
2300,0.486364,0.484912
2400,0.484654,0.483632
2500,0.485168,0.482404
2600,0.48824,0.481297
2700,0.483154,0.479147
2800,0.479883,0.477072
2900,0.492148,0.475683
3000,0.487747,0.47454
3100,0.486965,0.473026
3200,0.484875,0.471837
3300,0.487903,0.470514
3400,0.493578,0.469167
3500,0.49299,0.468408
3600,0.492863,0.467071
3700,0.48796,0.465633
3800,0.487158,0.464919
3900,0.486303,0.464091
4000,0.490341,0.463379
4100,0.491188,0.463219
4200,0.491108,0.4634
4300,0.470427,0.464462
4400,0.488376,0.466139
4500,0.495224,0.468096
4600,0.472689,0.470387
4700,0.475772,0.472706
4800,0.468558,0.475854
4900,0.483489,0.478568
5000,0.456139,0.481264
5100,0.481927,0.483482
5200,0.478302,0.485963
5300,0.471567,0.48908
5400,0.461409,0.491284
5500,0.470505,0.493099
5600,0.464603,0.493703
5700,0.448144,0.494811
5800,0.451961,0.495385
5900,0.465752,0.495529
6000,0.449358,0.494411
6100,0.468387,0.493304
6200,0.466594,0.491132
6300,0.446829,0.487647
6400,0.463948,0.48336
6500,0.458248,0.478299
6600,0.461641,0.472272
6700,0.47156,0.466641
6800,0.446937,0.460173
6900,0.460416,0.452883
7000,0.459974,0.446449
7100,0.454105,0.438987
7200,0.45171,0.431787
7300,0.459463,0.424249
7400,0.45282,0.41655
7500,0.449639,0.408836
7600,0.465252,0.402247
7700,0.474375,0.395732
7800,0.46615,0.389734
7900,0.459455,0.384426
8000,0.461018,0.379705
8100,0.460422,0.37684
8200,0.451572,0.37336
8300,0.451199,0.371424
8400,0.45437,0.369577
8500,0.454052,0.36808
8600,0.456011,0.367163
8700,0.456296,0.366739
8800,0.451332,0.367251
8900,0.438544,0.367562
9000,0.448401,0.368065
9100,0.456935,0.369207
9200,0.462223,0.371086
9300,0.459074,0.372027
9400,0.443719,0.372272
9500,0.455967,0.373665
9600,0.458106,0.374468
9700,0.463465,0.37528
9800,0.465141,0.376381
9900,0.459905,0.377887
10000,0.467377,0.379915
10100,0.467825,0.381266
10200,0.468629,0.38242
10300,0.459039,0.383348
10400,0.467983,0.384697
10500,0.471694,0.38689
10600,0.476572,0.389902
10700,0.467184,0.393434
10800,0.470729,0.396472
10900,0.453179,0.398461
11000,0.470648,0.401751
11100,0.46411,0.405007
11200,0.478248,0.407951
11300,0.479867,0.411728
11400,0.477763,0.415933
11500,0.475779,0.420506
11600,0.471298,0.424934
11700,0.467202,0.429383
11800,0.455357,0.433509
11900,0.469255,0.438089
12000,0.478977,0.44243
12100,0.469823,0.446433
12200,0.479343,0.449514
12300,0.485533,0.452319
12400,0.487286,0.454801
12500,0.48455,0.45731
12600,0.488671,0.458997
12700,0.486737,0.46019
12800,0.476191,0.461956
12900,0.489667,0.462564
13000,0.494938,0.463487
13100,0.487187,0.463655
13200,0.477162,0.463667
13300,0.471392,0.463487
13400,0.472783,0.462804
13500,0.470193,0.461636
13600,0.458871,0.461275
13700,0.452901,0.460724
13800,0.444866,0.46033
13900,0.453026,0.459722
14000,0.465293,0.459363
14100,0.447029,0.458392
14200,0.437824,0.457575
14300,0.435879,0.455622
14400,0.430093,0.453514
14500,0.437334,0.452299
14600,0.436113,0.450253
14700,0.443328,0.447984
14800,0.440717,0.445516
14900,0.435662,0.442635
15000,0.447749,0.43882
15100,0.434957,0.434127
15200,0.438663,0.429211
15300,0.414166,0.423611
15400,0.416581,0.416957
15500,0.414666,0.409071
15600,0.407131,0.40123
15700,0.400632,0.39158
15800,0.395812,0.38153
15900,0.395511,0.371348
16000,0.387867,0.361079
16100,0.393364,0.350349
16200,0.391664,0.338914
16300,0.395443,0.327628
16400,0.387846,0.316036
16500,0.370159,0.305209
16600,0.358444,0.294666
16700,0.360778,0.284334
16800,0.374075,0.273491
16900,0.340279,0.264655
17000,0.332735,0.256048
17100,0.334999,0.247851
17200,0.323172,0.240569
17300,0.325668,0.233285
17400,0.321051,0.226637
17500,0.312453,0.219662
17600,0.308908,0.212968
17700,0.289779,0.207186
17800,0.278495,0.201497
17900,0.283346,0.196367
18000,0.266108,0.191188
18100,0.259938,0.186868
18200,0.253837,0.18282
18300,0.246375,0.179107
18400,0.246014,0.175732
18500,0.239131,0.172646
18600,0.246965,0.169754
18700,0.235498,0.166865
18800,0.229685,0.163757
18900,0.230799,0.160096
19000,0.229681,0.156781
19100,0.227049,0.153362
19200,0.215873,0.149649
19300,0.215611,0.146182
19400,0.207204,0.142395
19500,0.204334,0.139186
19600,0.201386,0.135927
19700,0.201316,0.1326
19800,0.198941,0.128996
19900,0.196676,0.12541
20000,0.204868,0.122319
20100,0.193621,0.119582
20200,0.19316,0.116613
20300,0.202269,0.113366
20400,0.178666,0.110437
20500,0.171617,0.107221
20600,0.177375,0.104491
20700,0.167384,0.101092
20800,0.166291,0.0983883
20900,0.157961,0.096028
21000,0.154559,0.0938797
21100,0.154581,0.091997
21200,0.148139,0.0900281
21300,0.151155,0.0890813
21400,0.153729,0.0878728
21500,0.154887,0.0866991
21600,0.143378,0.0855564
21700,0.141367,0.0848346
21800,0.134817,0.0839644
21900,0.135916,0.0832743
22000,0.136473,0.0825429
22100,0.129753,0.0816033
22200,0.129894,0.0808805
22300,0.129397,0.0801036
22400,0.127508,0.0790477
22500,0.128227,0.0780134
22600,0.127604,0.0775137
22700,0.127838,0.0767907
22800,0.125493,0.0755949
22900,0.120498,0.0743829
23000,0.127203,0.0733231
23100,0.11869,0.0717104
23200,0.116417,0.0702862
23300,0.109614,0.0687735
23400,0.107546,0.0668294
23500,0.105357,0.0647741
23600,0.0998799,0.063125
23700,0.0960148,0.0610851
23800,0.0950555,0.0588419
23900,0.0888412,0.056286
24000,0.0965878,0.0538761
24100,0.0857877,0.0516186
24200,0.0809733,0.0493916
24300,0.0834143,0.0471889
24400,0.0752187,0.045115
24500,0.0706066,0.04314
24600,0.0689755,0.0412032
24700,0.0660548,0.0393616
24800,0.0653673,0.0378342
24900,0.0609969,0.0361448
25000,0.0586538,0.0344656
25100,0.0553504,0.0330476
25200,0.052038,0.03148
25300,0.0504798,0.0301287
25400,0.0479908,0.0289194
25500,0.0467049,0.0277715
25600,0.0455917,0.0268143
25700,0.0429603,0.0255708
25800,0.0408286,0.0246887
25900,0.0407953,0.0239128
26000,0.0402551,0.0229252
26100,0.0412697,0.0224046
26200,0.0373187,0.021511
26300,0.0369637,0.0207412
26400,0.0359178,0.0200213
26500,0.0348236,0.0193623
26600,0.0356938,0.0188083
26700,0.0329039,0.0181657
26800,0.0323403,0.0177068
26900,0.031312,0.0172493
27000,0.0311756,0.0169653
27100,0.030701,0.0165453
27200,0.0291595,0.016127
27300,0.0299053,0.0158517
27400,0.0317857,0.0158677
27500,0.0302755,0.0159149
27600,0.0290099,0.0159828
27700,0.029585,0.0161206
27800,0.0303939,0.0162682
27900,0.0304165,0.016266
28000,0.0326945,0.0165587
28100,0.0325109,0.0168241
28200,0.0312495,0.0170889
28300,0.0314704,0.0173045
28400,0.0326251,0.0177015
28500,0.0325006,0.0180471
28600,0.0348712,0.0184759
28700,0.0339112,0.0189087
28800,0.0344146,0.0191636
28900,0.0362375,0.019295
29000,0.035667,0.0195566
29100,0.0391445,0.019882
29200,0.036632,0.0200768
29300,0.035958,0.0202906
29400,0.0345551,0.0203236
29500,0.0355126,0.0203357
29600,0.0343405,0.0202946
29700,0.0353054,0.0203093
29800,0.0373453,0.0199836
29900,0.0346694,0.0197218
30000,0.03361,0.0195206
30100,0.0333889,0.0193447
30200,0.0335045,0.0191805
30300,0.0330327,0.0188758
30400,0.0315487,0.0185524
30500,0.0320599,0.0183717
30600,0.0306257,0.0178336
30700,0.0297546,0.0175679
30800,0.0308011,0.0174277
30900,0.0292136,0.0168812
31000,0.0300443,0.0166595
31100,0.0306502,0.0163908
31200,0.0302209,0.0161078
31300,0.0312142,0.0158587
31400,0.0340548,0.0155894
31500,0.0379621,0.0154603
31600,0.0334236,0.0155514
31700,0.0308167,0.0156377
31800,0.0383258,0.0158147
31900,0.0460096,0.015917
32000,0.0552161,0.0161691
32100,0.0617086,0.0166277
32200,0.0656495,0.0170045
32300,0.0733169,0.0175835
32400,0.0789443,0.0182198
32500,0.0607933,0.0188487
32600,0.072083,0.0196264
32700,0.0706399,0.0205736
32800,0.08577,0.0216527
32900,0.0846584,0.0229428
33000,0.0923186,0.0243606
33100,0.0923399,0.0264085
33200,0.102979,0.0285465
33300,0.10804,0.0313636
33400,0.115756,0.0344984
33500,0.109347,0.038229
33600,0.127602,0.0425028
33700,0.123766,0.0471192
33800,0.120259,0.0518998
33900,0.138595,0.0567156
34000,0.132251,0.0622592
34100,0.161247,0.0678825
34200,0.171687,0.0736733
34300,0.175968,0.0791934
34400,0.187178,0.0853079
34500,0.192576,0.091163
34600,0.195094,0.0964139
34700,0.208039,0.101853
34800,0.216415,0.107276
34900,0.210145,0.112269
35000,0.223224,0.117453
35100,0.234658,0.122328
35200,0.246928,0.127717
35300,0.245731,0.132988
35400,0.254359,0.137593
35500,0.266501,0.141801
35600,0.256697,0.145979
35700,0.257551,0.150534
35800,0.260224,0.154628
35900,0.26372,0.158889
36000,0.275974,0.162574
36100,0.266207,0.16633
36200,0.274551,0.170045
36300,0.27806,0.173324
36400,0.278557,0.176126
36500,0.278772,0.178345
36600,0.28644,0.180646
36700,0.292556,0.183581
36800,0.296708,0.186552
36900,0.301104,0.189084
37000,0.302081,0.191951
37100,0.310849,0.193892
37200,0.299549,0.195735
37300,0.295506,0.197483
37400,0.304381,0.198951
37500,0.324808,0.19987
37600,0.320968,0.201041
37700,0.315568,0.201931
37800,0.316887,0.202445
37900,0.30732,0.203086
38000,0.304582,0.203142
38100,0.306688,0.202903
38200,0.320249,0.202559
38300,0.311019,0.202411
38400,0.32911,0.203594
38500,0.326132,0.203589
38600,0.31444,0.203837
38700,0.302364,0.203743
38800,0.297563,0.204393
38900,0.304387,0.20432
39000,0.301375,0.204911
39100,0.300101,0.204588
39200,0.31101,0.20425
39300,0.294924,0.203757
39400,0.28875,0.203455
39500,0.281791,0.204008
39600,0.285558,0.20451
39700,0.284003,0.204514
39800,0.287266,0.203974
39900,0.282625,0.203352
40000,0.27858,0.20251
40100,0.276354,0.201698
40200,0.275979,0.200643
40300,0.272759,0.19929
40400,0.266406,0.197789
40500,0.264434,0.195547
40600,0.262484,0.193987
40700,0.259619,0.191265
40800,0.254023,0.188441
40900,0.247392,0.184762
41000,0.244055,0.180297
41100,0.237719,0.175645
41200,0.230991,0.170494
41300,0.221272,0.16475
41400,0.218375,0.159259
41500,0.213304,0.153233
41600,0.203514,0.14654
41700,0.202348,0.140021
41800,0.191639,0.133427
41900,0.181289,0.126811
42000,0.172391,0.120078
42100,0.163921,0.113182
42200,0.1591,0.106516
42300,0.155333,0.100145
42400,0.14291,0.0940077
42500,0.151796,0.0874111
42600,0.134787,0.0812497
42700,0.117934,0.0758733
42800,0.109139,0.0704855
42900,0.103832,0.0657667
43000,0.0980171,0.0611813
43100,0.0927041,0.057469
43200,0.0850936,0.0539599
43300,0.0838153,0.0503933
43400,0.0771775,0.0470958
43500,0.0753743,0.0440981
43600,0.0680842,0.0415918
43700,0.0650362,0.0394483
43800,0.0626611,0.0377523
43900,0.0603984,0.0359916
44000,0.0576872,0.0345831
44100,0.0560381,0.0332267
44200,0.0561313,0.032145
44300,0.0537472,0.0313063
44400,0.0510255,0.0302895
44500,0.0506547,0.0293565
44600,0.0486772,0.0283598
44700,0.0466089,0.0275621
44800,0.0445814,0.0266421
44900,0.0438166,0.025847
45000,0.0406209,0.0251836
45100,0.0394434,0.0241555
45200,0.037279,0.0232113
45300,0.0352969,0.0221956
45400,0.0340332,0.021539
45500,0.0336249,0.0206694
45600,0.0318195,0.0197705
45700,0.0314661,0.0187576
45800,0.0300004,0.0180938
45900,0.0285859,0.0171832
46000,0.0269351,0.016334
46100,0.0253807,0.0155934
46200,0.0242586,0.0148949
46300,0.0231148,0.0144524
46400,0.0219794,0.0138677
46500,0.0211803,0.0132362
46600,0.0202553,0.0125533
46700,0.0194992,0.0118477
46800,0.0182832,0.0111838
46900,0.0170303,0.0103807
47000,0.0161914,0.00970145
47100,0.0145399,0.00899302
47200,0.0136175,0.00836335
47300,0.0132713,0.00789991
47400,0.0125796,0.00740161
47500,0.0114243,0.00701068
47600,0.0109626,0.00665492
47700,0.00999745,0.00626645
47800,0.00956146,0.00595361
47900,0.00891658,0.00563176
48000,0.00827693,0.00538095
48100,0.00786451,0.00501375
48200,0.00747785,0.0046813
48300,0.00703079,0.00442851
48400,0.00646793,0.0041423
48500,0.00616282,0.00385717
48600,0.00565235,0.00356466
48700,0.00535183,0.00335959
48800,0.00488887,0.00304759
48900,0.0044759,0.00282002
49000,0.00412945,0.00260854
49100,0.0037687,0.0024006
49200,0.00356198,0.00224738
49300,0.00313449,0.00196551
49400,0.00279849,0.00174376
49500,0.00249972,0.00158103
49600,0.00217848,0.00140581
49700,0.00196262,0.00125486
49800,0.00166783,0.00108268
49900,0.00150536,0.000961852
50000,0.00135133,0.000867505
50100,0.00121959,0.000774244
50200,0.000984695,0.000618172
50300,0.000784306,0.000507772
50400,0.000573361,0.000375245
50500,0.000448316,0.000303538
50600,0.000338288,0.000225415
50700,0.000224438,0.000150182
50800,0.000174802,0.000119832
50900,0.000106894,7.07288e-05
51000,6.14923e-05,4.1064e-05
51100,3.66273e-05,2.46738e-05
51200,1.72549e-05,1.1503e-05
51300,1.21218e-05,7.94377e-06
51400,6.41005e-06,4.17091e-06
51500,2.66336e-06,1.83025e-06
51600,1.63181e-06,1.09738e-06
51700,4.25738e-07,2.87142e-07
51800,0,0
51900,0,0
52000,0,0
52100,0,0
52200,0,0
52300,0,0
52400,0,0
52500,0,0
52600,0,0
52700,0,0
52800,0,0
52900,0,0
53000,0,0
53100,0,0
53200,0,0
53300,0,0
53400,0,0
53500,0,0
53600,0,0
53700,0,0
53800,0,0
53900,0,0
54000,0,0
54100,0,0
54200,0,0
54300,0,0
54400,0,0
54500,0,0
54600,0,0
54700,0,0
54800,0,0
54900,0,0
55000,0,0
55100,0,0
55200,0,0
55300,0,0
55400,0,0
55500,0,0
55600,0,0
55700,0,0
55800,0,0
55900,0,0
56000,0,0
56100,0,0
56200,0,0
56300,0,0
56400,0,0
56500,0,0
56600,0,0
56700,0,0
56800,0,0
56900,0,0
57000,0,0
57100,0,0
57200,0,0
57300,0,0
57400,0,0
57500,0,0
57600,0,0
57700,0,0
57800,0,0
57900,0,0
58000,0,0
58100,0,0
58200,0,0
58300,0,0
58400,0,0
58500,0,0
58600,0,0
58700,0,0
58800,0,0
58900,0,0
59000,0,0
59100,0,0
59200,0,0
59300,0,0
59400,0,0
59500,0,0
59600,0,0
59700,0,0
59800,0,0
59900,0,0
60000,0,0
60100,0,0
60200,0,0
60300,0,0
60400,0,0
60500,0,0
60600,0,0
60700,0,0
60800,0,0
60900,0,0
61000,0,0
61100,0,0
61200,0,0
61300,0,0
61400,0,0
61500,0,0
61600,0,0
61700,0,0
61800,0,0
61900,0,0
62000,0,0
62100,0,0
62200,0,0
62300,0,0
62400,0,0
62500,0,0
62600,0,0
62700,0,0
62800,0,0
62900,0,0
63000,0,0
63100,0,0
63200,0,0
63300,0,0
63400,0,0
63500,0,0
63600,0,0
63700,0,0
63800,0,0
63900,0,0
64000,0,0
64100,0,0
64200,0,0
64300,0,0
64400,0,0
64500,0,0
64600,0,0
64700,0,0
64800,0,0
64900,0,0
65000,0,0
65100,0,0
65200,0,0
65300,0,0
65400,0,0
65500,0,0
65600,0,0
65700,0,0
65800,0,0
65900,0,0
66000,0,0
66100,0,0
66200,0,0
66300,0,0
66400,0,0
66500,0,0
66600,0,0
66700,0,0
66800,0,0
66900,0,0
67000,0,0
67100,0,0
67200,0,0
67300,0,0
67400,0,0
67500,0,0
67600,0,0
67700,0,0
67800,0,0
67900,0,0
68000,0,0
68100,0,0
68200,0,0
68300,0,0
68400,0,0
68500,0,0
68600,0,0
68700,0,0
68800,0,0
68900,0,0
69000,0,0
69100,0,0
69200,0,0
69300,0,0
69400,0,0
69500,0,0
69600,0,0
69700,0,0
69800,0,0
69900,0,0
70000,0,0
70100,0,0
70200,0,0
70300,0,0
70400,0,0
70500,0,0
70600,0,0
70700,0,0
70800,0,0
70900,0,0
71000,0,0
71100,0,0
71200,0,0
71300,0,0
71400,0,0
71500,0,0
71600,0,0
71700,0,0
71800,0,0
71900,0,0
72000,0,0
72100,0,0
72200,0,0
72300,0,0
72400,0,0
72500,0,0
72600,0,0
72700,0,0
72800,0,0
72900,0,0
73000,0,0
73100,0,0
73200,0,0
73300,0,0
73400,0,0
73500,0,0
73600,0,0
73700,0,0
73800,0,0
73900,0,0
74000,0,0
74100,0,0
74200,0,0
74300,0,0
74400,0,0
74500,0,0
74600,0,0
74700,0,0
74800,0,0
74900,0,0
75000,0,0
75100,0,0
75200,0,0
75300,0,0
75400,0,0
75500,0,0
75600,0,0
75700,0,0
75800,0,0
75900,0,0
76000,0,0
76100,0,0
76200,0,0
76300,0,0
76400,0,0
76500,0,0
76600,0,0
76700,0,0
76800,0,0
76900,0,0
77000,0,0
77100,0,0
77200,0,0
77300,0,0
77400,0,0
77500,0,0
77600,0,0
77700,0,0
77800,0,0
77900,0,0
78000,0,0
78100,0,0
78200,0,0
78300,0,0
78400,0,0
78500,0,0
78600,0,0
78700,0,0
78800,0,0
78900,0,0
79000,0,0
79100,0,0
79200,0,0
79300,0,0
79400,0,0
79500,0,0
79600,0,0
79700,0,0
79800,0,0
79900,0,0
80000,0,0
80100,0,0
80200,0,0
80300,0,0
80400,0,0
80500,0,0
80600,0,0
80700,0,0
80800,0,0
80900,0,0
81000,0,0
81100,0,0
81200,0,0
81300,0,0
81400,0,0
81500,0,0
81600,0,0
81700,0,0
81800,0,0
81900,0,0
82000,0,0
82100,0,0
82200,0,0
82300,0,0
82400,0,0
82500,0,0
82600,0,0
82700,0,0
82800,0,0
82900,0,0
83000,0,0
83100,0,0
83200,0,0
83300,0,0
83400,0,0
83500,0,0
83600,0,0
83700,0,0
83800,0,0
83900,0,0
84000,0,0
84100,0,0
84200,0,0
84300,0,0
84400,0,0
84500,0,0
84600,0,0
84700,0,0
84800,0,0
84900,0,0
85000,0,0
85100,0,0
85200,0,0
85300,0,0
85400,0,0
85500,0,0
85600,0,0
85700,0,0
85800,0,0
85900,0,0
86000,0,0
86100,0,0
86200,0,0
86300,0,0
86400,0,0
86500,0,0
86600,0,0
86700,0,0
86800,0,0
86900,0,0
87000,0,0
87100,0,0
87200,0,0
87300,0,0
87400,0,0
87500,0,0
87600,0,0
87700,0,0
87800,0,0
87900,0,0
88000,0,0
88100,0,0
88200,0,0
88300,0,0
88400,0,0
88500,0,0
88600,0,0
88700,0,0
88800,0,0
88900,0,0
89000,0,0
89100,0,0
89200,0,0
89300,0,0
89400,0,0
89500,0,0
89600,0,0
89700,0,0
89800,0,0
89900,0,0
90000,0,0
90100,0,0
90200,0,0
90300,0,0
90400,0,0
90500,0,0
90600,0,0
90700,0,0
90800,0,0
90900,0,0
91000,0,0
91100,0,0
91200,0,0
91300,0,0
91400,0,0
91500,0,0
91600,0,0
91700,0,0
91800,0,0
91900,0,0
92000,0,0
92100,0,0
92200,0,0
92300,0,0
92400,0,0
92500,0,0
92600,0,0
92700,0,0
92800,0,0
92900,0,0
93000,0,0
93100,0,0
93200,0,0
93300,0,0
93400,0,0
93500,0,0
93600,0,0
93700,0,0
93800,0,0
93900,0,0
94000,0,0
94100,0,0
94200,0,0
94300,0,0
94400,0,0
94500,0,0
94600,0,0
94700,0,0
94800,0,0
94900,0,0
95000,0,0
95100,0,0
95200,0,0
95300,0,0
95400,0,0
95500,0,0
95600,0,0
95700,0,0
95800,0,0
95900,0,0
96000,0,0
96100,0,0
96200,0,0
96300,0,0
96400,0,0
96500,0,0
96600,0,0
96700,0,0
96800,0,0
96900,0,0
97000,0,0
97100,0,0
97200,0,0
97300,0,0
97400,0,0
97500,0,0
97600,0,0
97700,0,0
97800,0,0
97900,0,0
98000,0,0
98100,0,0
98200,0,0
98300,0,0
98400,0,0
98500,0,0
98600,0,0
98700,0,0
98800,0,0
98900,0,0
99000,0,0
99100,0,0
99200,0,0
99300,0,0
99400,0,0
99500,0,0
99600,0,0
99700,0,0
99800,0,0
99900,0,0
