0,0.499999,0.500019
100,0.491873,0.500434
200,0.485617,0.500874
300,0.492595,0.500798
400,0.48691,0.500485
500,0.49352,0.500871
600,0.486005,0.50091
700,0.4938,0.501097
800,0.495211,0.501463
900,0.486941,0.502055
1000,0.482035,0.501984
1100,0.491632,0.501455
1200,0.492545,0.501011
1300,0.486957,0.501273
1400,0.485207,0.500993
1500,0.487683,0.500589
1600,0.493889,0.501008
1700,0.474483,0.499839
1800,0.480385,0.499643
1900,0.479752,0.499929
2000,0.477205,0.499919
2100,0.496765,0.500369
2200,0.486898,0.500355
2300,0.49919,0.500724
2400,0.492914,0.500833
2500,0.489928,0.500898
2600,0.496813,0.500551
2700,0.482844,0.500711
2800,0.493465,0.501241
2900,0.472741,0.501911
3000,0.478679,0.503347
3100,0.49108,0.504181
3200,0.494237,0.504541
3300,0.491721,0.506329
3400,0.488673,0.507487
3500,0.491836,0.508145
3600,0.496454,0.508414
3700,0.493535,0.508429
3800,0.478381,0.508933
3900,0.495104,0.509308
4000,0.48073,0.508974
4100,0.4852,0.508901
4200,0.488923,0.509259
4300,0.492655,0.509958
4400,0.487998,0.511439
4500,0.473091,0.512001
4600,0.487139,0.513218
4700,0.485479,0.513794
4800,0.48959,0.514185
4900,0.495323,0.514239
5000,0.49447,0.514453
5100,0.484358,0.514077
5200,0.483481,0.514816
5300,0.489541,0.514943
5400,0.488565,0.515198
5500,0.49219,0.515633
5600,0.494311,0.516149
5700,0.493029,0.516903
5800,0.487365,0.51715
5900,0.484943,0.518128
6000,0.48757,0.519259
6100,0.484724,0.521507
6200,0.491884,0.522923
6300,0.486182,0.524857
6400,0.485505,0.526042
6500,0.496893,0.527197
6600,0.487518,0.527639
6700,0.484361,0.528056
6800,0.485469,0.528083
6900,0.485681,0.529223
7000,0.484692,0.528883
7100,0.481446,0.528959
7200,0.495176,0.529071
7300,0.493574,0.528456
7400,0.478427,0.527996
7500,0.491344,0.528538
7600,0.493194,0.527394
7700,0.488575,0.525742
7800,0.492154,0.525277
7900,0.480526,0.524696
8000,0.484938,0.52345
8100,0.480192,0.522281
8200,0.491604,0.521795
8300,0.491806,0.52091
8400,0.485307,0.521197
8500,0.491052,0.521677
8600,0.471894,0.522344
8700,0.488625,0.522598
8800,0.492187,0.523975
8900,0.489997,0.524394
9000,0.489642,0.525982
9100,0.48959,0.526932
9200,0.493336,0.528609
9300,0.489347,0.530282
9400,0.495314,0.532126
9500,0.474241,0.535273
9600,0.48976,0.537419
9700,0.472643,0.539461
9800,0.473933,0.540997
9900,0.483311,0.54202
10000,0.482775,0.543029
10100,0.480886,0.544252
10200,0.482907,0.544841
10300,0.486164,0.545228
10400,0.490469,0.545821
10500,0.487235,0.546317
10600,0.490381,0.546667
10700,0.485159,0.547061
10800,0.474732,0.546642
10900,0.469964,0.546337
11000,0.481125,0.545747
11100,0.474476,0.545383
11200,0.463914,0.543081
11300,0.459965,0.542035
11400,0.484817,0.540675
11500,0.473636,0.53898
11600,0.476733,0.538335
11700,0.480404,0.538469
11800,0.488323,0.538868
11900,0.489196,0.539384
12000,0.485231,0.539674
12100,0.481229,0.540457
12200,0.475369,0.540984
12300,0.487401,0.541199
12400,0.488412,0.541721
12500,0.493125,0.542594
12600,0.488554,0.545183
12700,0.489203,0.547479
12800,0.470107,0.549853
12900,0.463337,0.551856
13000,0.482033,0.554381
13100,0.484571,0.557536
13200,0.487476,0.559635
13300,0.477305,0.561999
13400,0.487434,0.564413
13500,0.485951,0.566169
13600,0.475704,0.568481
13700,0.485382,0.570258
13800,0.483568,0.571679
13900,0.476691,0.572878
14000,0.4769,0.573963
14100,0.476239,0.575802
14200,0.463659,0.578358
14300,0.47665,0.579692
14400,0.464024,0.581262
14500,0.481631,0.581508
14600,0.479873,0.582498
14700,0.47866,0.583205
14800,0.47634,0.582864
14900,0.47672,0.583311
15000,0.481138,0.581895
15100,0.469345,0.581014
15200,0.481462,0.580481
15300,0.471245,0.579815
15400,0.476737,0.579908
15500,0.47858,0.579082
15600,0.46025,0.57855
15700,0.460777,0.578406
15800,0.476926,0.577209
15900,0.482391,0.576268
16000,0.484814,0.574907
16100,0.47648,0.573508
16200,0.483758,0.572251
16300,0.483197,0.570814
16400,0.475293,0.56921
16500,0.482953,0.567477
16600,0.479816,0.566605
16700,0.48237,0.564883
16800,0.485409,0.564077
16900,0.476727,0.562901
17000,0.469381,0.562144
17100,0.471736,0.561985
17200,0.479402,0.562066
17300,0.486682,0.561321
17400,0.484476,0.560499
17500,0.479708,0.560177
17600,0.482357,0.559432
17700,0.477848,0.559632
17800,0.479567,0.559717
17900,0.488381,0.56002
18000,0.479243,0.560343
18100,0.485059,0.560876
18200,0.486433,0.56175
18300,0.475893,0.563077
18400,0.480412,0.563612
18500,0.478246,0.564053
18600,0.484435,0.564638
18700,0.481249,0.565698
18800,0.481247,0.566769
18900,0.468462,0.568052
19000,0.482554,0.567351
19100,0.479244,0.567223
19200,0.487056,0.566826
19300,0.47252,0.56728
19400,0.468424,0.567112
19500,0.475231,0.568274
19600,0.469954,0.568393
19700,0.483975,0.568221
19800,0.486382,0.568593
19900,0.48949,0.568707
20000,0.480689,0.568521
20100,0.45752,0.568484
20200,0.466141,0.568382
20300,0.474131,0.567672
20400,0.462552,0.56782
20500,0.477256,0.566423
20600,0.468558,0.565421
20700,0.456215,0.564459
20800,0.453726,0.563274
20900,0.454722,0.562805
21000,0.446503,0.561634
21100,0.459178,0.560569
21200,0.463625,0.559281
21300,0.4501,0.558225
21400,0.456632,0.557769
21500,0.457042,0.557688
21600,0.476288,0.5583
21700,0.471318,0.558748
21800,0.482339,0.560056
21900,0.482138,0.561048
22000,0.486097,0.561306
22100,0.479876,0.562865
22200,0.47793,0.563887
22300,0.481007,0.565377
22400,0.47582,0.567715
22500,0.478818,0.570082
22600,0.479892,0.573369
22700,0.470395,0.576613
22800,0.46979,0.57978
22900,0.479072,0.582062
23000,0.470941,0.584797
23100,0.476692,0.587039
23200,0.473187,0.588403
23300,0.475755,0.590182
23400,0.465929,0.592462
23500,0.474059,0.593932
23600,0.467167,0.594829
23700,0.457232,0.59624
23800,0.460565,0.598063
23900,0.468434,0.599579
24000,0.459298,0.600573
24100,0.460775,0.602345
24200,0.474219,0.603435
24300,0.467917,0.604142
24400,0.472529,0.604881
24500,0.464342,0.606656
24600,0.472355,0.608267
24700,0.470087,0.609317
24800,0.465827,0.610633
24900,0.468059,0.612027
25000,0.474415,0.612234
25100,0.468868,0.613053
25200,0.466638,0.613032
25300,0.470901,0.612904
25400,0.466042,0.613088
25500,0.465076,0.613877
25600,0.467303,0.614898
25700,0.467407,0.615234
25800,0.464695,0.615554
25900,0.47008,0.615116
26000,0.467839,0.615573
26100,0.459845,0.615019
26200,0.45612,0.614404
26300,0.46299,0.613804
26400,0.453569,0.612303
26500,0.460442,0.611306
26600,0.468607,0.610406
26700,0.472596,0.609452
26800,0.474909,0.608432
26900,0.474244,0.608076
27000,0.466979,0.607948
27100,0.471047,0.607723
27200,0.464956,0.607163
27300,0.464044,0.607043
27400,0.465096,0.604833
27500,0.459688,0.604484
27600,0.470387,0.60445
27700,0.467795,0.604039
27800,0.469738,0.603965
27900,0.474718,0.604311
28000,0.473278,0.605331
28100,0.469547,0.604586
28200,0.453018,0.603624
28300,0.470214,0.603686
28400,0.472243,0.603088
28500,0.467773,0.603332
28600,0.471667,0.603346
28700,0.478298,0.603007
28800,0.465387,0.601961
28900,0.454568,0.601146
29000,0.464303,0.599853
29100,0.474706,0.598259
29200,0.460858,0.597669
29300,0.480397,0.59649
29400,0.479567,0.595502
29500,0.471257,0.594422
29600,0.476777,0.593547
29700,0.476749,0.59295
29800,0.474488,0.592027
29900,0.470577,0.591108
30000,0.478721,0.59054
30100,0.466717,0.589586
30200,0.478238,0.588942
30300,0.477525,0.588101
30400,0.475891,0.587746
30500,0.471571,0.586855
30600,0.469755,0.586765
30700,0.481108,0.586318
30800,0.470443,0.585713
30900,0.459605,0.5859
31000,0.461639,0.586074
31100,0.467538,0.585581
31200,0.477327,0.585542
31300,0.465465,0.585898
31400,0.473184,0.587023
31500,0.479443,0.587256
31600,0.46149,0.587587
31700,0.473978,0.587569
31800,0.475997,0.587881
31900,0.463111,0.587818
32000,0.475554,0.587885
32100,0.473765,0.587961
32200,0.475574,0.588017
32300,0.479749,0.588045
32400,0.473352,0.588372
32500,0.478873,0.588943
32600,0.474195,0.58994
32700,0.47712,0.590441
32800,0.468956,0.590594
32900,0.472491,0.592301
33000,0.469001,0.592373
33100,0.472295,0.593481
33200,0.457445,0.594667
33300,0.468613,0.595505
33400,0.473444,0.596946
33500,0.474155,0.598188
33600,0.474221,0.599074
33700,0.472404,0.600339
33800,0.470588,0.601477
33900,0.462062,0.602465
34000,0.470716,0.602903
34100,0.464822,0.603571
34200,0.470707,0.604098
34300,0.475008,0.604134
34400,0.475923,0.603825
34500,0.463774,0.603614
34600,0.474679,0.603431
34700,0.475226,0.602951
34800,0.472568,0.602684
34900,0.465483,0.602071
35000,0.466936,0.601284
35100,0.450759,0.600962
35200,0.472277,0.600306
35300,0.477975,0.600161
35400,0.470422,0.598782
35500,0.476602,0.599125
35600,0.474734,0.599644
35700,0.470946,0.600118
35800,0.461663,0.600059
35900,0.466274,0.599676
36000,0.477222,0.598707
36100,0.468475,0.598606
36200,0.469938,0.597936
36300,0.473524,0.596831
36400,0.478783,0.596375
36500,0.471712,0.595929
36600,0.474629,0.595256
36700,0.454976,0.594316
36800,0.470297,0.593311
36900,0.480273,0.592383
37000,0.471859,0.591657
37100,0.471695,0.590958
37200,0.470922,0.589901
37300,0.467334,0.589084
37400,0.46829,0.588684
37500,0.466593,0.587306
37600,0.478223,0.586422
37700,0.47804,0.586379
37800,0.476974,0.586019
37900,0.474916,0.586089
38000,0.483054,0.586055
38100,0.476882,0.586427
38200,0.476218,0.586464
38300,0.476992,0.587518
38400,0.483651,0.587806
38500,0.476917,0.588344
38600,0.484383,0.588863
38700,0.469728,0.589079
38800,0.47573,0.588451
38900,0.472276,0.587792
39000,0.478864,0.587565
39100,0.483024,0.587084
39200,0.472784,0.586498
39300,0.474671,0.586303
39400,0.480597,0.585387
39500,0.465057,0.585559
39600,0.47601,0.585357
39700,0.481266,0.585505
39800,0.478366,0.586164
39900,0.473699,0.586201
40000,0.484309,0.586569
40100,0.47784,0.586774
40200,0.473345,0.58708
40300,0.468145,0.587118
40400,0.481221,0.587429
40500,0.478456,0.588363
40600,0.469304,0.588814
40700,0.475575,0.589923
40800,0.476586,0.590045
40900,0.481537,0.590157
41000,0.470618,0.589878
41100,0.468865,0.589024
41200,0.478,0.588432
41300,0.476622,0.588609
41400,0.469463,0.588947
41500,0.4748,0.589156
41600,0.473901,0.589353
41700,0.474774,0.589652
41800,0.482665,0.589292
41900,0.474147,0.589048
42000,0.469373,0.5894
42100,0.46542,0.589609
42200,0.4695,0.589933
42300,0.456575,0.589648
42400,0.473287,0.590337
42500,0.460473,0.590851
42600,0.458689,0.591581
42700,0.46532,0.592191
42800,0.475296,0.593148
42900,0.462683,0.594599
43000,0.456326,0.595715
43100,0.458608,0.596573
43200,0.452411,0.598113
43300,0.47508,0.599221
43400,0.469056,0.600696
43500,0.477028,0.600994
43600,0.476414,0.601295
43700,0.46932,0.601422
43800,0.470162,0.601449
43900,0.463575,0.60165
44000,0.471451,0.602659
44100,0.474101,0.601938
44200,0.456707,0.601068
44300,0.461351,0.599989
44400,0.468645,0.598949
44500,0.463646,0.598069
44600,0.45814,0.596762
44700,0.468769,0.59489
44800,0.477487,0.593004
44900,0.468296,0.591501
45000,0.48283,0.59037
45100,0.481839,0.58954
45200,0.472221,0.588789
45300,0.477047,0.588147
45400,0.478669,0.58693
45500,0.467539,0.585967
45600,0.4719,0.586163
45700,0.478567,0.586491
45800,0.481864,0.586444
45900,0.480231,0.587487
46000,0.483417,0.58826
46100,0.471793,0.589091
46200,0.467284,0.589307
46300,0.472544,0.589813
46400,0.483411,0.590888
46500,0.468702,0.591604
46600,0.4632,0.592251
46700,0.470852,0.592964
46800,0.467973,0.593898
46900,0.47288,0.593857
47000,0.470207,0.593222
47100,0.455633,0.594075
47200,0.471359,0.594688
47300,0.467904,0.595452
47400,0.465214,0.595941
47500,0.466374,0.596432
47600,0.477322,0.596156
47700,0.467247,0.596999
47800,0.464404,0.596834
47900,0.474228,0.59679
48000,0.466155,0.596479
48100,0.46484,0.597265
48200,0.461639,0.597898
48300,0.47308,0.598251
48400,0.463759,0.598298
48500,0.477313,0.599131
48600,0.470056,0.5999
48700,0.4738,0.600082
48800,0.477831,0.600256
48900,0.468048,0.600783
49000,0.473393,0.600216
49100,0.478552,0.60086
49200,0.480713,0.6009
49300,0.472036,0.600955
49400,0.473274,0.600291
49500,0.472809,0.59957
49600,0.469028,0.598729
49700,0.47193,0.597833
49800,0.461919,0.596972
49900,0.467989,0.596175
50000,0.472256,0.594574
50100,0.456035,0.593048
50200,0.469549,0.59211
50300,0.467122,0.590765
50400,0.475385,0.588865
50500,0.473762,0.586764
50600,0.485616,0.583959
50700,0.476299,0.582219
50800,0.470093,0.580016
50900,0.478484,0.577554
51000,0.483327,0.575875
51100,0.465651,0.574568
51200,0.460117,0.572735
51300,0.473693,0.571523
51400,0.486748,0.570016
51500,0.473349,0.568553
51600,0.485131,0.567989
51700,0.48676,0.566714
51800,0.483797,0.565034
51900,0.481517,0.564228
52000,0.477396,0.563142
52100,0.479547,0.562404
52200,0.483683,0.561533
52300,0.479892,0.561382
52400,0.471346,0.560802
52500,0.482459,0.560841
52600,0.476946,0.561367
52700,0.491581,0.561642
52800,0.471952,0.561382
52900,0.483201,0.560924
53000,0.483802,0.560756
53100,0.475716,0.560844
53200,0.462254,0.559751
53300,0.471644,0.559153
53400,0.487375,0.559031
53500,0.468545,0.558193
53600,0.487613,0.558138
53700,0.487104,0.557535
53800,0.487418,0.556876
53900,0.484241,0.557607
54000,0.478182,0.557906
54100,0.486234,0.558522
54200,0.48022,0.55957
54300,0.477691,0.56018
54400,0.488504,0.560714
54500,0.482913,0.56106
54600,0.480081,0.5624
54700,0.491822,0.56402
54800,0.481974,0.565789
54900,0.487186,0.56755
55000,0.470205,0.567841
55100,0.472626,0.568879
55200,0.462637,0.569374
55300,0.4636,0.570164
55400,0.471087,0.571034
55500,0.470174,0.571647
55600,0.476644,0.571552
55700,0.481465,0.571326
55800,0.473326,0.570209
55900,0.460176,0.569019
56000,0.467678,0.568299
56100,0.475212,0.567491
56200,0.481193,0.566845
56300,0.487253,0.56691
56400,0.482493,0.565635
56500,0.480425,0.564731
56600,0.484785,0.563428
56700,0.491361,0.563369
56800,0.482949,0.564033
56900,0.487558,0.563646
57000,0.488301,0.562988
57100,0.477954,0.562068
57200,0.480323,0.562431
57300,0.491212,0.561602
57400,0.489266,0.559917
57500,0.486787,0.558293
57600,0.488264,0.557518
57700,0.489073,0.556425
57800,0.478106,0.555572
57900,0.466877,0.555303
58000,0.46985,0.554283
58100,0.486524,0.554554
58200,0.470007,0.554186
58300,0.471716,0.553899
58400,0.48571,0.553551
58500,0.486096,0.553647
58600,0.483933,0.552946
58700,0.460736,0.552331
58800,0.47862,0.551893
58900,0.48574,0.552896
59000,0.481064,0.553162
59100,0.490442,0.553731
59200,0.490175,0.55372
59300,0.490018,0.553649
59400,0.468144,0.554028
59500,0.47667,0.55473
59600,0.481563,0.556093
59700,0.481297,0.558005
59800,0.487378,0.558945
59900,0.481401,0.559213
60000,0.486737,0.560152
60100,0.483439,0.561359
60200,0.486324,0.561797
60300,0.486839,0.562204
60400,0.477415,0.563206
60500,0.468989,0.563345
60600,0.488082,0.563913
60700,0.481601,0.564032
60800,0.471286,0.564756
60900,0.479723,0.565435
61000,0.480528,0.565469
61100,0.484716,0.565296
61200,0.477582,0.564177
61300,0.470906,0.563754
61400,0.484607,0.562479
61500,0.477033,0.560314
61600,0.480903,0.558194
61700,0.448201,0.556515
61800,0.479641,0.554669
61900,0.476675,0.552648
62000,0.488839,0.550454
62100,0.489688,0.5477
62200,0.491001,0.545196
62300,0.482968,0.542672
62400,0.490938,0.540591
62500,0.490128,0.537903
62600,0.485205,0.535958
62700,0.48913,0.534633
62800,0.490491,0.532926
62900,0.492249,0.531406
63000,0.479665,0.530626
63100,0.464138,0.529041
63200,0.489805,0.528111
63300,0.48884,0.52779
63400,0.496483,0.527496
63500,0.494307,0.526673
63600,0.468833,0.52619
63700,0.490496,0.525824
63800,0.493644,0.525417
63900,0.481135,0.525209
64000,0.491338,0.525442
64100,0.47662,0.525391
64200,0.466458,0.525456
64300,0.464,0.524877
64400,0.484737,0.525247
64500,0.479323,0.525637
64600,0.486209,0.525834
64700,0.49182,0.527033
64800,0.49499,0.527432
64900,0.492593,0.527078
65000,0.487768,0.527717
65100,0.479234,0.528165
65200,0.479624,0.528746
65300,0.488479,0.52946
65400,0.483624,0.530527
65500,0.482132,0.531188
65600,0.483418,0.531914
65700,0.489851,0.532408
65800,0.493034,0.532986
65900,0.488658,0.533956
66000,0.496549,0.534761
66100,0.484018,0.53509
66200,0.478742,0.535074
66300,0.486806,0.535457
66400,0.483538,0.535419
66500,0.471628,0.534773
66600,0.483301,0.534171
66700,0.473938,0.532815
66800,0.495095,0.532497
66900,0.473962,0.532307
67000,0.477547,0.531553
67100,0.488671,0.531095
67200,0.488982,0.530229
67300,0.494406,0.529831
67400,0.487303,0.529599
67500,0.488263,0.528583
67600,0.486875,0.52797
67700,0.487247,0.52649
67800,0.494976,0.526478
67900,0.480075,0.526222
68000,0.487047,0.526547
68100,0.496487,0.527227
68200,0.496743,0.528107
68300,0.49375,0.529649
68400,0.483252,0.531302
68500,0.477216,0.533063
68600,0.457865,0.534706
68700,0.463729,0.536898
68800,0.472679,0.539287
68900,0.485316,0.540667
69000,0.486582,0.54294
69100,0.489169,0.544671
69200,0.486918,0.547193
69300,0.472338,0.549
69400,0.491196,0.550345
69500,0.489615,0.551733
69600,0.4707,0.553441
69700,0.47697,0.555189
69800,0.483176,0.556862
69900,0.478531,0.558369
70000,0.483807,0.560383
70100,0.481557,0.561808
70200,0.476641,0.563068
70300,0.483532,0.565023
70400,0.478661,0.566448
70500,0.482713,0.56737
70600,0.485589,0.568841
70700,0.476782,0.571008
70800,0.486934,0.572313
70900,0.48714,0.573436
71000,0.478338,0.574804
71100,0.46647,0.576381
71200,0.478084,0.577989
71300,0.472407,0.578961
71400,0.479706,0.579583
71500,0.466327,0.580684
71600,0.482,0.581683
71700,0.483189,0.583033
71800,0.481827,0.584671
71900,0.460347,0.586281
72000,0.460897,0.587306
72100,0.475671,0.589371
72200,0.466132,0.590615
72300,0.476316,0.592574
72400,0.480592,0.59442
72500,0.462388,0.596431
72600,0.452055,0.597791
72700,0.453876,0.598661
72800,0.460404,0.600504
72900,0.446871,0.601961
73000,0.450829,0.602648
73100,0.455602,0.602449
73200,0.455731,0.603872
73300,0.469842,0.604482
73400,0.471635,0.60556
73500,0.4692,0.606884
73600,0.464873,0.608066
73700,0.46683,0.608911
73800,0.458117,0.609624
73900,0.453422,0.610213
74000,0.459636,0.610585
74100,0.443665,0.610952
74200,0.44219,0.610745
74300,0.459112,0.609785
74400,0.47677,0.609882
74500,0.469175,0.60965
74600,0.473009,0.608921
74700,0.473996,0.608385
74800,0.46864,0.608606
74900,0.467381,0.608819
75000,0.469215,0.609497
75100,0.458472,0.60916
75200,0.470666,0.608033
75300,0.470261,0.607665
75400,0.448484,0.608202
75500,0.452813,0.607923
75600,0.460858,0.607397
75700,0.465134,0.607787
75800,0.458696,0.607501
75900,0.470706,0.607409
76000,0.470758,0.606626
76100,0.468464,0.605725
76200,0.47286,0.605445
76300,0.472872,0.604573
76400,0.46589,0.603113
76500,0.474441,0.601729
76600,0.466165,0.601603
76700,0.477358,0.600905
76800,0.473692,0.600539
76900,0.47669,0.599737
77000,0.474783,0.599088
77100,0.474904,0.596889
77200,0.470941,0.595455
77300,0.464597,0.594348
77400,0.469052,0.592203
77500,0.480923,0.590128
77600,0.481308,0.587966
77700,0.472297,0.58591
77800,0.482562,0.58401
77900,0.484198,0.582307
78000,0.484257,0.580501
78100,0.477681,0.579266
78200,0.480595,0.577716
78300,0.488104,0.575883
78400,0.485845,0.57428
78500,0.481452,0.572669
78600,0.46894,0.569994
78700,0.482339,0.567687
78800,0.484594,0.566607
78900,0.478391,0.565101
79000,0.488497,0.564264
79100,0.480457,0.563149
79200,0.482048,0.561824
79300,0.476751,0.561462
79400,0.488983,0.560894
79500,0.468955,0.560706
79600,0.474309,0.560491
79700,0.483069,0.559731
79800,0.486343,0.559565
79900,0.468382,0.559257
80000,0.482875,0.55899
80100,0.479627,0.558761
80200,0.46579,0.558283
80300,0.466663,0.558308
80400,0.487041,0.558341
80500,0.485796,0.558563
80600,0.475024,0.558005
80700,0.480703,0.557664
80800,0.479962,0.558605
80900,0.461462,0.557764
81000,0.470782,0.557651
81100,0.444752,0.557328
81200,0.462589,0.557117
81300,0.467207,0.556567
81400,0.469372,0.555945
81500,0.470088,0.554738
81600,0.484485,0.552537
81700,0.47174,0.550836
81800,0.480285,0.548464
81900,0.471028,0.545486
82000,0.47815,0.542872
82100,0.469209,0.540393
82200,0.481354,0.537924
82300,0.485259,0.535089
82400,0.480216,0.532092
82500,0.488528,0.528806
82600,0.492302,0.525987
82700,0.494587,0.523412
82800,0.493845,0.52036
82900,0.468913,0.518
83000,0.481896,0.515404
83100,0.497746,0.512974
83200,0.489187,0.511235
83300,0.493178,0.5092
83400,0.492053,0.507985
83500,0.49165,0.506956
83600,0.49432,0.50615
83700,0.495445,0.505456
83800,0.486946,0.504984
83900,0.489501,0.504569
84000,0.478862,0.503627
84100,0.4859,0.502919
84200,0.495277,0.501966
84300,0.492878,0.502228
84400,0.487986,0.501806
84500,0.485595,0.500743
84600,0.485523,0.500239
84700,0.493148,0.499995
84800,0.49777,0.500956
84900,0.492125,0.501205
85000,0.485783,0.501825
85100,0.48646,0.502213
85200,0.483241,0.501371
85300,0.48329,0.500233
85400,0.483401,0.499592
85500,0.491417,0.500218
85600,0.489021,0.499238
85700,0.483425,0.499867
85800,0.483835,0.499884
85900,0.492912,0.50017
86000,0.48731,0.50016
86100,0.495132,0.500482
86200,0.494686,0.500133
86300,0.484432,0.49973
86400,0.477082,0.499409
86500,0.488781,0.499112
86600,0.487624,0.498625
86700,0.494658,0.497337
86800,0.496099,0.496473
86900,0.485014,0.495664
87000,0.478778,0.494711
87100,0.490554,0.494022
87200,0.487911,0.493651
87300,0.495418,0.492723
87400,0.493149,0.491881
87500,0.493525,0.491465
87600,0.487833,0.491022
87700,0.473234,0.4906
87800,0.488177,0.490867
87900,0.467439,0.490708
88000,0.475377,0.489893
88100,0.48488,0.489627
88200,0.493005,0.488833
88300,0.494721,0.489145
88400,0.496216,0.489036
88500,0.48991,0.48927
88600,0.492973,0.488949
88700,0.494042,0.488128
88800,0.496752,0.487349
88900,0.483398,0.487924
89000,0.491654,0.488737
89100,0.4854,0.489377
89200,0.483614,0.490034
89300,0.48716,0.490115
89400,0.4609,0.490552
89500,0.488581,0.491099
89600,0.482516,0.49157
89700,0.494721,0.492231
89800,0.481214,0.492514
89900,0.488535,0.492999
90000,0.478875,0.493063
90100,0.494325,0.493469
90200,0.475995,0.493488
90300,0.4817,0.494205
90400,0.466162,0.494437
90500,0.472396,0.494833
90600,0.484951,0.495186
90700,0.482805,0.494917
90800,0.48072,0.496035
90900,0.484145,0.496543
91000,0.48878,0.496197
91100,0.485499,0.496472
91200,0.494434,0.496616
91300,0.491558,0.497173
91400,0.487627,0.497954
91500,0.48996,0.498204
91600,0.492208,0.499619
91700,0.495117,0.501187
91800,0.471812,0.502152
91900,0.49205,0.502867
92000,0.488487,0.50439
92100,0.48863,0.504699
92200,0.492216,0.504945
92300,0.495297,0.504671
92400,0.495191,0.505132
92500,0.492584,0.505789
92600,0.489388,0.50652
92700,0.492004,0.507023
92800,0.492773,0.507671
92900,0.498464,0.508093
93000,0.496885,0.508386
93100,0.483007,0.50848
93200,0.484441,0.508609
93300,0.495933,0.50871
93400,0.493964,0.508514
93500,0.482979,0.5093
93600,0.488786,0.509586
93700,0.479804,0.509598
93800,0.471238,0.508973
93900,0.477906,0.508309
94000,0.487777,0.507923
94100,0.494687,0.508779
94200,0.47379,0.509344
94300,0.464951,0.509438
94400,0.473902,0.50964
94500,0.489763,0.509888
94600,0.494795,0.510232
94700,0.493796,0.510568
94800,0.499093,0.511561
94900,0.497371,0.511779
95000,0.486655,0.512779
95100,0.470468,0.513462
95200,0.483827,0.513941
95300,0.475974,0.514542
95400,0.473711,0.515835
95500,0.471522,0.516588
95600,0.476157,0.518269
95700,0.493772,0.520372
95800,0.484014,0.521664
95900,0.484859,0.522048
96000,0.487531,0.523392
96100,0.492799,0.52363
96200,0.49736,0.524571
96300,0.489524,0.525284
96400,0.490696,0.525934
96500,0.481586,0.5268
96600,0.474344,0.52655
96700,0.484966,0.526138
96800,0.483167,0.52517
96900,0.494034,0.5247
97000,0.484843,0.523958
97100,0.493005,0.522946
97200,0.493942,0.522156
97300,0.486306,0.521041
97400,0.495899,0.518922
97500,0.487616,0.518242
97600,0.487247,0.517639
97700,0.495735,0.516222
97800,0.496098,0.51478
97900,0.497445,0.513908
98000,0.49388,0.51263
98100,0.487171,0.511433
98200,0.48531,0.510709
98300,0.488224,0.509111
98400,0.484865,0.507875
98500,0.491479,0.506718
98600,0.486478,0.506353
98700,0.475434,0.505319
98800,0.483975,0.504985
98900,0.490495,0.504278
99000,0.492269,0.503715
99100,0.493492,0.503497
99200,0.489137,0.503023
99300,0.490526,0.503085
99400,0.48488,0.503451
99500,0.486927,0.503125
99600,0.486586,0.502716
99700,0.492976,0.502369
99800,0.487261,0.501896
99900,0.492421,0.501004
