0,0.499999,0.49988
100,0.49281,0.499106
200,0.48427,0.499517
300,0.489694,0.499913
400,0.468771,0.499889
500,0.471239,0.50057
600,0.466674,0.501067
700,0.477392,0.501798
800,0.481216,0.503174
900,0.478016,0.504026
1000,0.467121,0.504941
1100,0.459301,0.50589
1200,0.476332,0.506618
1300,0.486511,0.507313
1400,0.475431,0.508789
1500,0.490867,0.511166
1600,0.473675,0.512675
1700,0.463302,0.515431
1800,0.474375,0.518114
1900,0.469939,0.520985
2000,0.477839,0.523634
2100,0.475251,0.526305
2200,0.476711,0.529267
2300,0.46863,0.532964
2400,0.464829,0.537074
2500,0.452132,0.540923
2600,0.456954,0.545691
2700,0.464117,0.550358
2800,0.461305,0.555351
2900,0.471842,0.560424
3000,0.46659,0.566002
3100,0.462255,0.571378
3200,0.459896,0.576832
3300,0.450073,0.582069
3400,0.453026,0.587822
3500,0.458308,0.593532
3600,0.468606,0.598597
3700,0.45524,0.602909
3800,0.449023,0.607896
3900,0.439228,0.611539
4000,0.443948,0.61553
4100,0.43649,0.620225
4200,0.442268,0.624052
4300,0.43414,0.627304
4400,0.432396,0.630875
4500,0.426569,0.634396
4600,0.41819,0.638078
4700,0.421326,0.641995
4800,0.417919,0.64584
4900,0.423488,0.649936
5000,0.423628,0.653119
5100,0.406231,0.65781
5200,0.411284,0.66175
5300,0.408421,0.666372
5400,0.408114,0.670594
5500,0.380376,0.675659
5600,0.40586,0.681385
5700,0.402271,0.687881
5800,0.405514,0.693458
5900,0.388473,0.699841
6000,0.387944,0.706781
6100,0.366324,0.712743
6200,0.368289,0.719156
6300,0.378452,0.725381
6400,0.377116,0.731623
6500,0.362885,0.737319
6600,0.35612,0.742586
6700,0.366244,0.747439
6800,0.341833,0.752112
6900,0.342313,0.755634
7000,0.344018,0.758478
7100,0.344413,0.760676
7200,0.353176,0.762753
7300,0.345574,0.763716
7400,0.335222,0.764267
7500,0.362438,0.765002
7600,0.362352,0.765202
7700,0.361255,0.765856
7800,0.361152,0.765819
7900,0.368283,0.766037
8000,0.344327,0.765804
8100,0.352493,0.765729
8200,0.352101,0.76408
8300,0.362005,0.763167
8400,0.372802,0.761062
8500,0.383111,0.758402
8600,0.377347,0.75564
8700,0.364707,0.752794
8800,0.363797,0.750162
8900,0.374441,0.746933
9000,0.370407,0.743151
9100,0.374235,0.739325
9200,0.384147,0.735914
9300,0.379597,0.731504
9400,0.391061,0.727891
9500,0.387285,0.724583
9600,0.399524,0.721686
9700,0.404591,0.718742
9800,0.400393,0.71557
9900,0.39394,0.71219
10000,0.401764,0.70927
10100,0.393335,0.705752
10200,0.391687,0.703377
10300,0.384734,0.70079
10400,0.385469,0.698842
10500,0.391633,0.697527
10600,0.38777,0.696094
10700,0.393311,0.69495
10800,0.389787,0.695467
10900,0.393807,0.695238
11000,0.377811,0.695843
11100,0.376626,0.696948
11200,0.373495,0.697791
11300,0.385376,0.700504
11400,0.389562,0.702653
11500,0.383188,0.705079
11600,0.394177,0.707818
11700,0.399246,0.710839
11800,0.384748,0.713491
11900,0.392577,0.716842
12000,0.389873,0.719569
12100,0.371221,0.723112
12200,0.371551,0.727531
12300,0.381485,0.73178
12400,0.368981,0.735919
12500,0.37106,0.739612
12600,0.365003,0.743469
12700,0.337048,0.748015
12800,0.344162,0.752148
12900,0.344972,0.756758
13000,0.326913,0.760768
13100,0.333369,0.765242
13200,0.328168,0.769856
13300,0.341665,0.773417
13400,0.340962,0.777286
13500,0.343949,0.781002
13600,0.341842,0.784209
13700,0.339688,0.787514
13800,0.325381,0.790098
13900,0.316031,0.791551
14000,0.326827,0.793163
14100,0.328241,0.794302
14200,0.315564,0.79521
14300,0.318555,0.795518
14400,0.329647,0.79515
14500,0.323944,0.795122
14600,0.311822,0.794817
14700,0.321637,0.795158
14800,0.31973,0.794588
14900,0.29572,0.79373
15000,0.296298,0.792659
15100,0.296481,0.792242
15200,0.287893,0.79227
15300,0.291372,0.791823
15400,0.295611,0.791882
15500,0.300916,0.792112
15600,0.300543,0.791941
15700,0.295169,0.791933
15800,0.281265,0.792582
15900,0.287139,0.793745
16000,0.289613,0.794926
16100,0.288096,0.797041
16200,0.281183,0.799262
16300,0.282919,0.802168
16400,0.275761,0.805809
16500,0.269123,0.80943
16600,0.261141,0.813743
16700,0.267912,0.818574
16800,0.260192,0.823329
16900,0.258778,0.827844
17000,0.249326,0.833177
17100,0.239307,0.838171
17200,0.229549,0.842913
17300,0.229857,0.847531
17400,0.226185,0.852261
17500,0.220699,0.856647
17600,0.219539,0.860544
17700,0.21479,0.863639
17800,0.218702,0.866575
17900,0.224495,0.869001
18000,0.235907,0.871638
18100,0.233995,0.873568
18200,0.223171,0.875699
18300,0.22587,0.877224
18400,0.217702,0.878031
18500,0.201971,0.879976
18600,0.203171,0.880408
18700,0.199969,0.881131
18800,0.196085,0.8811
18900,0.195388,0.880986
19000,0.199082,0.880651
19100,0.200665,0.8805
19200,0.199021,0.87968
19300,0.201386,0.879274
19400,0.20201,0.878773
19500,0.198094,0.878238
19600,0.199316,0.877958
19700,0.199343,0.877669
19800,0.198286,0.877418
19900,0.205219,0.876929
20000,0.204649,0.876235
20100,0.205161,0.876143
20200,0.207082,0.875621
20300,0.205886,0.875439
20400,0.204793,0.874986
20500,0.199304,0.874783
20600,0.196421,0.874293
20700,0.191961,0.874704
20800,0.195266,0.874906
20900,0.197187,0.875686
21000,0.192888,0.877012
21100,0.200365,0.878414
21200,0.201621,0.879417
21300,0.208696,0.879964
21400,0.190747,0.88156
21500,0.189004,0.882455
21600,0.185213,0.883915
21700,0.18371,0.88567
21800,0.178074,0.887379
21900,0.172906,0.889251
22000,0.172217,0.891141
22100,0.168875,0.892585
22200,0.16963,0.894004
22300,0.166057,0.895948
22400,0.162978,0.897595
22500,0.158563,0.899259
22600,0.156759,0.901156
22700,0.152974,0.903073
22800,0.148547,0.905475
22900,0.147573,0.907436
23000,0.144466,0.909361
23100,0.138767,0.911334
23200,0.134386,0.91318
23300,0.134666,0.915095
23400,0.134473,0.917253
23500,0.129508,0.919338
23600,0.127404,0.921294
23700,0.125661,0.922877
23800,0.124705,0.9249
23900,0.121872,0.926627
24000,0.117217,0.928161
24100,0.116996,0.929714
24200,0.114464,0.93177
24300,0.109374,0.933063
24400,0.105189,0.934892
24500,0.105199,0.936615
24600,0.0984709,0.938401
24700,0.107074,0.940091
24800,0.0950522,0.941633
24900,0.091236,0.943654
25000,0.0900976,0.94574
25100,0.0992086,0.947903
25200,0.102437,0.949896
25300,0.0978827,0.951945
25400,0.0933636,0.953951
25500,0.077993,0.955912
25600,0.0788846,0.957677
25700,0.0757595,0.959755
25800,0.0737921,0.960933
25900,0.0763337,0.961799
26000,0.0810331,0.96263
26100,0.0714133,0.963618
26200,0.0649003,0.964411
26300,0.0601915,0.965128
26400,0.0605153,0.965818
26500,0.0611764,0.966242
26600,0.0611871,0.966776
26700,0.072732,0.967193
26800,0.0707194,0.967506
26900,0.0694881,0.967464
27000,0.08086,0.967714
27100,0.0854393,0.967821
27200,0.085523,0.967709
27300,0.0883004,0.967539
27400,0.111286,0.967235
27500,0.111589,0.966791
27600,0.118685,0.966292
27700,0.121641,0.96507
27800,0.126719,0.963548
27900,0.130336,0.961575
28000,0.149502,0.958505
28100,0.156918,0.954404
28200,0.151729,0.948807
28300,0.161182,0.942578
28400,0.176143,0.935569
28500,0.176868,0.927704
28600,0.191329,0.919215
28700,0.197318,0.90938
28800,0.224104,0.899956
28900,0.236358,0.890481
29000,0.240471,0.880688
29100,0.240578,0.870315
29200,0.255069,0.859523
29300,0.267259,0.84828
29400,0.286705,0.83697
29500,0.304353,0.825701
29600,0.305235,0.813287
29700,0.331171,0.802401
29800,0.336888,0.7917
29900,0.33865,0.780336
30000,0.343437,0.770958
30100,0.344115,0.760485
30200,0.363571,0.750878
30300,0.361695,0.742269
30400,0.359453,0.734701
30500,0.369836,0.727708
30600,0.389273,0.72251
30700,0.394853,0.71717
30800,0.392824,0.713613
30900,0.395547,0.709301
31000,0.396118,0.706251
31100,0.406819,0.704184
31200,0.41084,0.702814
31300,0.394454,0.701205
31400,0.392411,0.701001
31500,0.37367,0.700702
31600,0.383009,0.700915
31700,0.391103,0.700926
31800,0.377188,0.701326
31900,0.372446,0.702593
32000,0.372389,0.704247
32100,0.376004,0.705418
32200,0.367736,0.707246
32300,0.35167,0.709046
32400,0.342254,0.711905
32500,0.341364,0.714386
32600,0.342452,0.716935
32700,0.34041,0.719991
32800,0.336217,0.723905
32900,0.324646,0.727605
33000,0.331404,0.731742
33100,0.326661,0.735939
33200,0.318643,0.741672
33300,0.313992,0.747398
33400,0.303651,0.754926
33500,0.292915,0.76146
33600,0.28275,0.769072
33700,0.277531,0.776875
33800,0.27751,0.785363
33900,0.27238,0.794481
34000,0.249273,0.804217
34100,0.252855,0.813384
34200,0.243063,0.822911
34300,0.230896,0.831985
34400,0.217022,0.841488
34500,0.207814,0.850495
34600,0.197617,0.85936
34700,0.191472,0.868437
34800,0.17328,0.876904
34900,0.165949,0.884784
35000,0.155296,0.89216
35100,0.145692,0.899336
35200,0.137934,0.906068
35300,0.128319,0.912485
35400,0.123355,0.91834
35500,0.116948,0.923854
35600,0.117891,0.928427
35700,0.110374,0.932932
35800,0.108652,0.937401
35900,0.105322,0.940847
36000,0.100495,0.943983
36100,0.089468,0.946655
36200,0.0872152,0.949119
36300,0.083438,0.951495
36400,0.0791046,0.953357
36500,0.0756361,0.955355
36600,0.0740451,0.956886
36700,0.0699606,0.958384
36800,0.0688278,0.959322
36900,0.0662261,0.960746
37000,0.0668704,0.961562
37100,0.0646307,0.962785
37200,0.063084,0.963443
37300,0.063322,0.964105
37400,0.0595624,0.964598
37500,0.0587398,0.965271
37600,0.0568162,0.96605
37700,0.0534844,0.967098
37800,0.0534203,0.967871
37900,0.0528613,0.96874
38000,0.0512907,0.969745
38100,0.0484509,0.9708
38200,0.0471986,0.971526
38300,0.0466752,0.972366
38400,0.0544634,0.973176
38500,0.0534915,0.973974
38600,0.0422748,0.974989
38700,0.0399925,0.976176
38800,0.0391644,0.977306
38900,0.0375616,0.978344
39000,0.0385294,0.979242
39100,0.0337143,0.98057
39200,0.0323894,0.981455
39300,0.0320759,0.98226
39400,0.0305241,0.983132
39500,0.0294356,0.984016
39600,0.0283976,0.984734
39700,0.027182,0.985252
39800,0.0250697,0.985834
39900,0.0248093,0.986082
40000,0.0238116,0.986335
40100,0.0223546,0.986806
40200,0.0221019,0.987106
40300,0.0218165,0.987303
40400,0.021022,0.98762
40500,0.0207815,0.987832
40600,0.0201852,0.988069
40700,0.0207908,0.988494
40800,0.0199091,0.98865
40900,0.0193198,0.988833
41000,0.0186011,0.989044
41100,0.0183281,0.989311
41200,0.0178571,0.989783
41300,0.0174184,0.989909
41400,0.0222687,0.990217
41500,0.0150413,0.990435
41600,0.0150095,0.990711
41700,0.0148219,0.990986
41800,0.0148033,0.991201
41900,0.0146783,0.99164
42000,0.0154133,0.991857
42100,0.0158933,0.992163
42200,0.0144432,0.992398
42300,0.0156686,0.992471
42400,0.0162906,0.992282
42500,0.0174789,0.992302
42600,0.0232559,0.992349
42700,0.016901,0.992258
42800,0.0177741,0.992094
42900,0.0161444,0.99215
43000,0.0167371,0.991914
43100,0.0160115,0.991658
43200,0.0169453,0.991251
43300,0.0167375,0.990883
43400,0.0174327,0.990523
43500,0.016873,0.990033
43600,0.017375,0.989801
43700,0.0177301,0.989369
43800,0.0180813,0.989043
43900,0.0187549,0.988786
44000,0.0188545,0.988758
44100,0.0188494,0.988813
44200,0.0180278,0.989022
44300,0.017868,0.989091
44400,0.01751,0.989312
44500,0.0173098,0.989514
44600,0.0175322,0.989654
44700,0.016719,0.989963
44800,0.0162814,0.990176
44900,0.0164814,0.990431
45000,0.0158904,0.990738
45100,0.0146715,0.991035
45200,0.0141969,0.991352
45300,0.0134199,0.991741
45400,0.0130112,0.992167
45500,0.0121523,0.992541
45600,0.0113163,0.993013
45700,0.0106759,0.993438
45800,0.00968726,0.994008
45900,0.00890317,0.994437
46000,0.00817682,0.994792
46100,0.00755515,0.995281
46200,0.00703812,0.995597
46300,0.00678749,0.995777
46400,0.00617906,0.996079
46500,0.00559258,0.99639
46600,0.00536789,0.99663
46700,0.00474831,0.996959
46800,0.00448441,0.997151
46900,0.00425757,0.997345
47000,0.00409189,0.99748
47100,0.00368387,0.997689
47200,0.00355682,0.997814
47300,0.00308346,0.998069
47400,0.00272282,0.998279
47500,0.00258713,0.998412
47600,0.00216249,0.998645
47700,0.00193189,0.998771
47800,0.00172885,0.998906
47900,0.00152003,0.999038
48000,0.00136364,0.999131
48100,0.0012173,0.999232
48200,0.00109049,0.999308
48300,0.00100873,0.99935
48400,0.000907864,0.999421
48500,0.000804749,0.999492
48600,0.000738211,0.999537
48700,0.000713576,0.99956
48800,0.000600172,0.99963
48900,0.000514629,0.999679
49000,0.000428513,0.999736
49100,0.000351542,0.999781
49200,0.000283005,0.999819
49300,0.000221818,0.999858
49400,0.000158866,0.999901
49500,0.000123913,0.999922
49600,0.000102613,0.999937
49700,8.57015e-05,0.999947
49800,4.99069e-05,0.999969
49900,3.97906e-05,0.999975
50000,1.98487e-05,0.999988
50100,1.56075e-05,0.99999
50200,1.44209e-05,0.999991
50300,1.20203e-05,0.999992
50400,1.27265e-05,0.999992
50500,1.38807e-05,0.999991
50600,4.69929e-06,0.999997
50700,4.05364e-06,0.999997
50800,1.48632e-06,0.999999
50900,1.18279e-07,1
51000,0,1
51100,0,1
51200,0,1
51300,0,1
51400,0,1
51500,0,1
51600,0,1
51700,0,1
51800,0,1
51900,0,1
52000,0,1
52100,0,1
52200,0,1
52300,0,1
52400,0,1
52500,0,1
52600,0,1
52700,0,1
52800,0,1
52900,0,1
53000,0,1
53100,0,1
53200,0,1
53300,0,1
53400,0,1
53500,0,1
53600,0,1
53700,0,1
53800,0,1
53900,0,1
54000,0,1
54100,0,1
54200,0,1
54300,0,1
54400,0,1
54500,0,1
54600,0,1
54700,0,1
54800,0,1
54900,0,1
55000,0,1
55100,0,1
55200,0,1
55300,0,1
55400,0,1
55500,0,1
55600,0,1
55700,0,1
55800,0,1
55900,0,1
56000,0,1
56100,0,1
56200,0,1
56300,0,1
56400,0,1
56500,0,1
56600,0,1
56700,0,1
56800,0,1
56900,0,1
57000,0,1
57100,0,1
57200,0,1
57300,0,1
57400,0,1
57500,0,1
57600,0,1
57700,0,1
57800,0,1
57900,0,1
58000,0,1
58100,0,1
58200,0,1
58300,0,1
58400,0,1
58500,0,1
58600,0,1
58700,0,1
58800,0,1
58900,0,1
59000,0,1
59100,0,1
59200,0,1
59300,0,1
59400,0,1
59500,0,1
59600,0,1
59700,0,1
59800,0,1
59900,0,1
60000,0,1
60100,0,1
60200,0,1
60300,0,1
60400,0,1
60500,0,1
60600,0,1
60700,0,1
60800,0,1
60900,0,1
61000,0,1
61100,0,1
61200,0,1
61300,0,1
61400,0,1
61500,0,1
61600,0,1
61700,0,1
61800,0,1
61900,0,1
62000,0,1
62100,0,1
62200,0,1
62300,0,1
62400,0,1
62500,0,1
62600,0,1
62700,0,1
62800,0,1
62900,0,1
63000,0,1
63100,0,1
63200,0,1
63300,0,1
63400,0,1
63500,0,1
63600,0,1
63700,0,1
63800,0,1
63900,0,1
64000,0,1
64100,0,1
64200,0,1
64300,0,1
64400,0,1
64500,0,1
64600,0,1
64700,0,1
64800,0,1
64900,0,1
65000,0,1
65100,0,1
65200,0,1
65300,0,1
65400,0,1
65500,0,1
65600,0,1
65700,0,1
65800,0,1
65900,0,1
66000,0,1
66100,0,1
66200,0,1
66300,0,1
66400,0,1
66500,0,1
66600,0,1
66700,0,1
66800,0,1
66900,0,1
67000,0,1
67100,0,1
67200,0,1
67300,0,1
67400,0,1
67500,0,1
67600,0,1
67700,0,1
67800,0,1
67900,0,1
68000,0,1
68100,0,1
68200,0,1
68300,0,1
68400,0,1
68500,0,1
68600,0,1
68700,0,1
68800,0,1
68900,0,1
69000,0,1
69100,0,1
69200,0,1
69300,0,1
69400,0,1
69500,0,1
69600,0,1
69700,0,1
69800,0,1
69900,0,1
70000,0,1
70100,0,1
70200,0,1
70300,0,1
70400,0,1
70500,0,1
70600,0,1
70700,0,1
70800,0,1
70900,0,1
71000,0,1
71100,0,1
71200,0,1
71300,0,1
71400,0,1
71500,0,1
71600,0,1
71700,0,1
71800,0,1
71900,0,1
72000,0,1
72100,0,1
72200,0,1
72300,0,1
72400,0,1
72500,0,1
72600,0,1
72700,0,1
72800,0,1
72900,0,1
73000,0,1
73100,0,1
73200,0,1
73300,0,1
73400,0,1
73500,0,1
73600,0,1
73700,0,1
73800,0,1
73900,0,1
74000,0,1
74100,0,1
74200,0,1
74300,0,1
74400,0,1
74500,0,1
74600,0,1
74700,0,1
74800,0,1
74900,0,1
75000,0,1
75100,0,1
75200,0,1
75300,0,1
75400,0,1
75500,0,1
75600,0,1
75700,0,1
75800,0,1
75900,0,1
76000,0,1
76100,0,1
76200,0,1
76300,0,1
76400,0,1
76500,0,1
76600,0,1
76700,0,1
76800,0,1
76900,0,1
77000,0,1
77100,0,1
77200,0,1
77300,0,1
77400,0,1
77500,0,1
77600,0,1
77700,0,1
77800,0,1
77900,0,1
78000,0,1
78100,0,1
78200,0,1
78300,0,1
78400,0,1
78500,0,1
78600,0,1
78700,0,1
78800,0,1
78900,0,1
79000,0,1
79100,0,1
79200,0,1
79300,0,1
79400,0,1
79500,0,1
79600,0,1
79700,0,1
79800,0,1
79900,0,1
80000,0,1
80100,0,1
80200,0,1
80300,0,1
80400,0,1
80500,0,1
80600,0,1
80700,0,1
80800,0,1
80900,0,1
81000,0,1
81100,0,1
81200,0,1
81300,0,1
81400,0,1
81500,0,1
81600,0,1
81700,0,1
81800,0,1
81900,0,1
82000,0,1
82100,0,1
82200,0,1
82300,0,1
82400,0,1
82500,0,1
82600,0,1
82700,0,1
82800,0,1
82900,0,1
83000,0,1
83100,0,1
83200,0,1
83300,0,1
83400,0,1
83500,0,1
83600,0,1
83700,0,1
83800,0,1
83900,0,1
84000,0,1
84100,0,1
84200,0,1
84300,0,1
84400,0,1
84500,0,1
84600,0,1
84700,0,1
84800,0,1
84900,0,1
85000,0,1
85100,0,1
85200,0,1
85300,0,1
85400,0,1
85500,0,1
85600,0,1
85700,0,1
85800,0,1
85900,0,1
86000,0,1
86100,0,1
86200,0,1
86300,0,1
86400,0,1
86500,0,1
86600,0,1
86700,0,1
86800,0,1
86900,0,1
87000,0,1
87100,0,1
87200,0,1
87300,0,1
87400,0,1
87500,0,1
87600,0,1
87700,0,1
87800,0,1
87900,0,1
88000,0,1
88100,0,1
88200,0,1
88300,0,1
88400,0,1
88500,0,1
88600,0,1
88700,0,1
88800,0,1
88900,0,1
89000,0,1
89100,0,1
89200,0,1
89300,0,1
89400,0,1
89500,0,1
89600,0,1
89700,0,1
89800,0,1
89900,0,1
90000,0,1
90100,0,1
90200,0,1
90300,0,1
90400,0,1
90500,0,1
90600,0,1
90700,0,1
90800,0,1
90900,0,1
91000,0,1
91100,0,1
91200,0,1
91300,0,1
91400,0,1
91500,0,1
91600,0,1
91700,0,1
91800,0,1
91900,0,1
92000,0,1
92100,0,1
92200,0,1
92300,0,1
92400,0,1
92500,0,1
92600,0,1
92700,0,1
92800,0,1
92900,0,1
93000,0,1
93100,0,1
93200,0,1
93300,0,1
93400,0,1
93500,0,1
93600,0,1
93700,0,1
93800,0,1
93900,0,1
94000,0,1
94100,0,1
94200,0,1
94300,0,1
94400,0,1
94500,0,1
94600,0,1
94700,0,1
94800,0,1
94900,0,1
95000,0,1
95100,0,1
95200,0,1
95300,0,1
95400,0,1
95500,0,1
95600,0,1
95700,0,1
95800,0,1
95900,0,1
96000,0,1
96100,0,1
96200,0,1
96300,0,1
96400,0,1
96500,0,1
96600,0,1
96700,0,1
96800,0,1
96900,0,1
97000,0,1
97100,0,1
97200,0,1
97300,0,1
97400,0,1
97500,0,1
97600,0,1
97700,0,1
97800,0,1
97900,0,1
98000,0,1
98100,0,1
98200,0,1
98300,0,1
98400,0,1
98500,0,1
98600,0,1
98700,0,1
98800,0,1
98900,0,1
99000,0,1
99100,0,1
99200,0,1
99300,0,1
99400,0,1
99500,0,1
99600,0,1
99700,0,1
99800,0,1
99900,0,1
