0,0.499999,0.500053
100,0.488728,0.499999
200,0.490476,0.500119
300,0.484171,0.500609
400,0.497464,0.500549
500,0.482215,0.501016
600,0.472944,0.501411
700,0.495251,0.501141
800,0.477526,0.500912
900,0.482222,0.501141
1000,0.497035,0.500609
1100,0.488664,0.500454
1200,0.495735,0.499786
1300,0.485214,0.499173
1400,0.483569,0.499087
1500,0.482804,0.498488
1600,0.490714,0.498252
1700,0.483327,0.498434
1800,0.486881,0.499345
1900,0.485056,0.499163
2000,0.484109,0.498654
2100,0.488037,0.498126
2200,0.480607,0.49691
2300,0.488037,0.496094
2400,0.489031,0.495398
2500,0.492187,0.494208
2600,0.476255,0.492117
2700,0.483871,0.490268
2800,0.497118,0.488516
2900,0.493487,0.486058
3000,0.489741,0.48363
3100,0.489982,0.481108
3200,0.492259,0.478652
3300,0.483227,0.476382
3400,0.473789,0.474003
3500,0.487873,0.472659
3600,0.489038,0.470737
3700,0.495786,0.469795
3800,0.492596,0.468372
3900,0.481691,0.467324
4000,0.4938,0.46709
4100,0.490852,0.46633
4200,0.487391,0.4668
4300,0.479767,0.467374
4400,0.485654,0.466891
4500,0.491058,0.467537
4600,0.484954,0.466987
4700,0.487616,0.467383
4800,0.472803,0.468568
4900,0.480392,0.469904
5000,0.490377,0.472035
5100,0.466922,0.474569
5200,0.480526,0.476534
5300,0.477306,0.479867
5400,0.473817,0.482551
5500,0.483842,0.48585
5600,0.47602,0.488498
5700,0.469269,0.491632
5800,0.482431,0.494221
5900,0.477456,0.496259
6000,0.471313,0.498312
6100,0.471555,0.500191
6200,0.457425,0.50237
6300,0.483253,0.503431
6400,0.490702,0.50554
6500,0.483541,0.50762
6600,0.491285,0.509311
6700,0.489624,0.510904
6800,0.46864,0.511965
6900,0.461842,0.513175
7000,0.45603,0.514204
7100,0.481216,0.515553
7200,0.478711,0.516216
7300,0.477784,0.517044
7400,0.467596,0.517517
7500,0.481177,0.518297
7600,0.487378,0.518824
7700,0.479608,0.519281
7800,0.483799,0.518814
7900,0.489771,0.518135
8000,0.483224,0.518447
8100,0.483344,0.517878
8200,0.464562,0.517504
8300,0.479649,0.516815
8400,0.48551,0.516231
8500,0.483258,0.514425
8600,0.491923,0.512768
8700,0.484478,0.50947
8800,0.470393,0.507126
8900,0.47538,0.504046
9000,0.492415,0.500557
9100,0.489397,0.496481
9200,0.473259,0.491689
9300,0.477094,0.487514
9400,0.485335,0.483166
9500,0.486475,0.478866
9600,0.486929,0.475036
9700,0.492819,0.471137
9800,0.478758,0.467774
9900,0.460918,0.465152
10000,0.460457,0.46307
10100,0.468498,0.461271
10200,0.476015,0.460511
10300,0.486068,0.459474
10400,0.483407,0.459343
10500,0.484185,0.458188
10600,0.47643,0.457741
10700,0.479125,0.457579
10800,0.482684,0.456773
10900,0.476603,0.455893
11000,0.478562,0.45509
11100,0.484146,0.454917
11200,0.476774,0.454165
11300,0.483324,0.454975
11400,0.472877,0.455532
11500,0.467747,0.45571
11600,0.483475,0.455605
11700,0.490204,0.455664
11800,0.491587,0.454676
11900,0.483181,0.45396
12000,0.480869,0.453793
12100,0.47365,0.45348
12200,0.486919,0.453601
12300,0.489773,0.453934
12400,0.48911,0.454134
12500,0.48965,0.45503
12600,0.47624,0.456067
12700,0.485121,0.457446
12800,0.493644,0.458997
12900,0.492124,0.460787
13000,0.492776,0.462941
13100,0.495295,0.464442
13200,0.488224,0.465941
13300,0.473005,0.467114
13400,0.494601,0.468869
13500,0.484631,0.470923
13600,0.486686,0.472406
13700,0.484233,0.474147
13800,0.489295,0.476255
13900,0.491493,0.47846
14000,0.491035,0.480536
14100,0.486687,0.481824
14200,0.497544,0.482613
14300,0.478424,0.482943
14400,0.496184,0.483228
14500,0.49021,0.484621
14600,0.487195,0.485608
14700,0.486165,0.486331
14800,0.486874,0.487547
14900,0.472154,0.487989
15000,0.475186,0.488004
15100,0.479284,0.487519
15200,0.480879,0.486176
15300,0.475412,0.484727
15400,0.478736,0.484011
15500,0.482161,0.482756
15600,0.473753,0.480497
15700,0.45818,0.477705
15800,0.472829,0.475365
15900,0.46553,0.473251
16000,0.471813,0.469876
16100,0.474092,0.465932
16200,0.487814,0.461625
16300,0.477274,0.457197
16400,0.48122,0.452849
16500,0.484778,0.448921
16600,0.477707,0.444899
16700,0.481307,0.440957
16800,0.474796,0.436634
16900,0.466685,0.432908
17000,0.470854,0.428405
17100,0.471694,0.424279
17200,0.466063,0.421438
17300,0.466492,0.417747
17400,0.473897,0.414498
17500,0.469038,0.410859
17600,0.468391,0.40851
17700,0.472821,0.405794
17800,0.467183,0.403926
17900,0.460915,0.402421
18000,0.469465,0.401144
18100,0.470919,0.400543
18200,0.474425,0.398707
18300,0.475348,0.397893
18400,0.466239,0.397448
18500,0.454274,0.397545
18600,0.452671,0.397265
18700,0.466767,0.397223
18800,0.445333,0.396863
18900,0.422826,0.397268
19000,0.41369,0.39764
19100,0.416523,0.397448
19200,0.422939,0.396251
19300,0.42901,0.395908
19400,0.428085,0.394408
19500,0.420208,0.392823
19600,0.426709,0.390253
19700,0.434384,0.386912
19800,0.436989,0.382904
19900,0.437727,0.377956
20000,0.427969,0.372139
20100,0.408611,0.366557
20200,0.422526,0.360364
20300,0.415055,0.353014
20400,0.413826,0.34637
20500,0.42036,0.339437
20600,0.424134,0.332374
20700,0.419245,0.326037
20800,0.413805,0.319493
20900,0.409919,0.312433
21000,0.389844,0.305178
21100,0.389537,0.298743
21200,0.375098,0.291402
21300,0.36904,0.284374
21400,0.357843,0.276357
21500,0.368055,0.269921
21600,0.35654,0.263968
21700,0.364119,0.259004
21800,0.375927,0.253565
21900,0.373026,0.249703
22000,0.364915,0.2456
22100,0.362942,0.242494
22200,0.360924,0.239361
22300,0.346903,0.237085
22400,0.344523,0.235495
22500,0.34219,0.234324
22600,0.344182,0.233152
22700,0.34268,0.233245
22800,0.344239,0.232103
22900,0.347982,0.231689
23000,0.363643,0.23218
23100,0.365657,0.233974
23200,0.380275,0.236966
23300,0.373291,0.240437
23400,0.373052,0.245698
23500,0.380092,0.251354
23600,0.384554,0.258001
23700,0.396484,0.264648
23800,0.402036,0.27352
23900,0.405523,0.282446
24000,0.409833,0.291988
24100,0.414589,0.301105
24200,0.426804,0.310612
24300,0.426496,0.32102
24400,0.42262,0.331332
24500,0.433036,0.341904
24600,0.429445,0.351756
24700,0.430502,0.363321
24800,0.43627,0.374648
24900,0.440381,0.384881
25000,0.445443,0.395439
25100,0.444087,0.404171
25200,0.45992,0.413947
25300,0.463808,0.42302
25400,0.477975,0.432587
25500,0.472371,0.442439
25600,0.468408,0.451058
25700,0.471477,0.460301
25800,0.470474,0.468708
25900,0.470762,0.476381
26000,0.469362,0.48403
26100,0.482794,0.491549
26200,0.480965,0.499069
26300,0.468573,0.506887
26400,0.471109,0.51393
26500,0.459448,0.520991
26600,0.461115,0.527311
26700,0.457821,0.534296
26800,0.458041,0.54106
26900,0.465777,0.547515
27000,0.478643,0.552485
27100,0.475308,0.557457
27200,0.484429,0.562168
27300,0.482247,0.566839
27400,0.472399,0.571406
27500,0.464602,0.575349
27600,0.459661,0.578998
27700,0.450098,0.582774
27800,0.454645,0.586095
27900,0.464828,0.589449
28000,0.466026,0.59208
28100,0.46423,0.594021
28200,0.450386,0.59692
28300,0.434904,0.59914
28400,0.451044,0.60051
28500,0.431748,0.602217
28600,0.442748,0.602903
28700,0.43071,0.605
28800,0.431565,0.607269
28900,0.439034,0.609992
29000,0.444739,0.612962
29100,0.444158,0.616486
29200,0.425575,0.620662
29300,0.420737,0.625349
29400,0.422896,0.631139
29500,0.43855,0.637203
29600,0.441263,0.642564
29700,0.439655,0.64931
29800,0.435185,0.65546
29900,0.430342,0.661542
30000,0.426727,0.668271
30100,0.426056,0.674746
30200,0.409742,0.681096
30300,0.413601,0.686628
30400,0.413826,0.691929
30500,0.408169,0.695844
30600,0.405044,0.699368
30700,0.39076,0.702684
30800,0.38185,0.704511
30900,0.379602,0.706217
31000,0.389315,0.706819
31100,0.388712,0.706421
31200,0.411396,0.705856
31300,0.414304,0.703485
31400,0.4241,0.700314
31500,0.430851,0.695856
31600,0.43089,0.690073
31700,0.426314,0.683445
31800,0.438324,0.675713
31900,0.447072,0.665611
32000,0.444406,0.655574
32100,0.446836,0.646112
32200,0.452548,0.636495
32300,0.441446,0.626979
32400,0.460235,0.61781
32500,0.462745,0.609554
32600,0.43709,0.601203
32700,0.446461,0.593419
32800,0.461106,0.586708
32900,0.464352,0.581088
33000,0.465962,0.576622
33100,0.469575,0.572584
33200,0.481821,0.568958
33300,0.476135,0.566808
33400,0.479065,0.565311
33500,0.479441,0.563918
33600,0.481857,0.563561
33700,0.474994,0.56456
33800,0.476102,0.565256
33900,0.47194,0.567559
34000,0.484913,0.570133
34100,0.480579,0.572724
34200,0.475469,0.576326
34300,0.463246,0.579769
34400,0.473103,0.582697
34500,0.467275,0.585296
34600,0.472534,0.587487
34700,0.478605,0.589761
34800,0.476442,0.5917
34900,0.474148,0.592878
35000,0.454566,0.594274
35100,0.458535,0.595482
35200,0.465521,0.596628
35300,0.459755,0.597165
35400,0.459428,0.596487
35500,0.464228,0.595721
35600,0.45674,0.594589
35700,0.45707,0.593295
35800,0.474598,0.591259
35900,0.484425,0.589211
36000,0.46909,0.586253
36100,0.475686,0.582661
36200,0.478723,0.578996
36300,0.484778,0.575621
36400,0.48133,0.572173
36500,0.479744,0.568914
36600,0.4742,0.565328
36700,0.483404,0.562483
36800,0.47226,0.558544
36900,0.485089,0.554944
37000,0.457989,0.550789
37100,0.467054,0.547466
37200,0.467926,0.543256
37300,0.478052,0.53971
37400,0.474825,0.53619
37500,0.49162,0.532902
37600,0.479679,0.528664
37700,0.485845,0.525956
37800,0.487573,0.52321
37900,0.482215,0.520367
38000,0.488718,0.517484
38100,0.492493,0.515493
38200,0.47432,0.51334
38300,0.47583,0.510878
38400,0.481276,0.508886
38500,0.475052,0.506511
38600,0.488678,0.504312
38700,0.48931,0.501644
38800,0.475387,0.499509
38900,0.479201,0.498216
39000,0.481822,0.496587
39100,0.474928,0.494456
39200,0.493876,0.492855
39300,0.473505,0.490631
39400,0.453812,0.488901
39500,0.491126,0.486214
39600,0.485741,0.484074
39700,0.492463,0.480925
39800,0.485654,0.477944
39900,0.496369,0.473855
40000,0.487664,0.470203
40100,0.49172,0.467118
40200,0.490523,0.464189
40300,0.490293,0.461482
40400,0.49328,0.459239
40500,0.486797,0.45654
40600,0.473944,0.454033
40700,0.481386,0.452041
40800,0.482383,0.45103
40900,0.481473,0.449014
41000,0.466382,0.447637
41100,0.479342,0.446328
41200,0.476234,0.445068
41300,0.475661,0.444501
41400,0.467252,0.444481
41500,0.485874,0.444321
41600,0.486892,0.445314
41700,0.490609,0.446421
41800,0.489215,0.446986
41900,0.479568,0.447989
42000,0.485451,0.448691
42100,0.478995,0.45009
42200,0.478762,0.451178
42300,0.471128,0.452131
42400,0.476498,0.453018
42500,0.488197,0.455341
42600,0.471376,0.457306
42700,0.469759,0.460039
42800,0.46899,0.461839
42900,0.479636,0.464528
43000,0.476746,0.466767
43100,0.477372,0.469378
43200,0.488232,0.470824
43300,0.487129,0.472445
43400,0.484249,0.473868
43500,0.486038,0.475627
43600,0.482662,0.47605
43700,0.482725,0.476019
43800,0.471255,0.47587
43900,0.477762,0.475859
44000,0.473774,0.475095
44100,0.47977,0.474381
44200,0.49333,0.472942
44300,0.485468,0.47207
44400,0.491427,0.470583
44500,0.491045,0.469033
44600,0.489683,0.467972
44700,0.480331,0.46659
44800,0.490431,0.464675
44900,0.48776,0.462938
45000,0.489898,0.46176
45100,0.474666,0.460771
45200,0.490106,0.45814
45300,0.480721,0.455993
45400,0.481746,0.45389
45500,0.477055,0.452234
45600,0.479535,0.450996
45700,0.47102,0.449738
45800,0.483902,0.44896
45900,0.490462,0.447309
46000,0.476433,0.44633
46100,0.479345,0.444816
46200,0.467133,0.443584
46300,0.476547,0.442569
46400,0.481512,0.44174
46500,0.484242,0.44001
46600,0.478824,0.437335
46700,0.481316,0.436241
46800,0.476869,0.434359
46900,0.482889,0.433007
47000,0.483482,0.431858
47100,0.47062,0.430905
47200,0.461269,0.429667
47300,0.472817,0.429976
47400,0.457691,0.430524
47500,0.476745,0.431358
47600,0.462459,0.432587
47700,0.448282,0.434136
47800,0.455988,0.43615
47900,0.454131,0.438506
48000,0.438621,0.441705
48100,0.457166,0.444535
48200,0.457083,0.44799
48300,0.470522,0.452578
48400,0.48135,0.458475
48500,0.477964,0.46429
48600,0.478304,0.47157
48700,0.474887,0.478715
48800,0.479225,0.487668
48900,0.471742,0.497129
49000,0.455262,0.506129
49100,0.458852,0.516573
49200,0.472089,0.527835
49300,0.479808,0.537507
49400,0.475309,0.547084
49500,0.468378,0.55643
49600,0.478069,0.56551
49700,0.471004,0.574019
49800,0.464352,0.581448
49900,0.47293,0.588374
50000,0.469882,0.594734
50100,0.454576,0.600322
50200,0.457868,0.605737
50300,0.46207,0.611231
50400,0.46439,0.615739
50500,0.462293,0.620936
50600,0.453805,0.62513
50700,0.441642,0.628703
50800,0.452466,0.632003
50900,0.454886,0.633998
51000,0.436923,0.635094
51100,0.432937,0.636925
51200,0.444873,0.637435
51300,0.442562,0.638757
51400,0.426134,0.639724
51500,0.420922,0.640281
51600,0.419604,0.640564
51700,0.424065,0.641105
51800,0.438403,0.642131
51900,0.442551,0.643216
52000,0.432915,0.644419
52100,0.445187,0.646361
52200,0.433878,0.648621
52300,0.4278,0.651012
52400,0.418284,0.653383
52500,0.413203,0.656078
52600,0.423073,0.658882
52700,0.427524,0.661918
52800,0.428773,0.664742
52900,0.42015,0.667862
53000,0.411061,0.670998
53100,0.405757,0.67449
53200,0.400286,0.677346
53300,0.389459,0.681097
53400,0.391706,0.684416
53500,0.387713,0.687274
53600,0.3947,0.690493
53700,0.37816,0.693213
53800,0.374985,0.696253
53900,0.376567,0.699712
54000,0.373517,0.703072
54100,0.364225,0.707052
54200,0.349317,0.711409
54300,0.345223,0.715315
54400,0.35307,0.720364
54500,0.351543,0.725244
54600,0.336951,0.730375
54700,0.34092,0.73581
54800,0.33306,0.741518
54900,0.329629,0.747992
55000,0.314144,0.754125
55100,0.319701,0.760718
55200,0.328217,0.766364
55300,0.309218,0.773477
55400,0.305856,0.780444
55500,0.30211,0.786747
55600,0.283113,0.793581
55700,0.276796,0.799878
55800,0.258736,0.806487
55900,0.257474,0.812239
56000,0.250986,0.818425
56100,0.243581,0.824879
56200,0.236568,0.83049
56300,0.231465,0.8365
56400,0.224411,0.841549
56500,0.218392,0.846761
56600,0.216653,0.8516
56700,0.206107,0.85688
56800,0.203827,0.862145
56900,0.200101,0.865905
57000,0.193077,0.870187
57100,0.184193,0.874606
57200,0.17783,0.878816
57300,0.171374,0.883434
57400,0.167972,0.887303
57500,0.161125,0.891442
57600,0.156511,0.895539
57700,0.152473,0.89969
57800,0.145587,0.903671
57900,0.140885,0.907487
58000,0.138604,0.911531
58100,0.13803,0.915116
58200,0.128027,0.918804
58300,0.124582,0.922847
58400,0.12452,0.92666
58500,0.113199,0.930144
58600,0.118685,0.933984
58700,0.108131,0.9373
58800,0.114128,0.940361
58900,0.105502,0.943249
59000,0.100319,0.945817
59100,0.116489,0.94798
59200,0.10313,0.949578
59300,0.0994108,0.950989
59400,0.105888,0.952098
59500,0.0964151,0.953018
59600,0.0945929,0.953596
59700,0.094777,0.953726
59800,0.0927906,0.953551
59900,0.0934778,0.953352
60000,0.0921582,0.952745
60100,0.104081,0.951883
60200,0.100616,0.950761
60300,0.10647,0.949308
60400,0.1062,0.947699
60500,0.10396,0.946227
60600,0.109897,0.94451
60700,0.116834,0.942452
60800,0.114,0.940738
60900,0.122846,0.938683
61000,0.1289,0.936082
61100,0.143881,0.934085
61200,0.138128,0.931831
61300,0.150739,0.929382
61400,0.155998,0.927437
61500,0.142365,0.924978
61600,0.153602,0.922867
61700,0.159636,0.920676
61800,0.174003,0.918248
61900,0.181018,0.915375
62000,0.183358,0.912254
62100,0.181148,0.908739
62200,0.191087,0.905041
62300,0.192301,0.901847
62400,0.195448,0.898199
62500,0.203195,0.894301
62600,0.192648,0.890939
62700,0.212288,0.887476
62800,0.211353,0.884237
62900,0.205238,0.880492
63000,0.204297,0.877165
63100,0.207563,0.874457
63200,0.214651,0.871017
63300,0.219994,0.867816
63400,0.218042,0.864795
63500,0.241126,0.861604
63600,0.246776,0.859195
63700,0.247035,0.857255
63800,0.246495,0.855365
63900,0.239109,0.854044
64000,0.249482,0.853161
64100,0.241936,0.852485
64200,0.242915,0.852294
64300,0.243189,0.851826
64400,0.243391,0.851798
64500,0.237868,0.851483
64600,0.243871,0.851134
64700,0.23695,0.851115
64800,0.233404,0.851396
64900,0.225862,0.852489
65000,0.221718,0.853295
65100,0.222911,0.854475
65200,0.228245,0.855251
65300,0.23024,0.856751
65400,0.223954,0.857645
65500,0.218596,0.859187
65600,0.221443,0.860539
65700,0.220461,0.862452
65800,0.2241,0.86407
65900,0.222388,0.866206
66000,0.228324,0.867853
66100,0.218793,0.869874
66200,0.205357,0.87167
66300,0.202012,0.872861
66400,0.198876,0.874532
66500,0.203295,0.876203
66600,0.193287,0.877617
66700,0.200647,0.878685
66800,0.193891,0.880425
66900,0.185008,0.881974
67000,0.185766,0.883108
67100,0.183304,0.8844
67200,0.190332,0.885721
67300,0.177696,0.887214
67400,0.177375,0.888512
67500,0.176092,0.889793
67600,0.171348,0.891443
67700,0.162634,0.893249
67800,0.161894,0.894701
67900,0.163076,0.896103
68000,0.166441,0.897619
68100,0.165385,0.899059
68200,0.173975,0.900628
68300,0.170593,0.902108
68400,0.165054,0.903362
68500,0.158716,0.904973
68600,0.157415,0.906628
68700,0.15135,0.908692
68800,0.149149,0.909988
68900,0.146634,0.911714
69000,0.138288,0.9137
69100,0.146859,0.915803
69200,0.136875,0.917286
69300,0.131892,0.919911
69400,0.133156,0.921843
69500,0.122657,0.923943
69600,0.116959,0.925623
69700,0.112499,0.927167
69800,0.110897,0.928786
69900,0.110484,0.930402
70000,0.116572,0.931517
70100,0.115602,0.932635
70200,0.114017,0.933733
70300,0.109989,0.934822
70400,0.115891,0.935991
70500,0.125441,0.936846
70600,0.138844,0.937436
70700,0.128866,0.937495
70800,0.124132,0.937776
70900,0.11892,0.937629
71000,0.134145,0.937755
71100,0.129223,0.937753
71200,0.12763,0.93731
71300,0.135657,0.93654
71400,0.126509,0.936051
71500,0.130441,0.935262
71600,0.12623,0.933853
71700,0.130193,0.932893
71800,0.135538,0.931676
71900,0.137322,0.930464
72000,0.142398,0.929174
72100,0.138387,0.927664
72200,0.137573,0.926223
72300,0.140496,0.924711
72400,0.145757,0.92317
72500,0.151136,0.921725
72600,0.149441,0.920459
72700,0.145404,0.918447
72800,0.151649,0.916344
72900,0.15228,0.9142
73000,0.149696,0.912225
73100,0.152092,0.910831
73200,0.158597,0.908841
73300,0.157041,0.906707
73400,0.163309,0.905247
73500,0.174543,0.903207
73600,0.164252,0.901922
73700,0.172792,0.900308
73800,0.179285,0.898564
73900,0.192795,0.896926
74000,0.204737,0.895132
74100,0.198942,0.893338
74200,0.211255,0.89191
74300,0.214026,0.890201
74400,0.217736,0.88844
74500,0.215647,0.886723
74600,0.223046,0.884514
74700,0.21668,0.882516
74800,0.207866,0.879974
74900,0.217092,0.877787
75000,0.223874,0.87586
75100,0.230217,0.873462
75200,0.240764,0.871753
75300,0.238405,0.870067
75400,0.23612,0.868105
75500,0.250574,0.865835
75600,0.25667,0.863538
75700,0.263539,0.860455
75800,0.256311,0.857941
75900,0.266733,0.855054
76000,0.276548,0.852036
76100,0.286574,0.848745
76200,0.2955,0.845386
76300,0.296511,0.840988
76400,0.305378,0.836465
76500,0.298424,0.832099
76600,0.30641,0.827256
76700,0.306566,0.821957
76800,0.319899,0.816231
76900,0.307333,0.810061
77000,0.31832,0.803651
77100,0.317847,0.797419
77200,0.344401,0.790254
77300,0.352129,0.783738
77400,0.348512,0.776969
77500,0.368453,0.769853
77600,0.372855,0.761881
77700,0.380535,0.754283
77800,0.377496,0.745486
77900,0.379868,0.73674
78000,0.389383,0.727724
78100,0.389542,0.718564
78200,0.400737,0.70935
78300,0.401491,0.700937
78400,0.428515,0.692275
78500,0.432716,0.684079
78600,0.432259,0.675622
78700,0.431588,0.668787
78800,0.430517,0.661605
78900,0.440548,0.655016
79000,0.443842,0.649422
79100,0.454619,0.643692
79200,0.433168,0.637815
79300,0.434159,0.634281
79400,0.439349,0.631119
79500,0.44917,0.628594
79600,0.459011,0.626394
79700,0.450076,0.624259
79800,0.437678,0.622993
79900,0.431747,0.621891
80000,0.42413,0.621755
80100,0.432143,0.622177
80200,0.419623,0.623154
80300,0.436575,0.625052
80400,0.435077,0.626933
80500,0.425424,0.629667
80600,0.432843,0.632235
80700,0.429773,0.634775
80800,0.434699,0.639145
80900,0.429575,0.643439
81000,0.429277,0.64813
81100,0.424599,0.65274
81200,0.434184,0.656673
81300,0.418656,0.660708
81400,0.417086,0.664558
81500,0.417998,0.668494
81600,0.422083,0.673208
81700,0.42238,0.676957
81800,0.427139,0.680121
81900,0.428545,0.683668
82000,0.431652,0.686287
82100,0.422609,0.689505
82200,0.417636,0.6919
82300,0.416038,0.693372
82400,0.413704,0.69571
82500,0.404704,0.697143
82600,0.411483,0.69762
82700,0.42469,0.698664
82800,0.42005,0.699751
82900,0.420854,0.700663
83000,0.415481,0.700997
83100,0.413457,0.700646
83200,0.419696,0.700208
83300,0.41943,0.698969
83400,0.425373,0.69779
83500,0.413943,0.696589
83600,0.409376,0.695242
83700,0.406979,0.693474
83800,0.405589,0.691401
83900,0.415748,0.689518
84000,0.409516,0.687767
84100,0.402588,0.685825
84200,0.410825,0.684234
84300,0.404836,0.682329
84400,0.414512,0.680715
84500,0.426656,0.679001
84600,0.424762,0.677346
84700,0.428621,0.676225
84800,0.431764,0.675269
84900,0.426488,0.674818
85000,0.423493,0.675103
85100,0.429755,0.675774
85200,0.420259,0.676588
85300,0.421758,0.677451
85400,0.424299,0.678646
85500,0.425194,0.680085
85600,0.406552,0.682812
85700,0.402016,0.684771
85800,0.423326,0.686907
85900,0.41778,0.689074
86000,0.42009,0.69186
86100,0.421558,0.694554
86200,0.424843,0.697196
86300,0.419513,0.699464
86400,0.421551,0.701502
86500,0.41522,0.703081
86600,0.414783,0.704333
86700,0.41594,0.705106
86800,0.407861,0.705183
86900,0.418118,0.705272
87000,0.416526,0.703612
87100,0.410446,0.702377
87200,0.413552,0.69968
87300,0.424801,0.696089
87400,0.404906,0.692273
87500,0.399746,0.687616
87600,0.396954,0.682151
87700,0.41469,0.676339
87800,0.407977,0.671035
87900,0.399595,0.666237
88000,0.404025,0.661653
88100,0.411543,0.657564
88200,0.396564,0.653338
88300,0.39531,0.650248
88400,0.410196,0.64783
88500,0.407554,0.645689
88600,0.402565,0.644415
88700,0.38862,0.644304
88800,0.381002,0.64542
88900,0.381289,0.646896
89000,0.375492,0.649613
89100,0.372235,0.653451
89200,0.386872,0.658158
89300,0.387889,0.664092
89400,0.385105,0.67121
89500,0.387831,0.679344
89600,0.376102,0.688224
89700,0.365175,0.697231
89800,0.366423,0.706832
89900,0.35313,0.716508
90000,0.353648,0.725286
90100,0.346822,0.73435
90200,0.350031,0.743109
90300,0.339405,0.75128
90400,0.334637,0.759658
90500,0.336299,0.767577
90600,0.335907,0.77456
90700,0.316994,0.780254
90800,0.307099,0.785275
90900,0.296228,0.790455
91000,0.297334,0.794613
91100,0.298116,0.798673
91200,0.289323,0.801618
91300,0.292297,0.80481
91400,0.299166,0.807205
91500,0.310282,0.808736
91600,0.313322,0.809993
91700,0.293955,0.811206
91800,0.291525,0.812049
91900,0.289666,0.812787
92000,0.305476,0.813381
92100,0.282912,0.813966
92200,0.276635,0.814164
92300,0.282321,0.814585
92400,0.274517,0.814561
92500,0.265718,0.815281
92600,0.273569,0.816066
92700,0.272998,0.817472
92800,0.261321,0.81844
92900,0.263068,0.819927
93000,0.262803,0.820908
93100,0.268021,0.821387
93200,0.262524,0.822393
93300,0.252264,0.823427
93400,0.249311,0.824659
93500,0.260725,0.826488
93600,0.25398,0.827459
93700,0.252079,0.828942
93800,0.252564,0.831138
93900,0.251403,0.832597
94000,0.256506,0.834544
94100,0.243528,0.837055
94200,0.25461,0.838718
94300,0.243316,0.840322
94400,0.251334,0.842249
94500,0.246924,0.843285
94600,0.246509,0.844584
94700,0.23556,0.846029
94800,0.230116,0.847528
94900,0.224495,0.849158
95000,0.230162,0.850573
95100,0.233351,0.851072
95200,0.237177,0.852259
95300,0.233483,0.853596
95400,0.226883,0.854895
95500,0.225058,0.855789
95600,0.224811,0.857386
95700,0.214325,0.858945
95800,0.210494,0.860332
95900,0.214355,0.861576
96000,0.212455,0.863087
96100,0.210577,0.864387
96200,0.210328,0.865608
96300,0.214515,0.867337
96400,0.21391,0.869274
96500,0.205516,0.870836
96600,0.196876,0.87348
96700,0.197787,0.875968
96800,0.190433,0.878403
96900,0.188136,0.880894
97000,0.180602,0.883884
97100,0.176794,0.886587
97200,0.171032,0.889264
97300,0.171886,0.892489
97400,0.166293,0.895385
97500,0.16323,0.897669
97600,0.163139,0.900763
97700,0.156165,0.903546
97800,0.153376,0.906596
97900,0.148203,0.90902
98000,0.143933,0.911613
98100,0.141261,0.914159
98200,0.135796,0.916487
98300,0.130264,0.918637
98400,0.124827,0.920999
98500,0.126646,0.922976
98600,0.123969,0.924858
98700,0.136064,0.926711
98800,0.123844,0.928415
98900,0.119891,0.930605
99000,0.114178,0.931779
99100,0.111733,0.933503
99200,0.110874,0.935179
99300,0.115046,0.936715
99400,0.11678,0.937805
99500,0.118803,0.938743
99600,0.111025,0.939414
99700,0.115362,0.940726
99800,0.110279,0.941386
99900,0.110479,0.941758
