0,0.499999,0.500009
100,0.493446,0.500239
200,0.490316,0.500132
300,0.48662,0.499615
400,0.486947,0.49942
500,0.495996,0.499188
600,0.492728,0.498491
700,0.49667,0.49905
800,0.495828,0.498975
900,0.488567,0.499426
1000,0.486497,0.499575
1100,0.490633,0.500087
1200,0.494601,0.500478
1300,0.491342,0.500366
1400,0.489811,0.500117
1500,0.498234,0.499995
1600,0.487729,0.499866
1700,0.490913,0.499654
1800,0.495375,0.499229
1900,0.494554,0.498373
2000,0.483213,0.498719
2100,0.495683,0.498738
2200,0.485966,0.499207
2300,0.479684,0.500859
2400,0.485732,0.502018
2500,0.491813,0.503065
2600,0.469895,0.504808
2700,0.493108,0.505967
2800,0.486718,0.507211
2900,0.485872,0.509265
3000,0.494765,0.511084
3100,0.489802,0.512826
3200,0.48324,0.514656
3300,0.47313,0.515315
3400,0.486107,0.515769
3500,0.481452,0.516158
3600,0.4948,0.517064
3700,0.479096,0.51765
3800,0.497221,0.518634
3900,0.479666,0.518365
4000,0.481804,0.517897
4100,0.489183,0.517343
4200,0.494708,0.516526
4300,0.479741,0.516373
4400,0.492525,0.515811
4500,0.494997,0.51495
4600,0.489447,0.513939
4700,0.494613,0.513365
4800,0.496731,0.513285
4900,0.49335,0.513083
5000,0.489601,0.512702
5100,0.491822,0.512018
5200,0.49079,0.513097
5300,0.494528,0.51365
5400,0.490238,0.513914
5500,0.48386,0.514386
5600,0.491467,0.514539
5700,0.494579,0.514966
5800,0.489954,0.516349
5900,0.495707,0.517471
6000,0.485751,0.51822
6100,0.492943,0.519794
6200,0.493596,0.521525
6300,0.485869,0.52347
6400,0.49014,0.524996
6500,0.478071,0.526072
6600,0.478357,0.526083
6700,0.477251,0.526884
6800,0.467542,0.52727
6900,0.47631,0.528601
7000,0.485098,0.529912
7100,0.480639,0.530687
7200,0.490301,0.531385
7300,0.479786,0.532546
7400,0.489235,0.533654
7500,0.481329,0.534567
7600,0.487036,0.535101
7700,0.491758,0.535837
7800,0.476659,0.536309
7900,0.477805,0.537078
8000,0.490617,0.537005
8100,0.479288,0.537542
8200,0.488366,0.538985
8300,0.49169,0.538791
8400,0.489672,0.54012
8500,0.490324,0.541104
8600,0.47955,0.542199
8700,0.481698,0.542683
8800,0.478372,0.543349
8900,0.467679,0.544207
9000,0.458668,0.544563
9100,0.459055,0.545046
9200,0.478652,0.545424
9300,0.447597,0.546701
9400,0.448537,0.547832
9500,0.449693,0.548312
9600,0.476494,0.548801
9700,0.487288,0.548317
9800,0.489858,0.547962
9900,0.467909,0.54724
10000,0.483553,0.546179
10100,0.479808,0.5459
10200,0.48764,0.545206
10300,0.483218,0.544562
10400,0.484379,0.543159
10500,0.480832,0.541871
10600,0.488705,0.540494
10700,0.476461,0.538288
10800,0.473363,0.536893
10900,0.493671,0.535425
11000,0.482141,0.532884
11100,0.483997,0.530403
11200,0.494816,0.52839
11300,0.476295,0.526764
11400,0.483977,0.525069
11500,0.488087,0.523106
11600,0.495326,0.522051
11700,0.47424,0.521356
11800,0.48344,0.521132
11900,0.487642,0.520828
12000,0.484198,0.520678
12100,0.489351,0.521473
12200,0.489758,0.521302
12300,0.479139,0.520333
12400,0.48942,0.520301
12500,0.48719,0.521286
12600,0.48905,0.521617
12700,0.493143,0.521986
12800,0.483015,0.522333
12900,0.49644,0.522657
13000,0.490461,0.523327
13100,0.490425,0.523826
13200,0.468733,0.524213
13300,0.466604,0.524297
13400,0.481151,0.525049
13500,0.486578,0.525109
13600,0.469421,0.52492
13700,0.47262,0.525064
13800,0.465203,0.524921
13900,0.47374,0.525533
14000,0.487433,0.526835
14100,0.477119,0.526723
14200,0.475164,0.527552
14300,0.484576,0.528311
14400,0.490895,0.529715
14500,0.489538,0.531618
14600,0.490346,0.533256
14700,0.46625,0.534989
14800,0.471138,0.536528
14900,0.475681,0.537866
15000,0.491844,0.539578
15100,0.492514,0.540803
15200,0.485714,0.542319
15300,0.476215,0.544102
15400,0.4732,0.545205
15500,0.47064,0.546632
15600,0.468495,0.547591
15700,0.448246,0.547955
15800,0.46855,0.548255
15900,0.459197,0.547857
16000,0.461494,0.547897
16100,0.476266,0.547569
16200,0.483728,0.547041
16300,0.476478,0.545775
16400,0.473779,0.544359
16500,0.479165,0.542364
16600,0.481654,0.540278
16700,0.484445,0.537774
16800,0.486715,0.535696
16900,0.488516,0.533499
17000,0.487837,0.531122
17100,0.48513,0.529181
17200,0.48508,0.526575
17300,0.485436,0.523394
17400,0.494427,0.520363
17500,0.484839,0.51742
17600,0.485357,0.513796
17700,0.485853,0.510929
17800,0.494001,0.508902
17900,0.489378,0.506672
18000,0.490472,0.50404
18100,0.49085,0.502814
18200,0.497726,0.501226
18300,0.490506,0.499145
18400,0.490299,0.497183
18500,0.488633,0.496556
18600,0.494021,0.495445
18700,0.485696,0.495281
18800,0.490418,0.493832
18900,0.492487,0.493729
19000,0.48554,0.494107
19100,0.485159,0.493726
19200,0.483848,0.494101
19300,0.497729,0.494086
19400,0.484242,0.494972
19500,0.496973,0.496164
19600,0.494176,0.496183
19700,0.487775,0.496495
19800,0.492989,0.497364
19900,0.487803,0.497203
20000,0.49611,0.496981
20100,0.485147,0.497615
20200,0.4838,0.498153
20300,0.4878,0.498728
20400,0.494892,0.4994
20500,0.48638,0.499682
20600,0.486671,0.500563
20700,0.495518,0.501253
20800,0.492691,0.500778
20900,0.486953,0.501062
21000,0.492316,0.500674
21100,0.468275,0.50033
21200,0.490205,0.500595
21300,0.489794,0.500787
21400,0.482523,0.501506
21500,0.493326,0.502166
21600,0.479069,0.502267
21700,0.48694,0.502031
21800,0.494709,0.501938
21900,0.492937,0.501673
22000,0.486252,0.501496
22100,0.492029,0.501555
22200,0.483707,0.501972
22300,0.492054,0.503125
22400,0.487144,0.504203
22500,0.490399,0.505787
22600,0.484344,0.506986
22700,0.486528,0.508554
22800,0.486929,0.510533
22900,0.487316,0.512368
23000,0.485162,0.513708
23100,0.487979,0.514558
23200,0.490827,0.515174
23300,0.49439,0.516435
23400,0.464486,0.517233
23500,0.469671,0.518727
23600,0.477239,0.519787
23700,0.48393,0.521601
23800,0.487447,0.523611
23900,0.497284,0.525336
24000,0.49489,0.526854
24100,0.472262,0.527787
24200,0.473068,0.529133
24300,0.470203,0.530063
24400,0.477483,0.530924
24500,0.477505,0.5319
24600,0.485587,0.531458
24700,0.493293,0.53175
24800,0.483103,0.531569
24900,0.480911,0.531768
25000,0.475071,0.532431
25100,0.489198,0.532758
25200,0.488358,0.533103
25300,0.483804,0.53289
25400,0.462064,0.533128
25500,0.478981,0.533354
25600,0.495555,0.533648
25700,0.489688,0.533323
25800,0.480828,0.533114
25900,0.496191,0.53359
26000,0.492724,0.533819
26100,0.484126,0.533448
26200,0.4876,0.533973
26300,0.492086,0.534174
26400,0.475312,0.534423
26500,0.483797,0.534404
26600,0.491462,0.535061
26700,0.487031,0.534636
26800,0.496009,0.534651
26900,0.492664,0.534508
27000,0.483663,0.53439
27100,0.478904,0.534879
27200,0.493036,0.534772
27300,0.486058,0.536049
27400,0.482311,0.536108
27500,0.488656,0.536506
27600,0.490343,0.537478
27700,0.488406,0.537987
27800,0.487913,0.538043
27900,0.485181,0.537759
28000,0.489924,0.537777
28100,0.494019,0.538056
28200,0.488009,0.538174
28300,0.480275,0.538479
28400,0.492663,0.539014
28500,0.476256,0.540032
28600,0.492088,0.540499
28700,0.473525,0.54069
28800,0.495073,0.540402
28900,0.490207,0.539336
29000,0.491706,0.53969
29100,0.493641,0.539325
29200,0.482565,0.539147
29300,0.479885,0.538843
29400,0.481477,0.538427
29500,0.474528,0.537293
29600,0.463573,0.53699
29700,0.44954,0.536013
29800,0.44567,0.535231
29900,0.447514,0.53447
30000,0.458774,0.533053
30100,0.464875,0.531182
30200,0.468106,0.530367
30300,0.456117,0.52906
30400,0.458575,0.528541
30500,0.459921,0.528666
30600,0.469236,0.52847
30700,0.477634,0.528885
30800,0.476281,0.529182
30900,0.485732,0.530275
31000,0.483038,0.530885
31100,0.464092,0.532069
31200,0.473684,0.532517
31300,0.46894,0.532966
31400,0.462944,0.534273
31500,0.48074,0.535663
31600,0.490359,0.537321
31700,0.465241,0.539707
31800,0.463826,0.542012
31900,0.474281,0.5439
32000,0.464075,0.546284
32100,0.481378,0.548067
32200,0.481227,0.54935
32300,0.472952,0.55058
32400,0.477425,0.5523
32500,0.481351,0.553775
32600,0.483315,0.554689
32700,0.480432,0.556139
32800,0.488213,0.557661
32900,0.489505,0.558657
33000,0.48535,0.559614
33100,0.486658,0.559579
33200,0.491417,0.559399
33300,0.486768,0.560008
33400,0.484125,0.560782
33500,0.466606,0.560446
33600,0.478236,0.560306
33700,0.478745,0.55963
33800,0.483335,0.558779
33900,0.477453,0.558087
34000,0.483073,0.557748
34100,0.488613,0.55672
34200,0.487978,0.556205
34300,0.475926,0.555651
34400,0.480532,0.555176
34500,0.462177,0.554432
34600,0.475982,0.554368
34700,0.478843,0.553681
34800,0.48511,0.553367
34900,0.486047,0.553245
35000,0.477903,0.553251
35100,0.488418,0.553633
35200,0.483956,0.554388
35300,0.487924,0.55529
35400,0.478205,0.55593
35500,0.482983,0.556669
35600,0.471721,0.556039
35700,0.485046,0.556469
35800,0.481202,0.556582
35900,0.475091,0.556244
36000,0.474501,0.556811
36100,0.485857,0.557307
36200,0.470849,0.557485
36300,0.464825,0.557686
36400,0.474267,0.557413
36500,0.47913,0.557702
36600,0.47937,0.557529
36700,0.484972,0.557594
36800,0.480664,0.558391
36900,0.470446,0.558796
37000,0.482796,0.559327
37100,0.486537,0.560924
37200,0.461827,0.561554
37300,0.454953,0.562733
37400,0.462522,0.563847
37500,0.476896,0.565218
37600,0.481443,0.566622
37700,0.489164,0.567834
37800,0.479288,0.568934
37900,0.485952,0.571042
38000,0.461842,0.57236
38100,0.485582,0.573925
38200,0.476714,0.575559
38300,0.482421,0.57734
38400,0.47368,0.578781
38500,0.473603,0.579486
38600,0.480845,0.580378
38700,0.475416,0.580559
38800,0.485649,0.581086
38900,0.482292,0.581423
39000,0.469241,0.581694
39100,0.47312,0.581189
39200,0.474486,0.581364
39300,0.461021,0.579717
39400,0.478953,0.578761
39500,0.482581,0.578665
39600,0.479847,0.577162
39700,0.463437,0.575651
39800,0.479813,0.574025
39900,0.485469,0.573647
40000,0.482226,0.57286
40100,0.482501,0.571486
40200,0.482062,0.570253
40300,0.482237,0.569251
40400,0.487715,0.567162
40500,0.48619,0.564555
40600,0.474857,0.562392
40700,0.46725,0.560343
40800,0.475192,0.557931
40900,0.465114,0.555504
41000,0.484202,0.552715
41100,0.484489,0.550134
41200,0.469563,0.546695
41300,0.463212,0.543158
41400,0.459823,0.540283
41500,0.480183,0.538071
41600,0.476112,0.536027
41700,0.486742,0.534238
41800,0.488325,0.532141
41900,0.489679,0.52979
42000,0.489621,0.527172
42100,0.487306,0.524654
42200,0.483971,0.522913
42300,0.493525,0.521562
42400,0.488144,0.519897
42500,0.494312,0.518193
42600,0.491374,0.516931
42700,0.495197,0.516049
42800,0.484757,0.515454
42900,0.491761,0.515465
43000,0.488205,0.515452
43100,0.467975,0.515906
43200,0.484546,0.516134
43300,0.496064,0.516852
43400,0.49673,0.516268
43500,0.485198,0.516047
43600,0.483818,0.515129
43700,0.487934,0.515037
43800,0.495428,0.514507
43900,0.496656,0.513782
44000,0.483486,0.513121
44100,0.485482,0.51219
44200,0.496575,0.512162
44300,0.486792,0.511394
44400,0.477137,0.50966
44500,0.49456,0.507456
44600,0.497359,0.505666
44700,0.494695,0.504489
44800,0.492972,0.502987
44900,0.493426,0.501319
45000,0.492398,0.500172
45100,0.487522,0.499369
45200,0.496139,0.498224
45300,0.492871,0.497324
45400,0.495626,0.497398
45500,0.487607,0.497445
45600,0.481172,0.4972
45700,0.491232,0.49713
45800,0.491052,0.497426
45900,0.498415,0.496488
46000,0.489329,0.496122
46100,0.485362,0.495926
46200,0.484605,0.495787
46300,0.493419,0.496135
46400,0.487945,0.496908
46500,0.485113,0.498549
46600,0.485553,0.499947
46700,0.491016,0.500211
46800,0.479182,0.500615
46900,0.49396,0.501443
47000,0.495282,0.502378
47100,0.49272,0.502872
47200,0.495804,0.502953
47300,0.488996,0.504254
47400,0.485457,0.504989
47500,0.49725,0.506231
47600,0.492752,0.506177
47700,0.491351,0.506564
47800,0.498192,0.506867
47900,0.486734,0.507253
48000,0.493651,0.50706
48100,0.490749,0.506897
48200,0.487255,0.506867
48300,0.491092,0.506954
48400,0.488793,0.506566
48500,0.497666,0.506738
48600,0.492586,0.505716
48700,0.481877,0.505198
48800,0.475832,0.504366
48900,0.489436,0.503698
49000,0.483469,0.502463
49100,0.492094,0.502293
49200,0.493118,0.501041
49300,0.487065,0.500293
49400,0.493869,0.499609
49500,0.480992,0.498704
49600,0.496787,0.49732
49700,0.495684,0.496173
49800,0.492696,0.495544
49900,0.493848,0.4947
50000,0.494476,0.494722
50100,0.495436,0.49452
50200,0.487434,0.494735
50300,0.499219,0.494473
50400,0.496054,0.49509
50500,0.498883,0.495945
50600,0.487464,0.496172
50700,0.482689,0.497332
50800,0.492853,0.49879
50900,0.493083,0.500149
51000,0.498139,0.501613
51100,0.496541,0.503378
51200,0.496407,0.504705
51300,0.490428,0.505543
51400,0.488626,0.507252
51500,0.488908,0.508347
51600,0.494542,0.509593
51700,0.49611,0.510471
51800,0.495404,0.510459
51900,0.489554,0.511038
52000,0.477445,0.51231
52100,0.496616,0.511701
52200,0.494234,0.511427
52300,0.491865,0.510973
52400,0.48688,0.510358
52500,0.479234,0.510441
52600,0.491279,0.51152
52700,0.495571,0.512671
52800,0.492347,0.51419
52900,0.493245,0.514599
53000,0.481231,0.514707
53100,0.494673,0.515348
53200,0.473153,0.516566
53300,0.48237,0.517235
53400,0.489135,0.517514
53500,0.484633,0.516845
53600,0.497909,0.517175
53700,0.48801,0.516057
53800,0.492509,0.516133
53900,0.49824,0.515806
54000,0.490446,0.516296
54100,0.495626,0.516409
54200,0.493435,0.516816
54300,0.494069,0.515875
54400,0.491529,0.516208
54500,0.493906,0.515564
54600,0.493463,0.515565
54700,0.488073,0.515328
54800,0.488181,0.515224
54900,0.49101,0.514587
55000,0.486449,0.514105
55100,0.491036,0.514918
55200,0.484658,0.515192
55300,0.494546,0.516075
55400,0.491584,0.516333
55500,0.494676,0.517595
55600,0.493217,0.518462
55700,0.48421,0.519541
55800,0.487176,0.522215
55900,0.490273,0.523937
56000,0.484697,0.524485
56100,0.488784,0.526308
56200,0.492163,0.527782
56300,0.486971,0.528893
56400,0.49628,0.530173
56500,0.490335,0.530793
56600,0.493352,0.532306
56700,0.480801,0.534795
56800,0.489351,0.537665
56900,0.485833,0.540373
57000,0.481985,0.542935
57100,0.466855,0.545512
57200,0.443198,0.547093
57300,0.452911,0.548606
57400,0.450018,0.550007
57500,0.451933,0.551731
57600,0.444279,0.553464
57700,0.460685,0.555564
57800,0.468951,0.557492
57900,0.473804,0.558708
58000,0.478471,0.560529
58100,0.481405,0.563076
58200,0.481959,0.565242
58300,0.482365,0.567635
58400,0.481959,0.56833
58500,0.47725,0.56992
58600,0.484497,0.570982
58700,0.481491,0.571947
58800,0.479748,0.573421
58900,0.472237,0.57494
59000,0.475176,0.576917
59100,0.473733,0.579759
59200,0.479913,0.581445
59300,0.483576,0.583554
59400,0.472213,0.585166
59500,0.474462,0.587515
59600,0.472045,0.589306
59700,0.477282,0.590637
59800,0.470476,0.59145
59900,0.471775,0.592262
60000,0.479982,0.59365
60100,0.468523,0.595343
60200,0.464036,0.59641
60300,0.473514,0.597388
60400,0.464448,0.597941
60500,0.464319,0.598726
60600,0.475224,0.599622
60700,0.473028,0.60081
60800,0.465389,0.601169
60900,0.462947,0.602059
61000,0.460035,0.602383
61100,0.44964,0.602986
61200,0.43927,0.602525
61300,0.445395,0.603044
61400,0.45082,0.602235
61500,0.45318,0.602263
61600,0.469462,0.602115
61700,0.472457,0.601671
61800,0.462446,0.601514
61900,0.468883,0.600981
62000,0.464154,0.60018
62100,0.47652,0.600595
62200,0.472595,0.600826
62300,0.474856,0.600675
62400,0.457286,0.600523
62500,0.471552,0.59991
62600,0.469327,0.599422
62700,0.477529,0.597874
62800,0.460679,0.59683
62900,0.458705,0.596595
63000,0.457129,0.595176
63100,0.475557,0.595816
63200,0.475596,0.596912
63300,0.478109,0.597404
63400,0.466587,0.597913
63500,0.480638,0.597979
63600,0.473147,0.597488
63700,0.472335,0.596752
63800,0.468144,0.596754
63900,0.467495,0.596376
64000,0.468871,0.595747
64100,0.468038,0.595039
64200,0.479471,0.594106
64300,0.47614,0.593736
64400,0.476154,0.593044
64500,0.468909,0.593475
64600,0.482808,0.592816
64700,0.459865,0.592712
64800,0.459724,0.592948
64900,0.470905,0.592637
65000,0.472476,0.591863
65100,0.459977,0.591974
65200,0.471741,0.591822
65300,0.474918,0.592447
65400,0.471843,0.59276
65500,0.466565,0.592705
65600,0.465815,0.592941
65700,0.465348,0.593067
65800,0.477181,0.593458
65900,0.475444,0.593912
66000,0.472212,0.593645
66100,0.470526,0.593753
66200,0.48098,0.593245
66300,0.470677,0.592084
66400,0.475516,0.591249
66500,0.471321,0.59144
66600,0.458717,0.591195
66700,0.453346,0.59066
66800,0.470744,0.591331
66900,0.475109,0.591989
67000,0.47225,0.592144
67100,0.472017,0.592077
67200,0.461862,0.59346
67300,0.453866,0.594172
67400,0.472124,0.595063
67500,0.467229,0.595829
67600,0.446812,0.596934
67700,0.441373,0.597162
67800,0.448596,0.598594
67900,0.459187,0.599491
68000,0.46369,0.60081
68100,0.466036,0.602086
68200,0.463065,0.603513
68300,0.474432,0.605083
68400,0.464571,0.605532
68500,0.45723,0.606426
68600,0.446139,0.607924
68700,0.448872,0.60834
68800,0.452753,0.608033
68900,0.446955,0.609467
69000,0.456443,0.609813
69100,0.470722,0.610212
69200,0.464358,0.610531
69300,0.461574,0.611539
69400,0.461318,0.611303
69500,0.462018,0.611143
69600,0.457623,0.611524
69700,0.472889,0.610887
69800,0.458908,0.610908
69900,0.463419,0.61136
70000,0.466988,0.612353
70100,0.466718,0.612715
70200,0.459408,0.613742
70300,0.461694,0.613853
70400,0.465806,0.61455
70500,0.466166,0.615113
70600,0.458324,0.615608
70700,0.462275,0.616552
70800,0.451253,0.618137
70900,0.453355,0.6189
71000,0.462534,0.619967
71100,0.459931,0.620865
71200,0.462643,0.620963
71300,0.463407,0.621814
71400,0.460891,0.622064
71500,0.44803,0.622817
71600,0.469729,0.623777
71700,0.462716,0.6239
71800,0.460465,0.624933
71900,0.464326,0.624897
72000,0.447335,0.625397
72100,0.447103,0.625441
72200,0.455581,0.625841
72300,0.442148,0.626679
72400,0.435338,0.627616
72500,0.459487,0.628454
72600,0.457903,0.62953
72700,0.46259,0.631034
72800,0.45921,0.632013
72900,0.455054,0.632528
73000,0.453182,0.633933
73100,0.454524,0.635098
73200,0.458198,0.636247
73300,0.456112,0.637121
73400,0.442651,0.638698
73500,0.44203,0.640482
73600,0.456998,0.641552
73700,0.441106,0.643323
73800,0.428365,0.644071
73900,0.442626,0.645051
74000,0.447596,0.64517
74100,0.436155,0.645555
74200,0.432806,0.645676
74300,0.437482,0.646142
74400,0.4454,0.646282
74500,0.448706,0.646887
74600,0.441537,0.647259
74700,0.437323,0.646876
74800,0.449812,0.645987
74900,0.448853,0.646061
75000,0.451816,0.644734
75100,0.45577,0.643758
75200,0.451953,0.643067
75300,0.453807,0.642516
75400,0.449886,0.64182
75500,0.454519,0.640621
75600,0.448615,0.640207
75700,0.459876,0.639386
75800,0.457897,0.638697
75900,0.4469,0.638196
76000,0.459243,0.63813
76100,0.441521,0.638386
76200,0.452821,0.638177
76300,0.452669,0.638308
76400,0.460733,0.638326
76500,0.451946,0.638067
76600,0.457177,0.637383
76700,0.454701,0.637349
76800,0.456097,0.637554
76900,0.452746,0.637129
77000,0.456287,0.636962
77100,0.45548,0.636753
77200,0.464897,0.636868
77300,0.456681,0.636116
77400,0.453647,0.635773
77500,0.46248,0.635153
77600,0.458833,0.634035
77700,0.464807,0.634349
77800,0.458738,0.633113
77900,0.460058,0.632419
78000,0.466346,0.630965
78100,0.442461,0.629965
78200,0.442897,0.628561
78300,0.458367,0.627607
78400,0.449547,0.62598
78500,0.462067,0.624283
78600,0.467548,0.622102
78700,0.465697,0.620439
78800,0.457547,0.618833
78900,0.467121,0.616578
79000,0.452329,0.614218
79100,0.467226,0.612609
79200,0.469053,0.61117
79300,0.468187,0.609817
79400,0.469436,0.609062
79500,0.463753,0.607585
79600,0.467935,0.607749
79700,0.464662,0.608743
79800,0.453553,0.608908
79900,0.459035,0.609856
80000,0.465089,0.609745
80100,0.447611,0.609142
80200,0.429577,0.609674
80300,0.441442,0.609732
80400,0.459165,0.609828
80500,0.46884,0.609775
80600,0.450746,0.610644
80700,0.465328,0.611693
80800,0.458419,0.61273
80900,0.451241,0.614635
81000,0.452372,0.615875
81100,0.459318,0.617348
81200,0.460908,0.618696
81300,0.455301,0.619904
81400,0.461934,0.62095
81500,0.466487,0.621983
81600,0.456386,0.623758
81700,0.449916,0.624624
81800,0.453094,0.625954
81900,0.460599,0.627552
82000,0.46587,0.628894
82100,0.463434,0.630338
82200,0.456187,0.631123
82300,0.443998,0.632001
82400,0.450286,0.632313
82500,0.461427,0.632392
82600,0.454462,0.632715
82700,0.456476,0.632299
82800,0.455721,0.631936
82900,0.457254,0.631637
83000,0.453403,0.630552
83100,0.454928,0.629597
83200,0.452693,0.62801
83300,0.463694,0.627149
83400,0.462912,0.627038
83500,0.466708,0.62597
83600,0.465316,0.625093
83700,0.451187,0.623173
83800,0.442966,0.620774
83900,0.450064,0.618931
84000,0.442178,0.61686
84100,0.439665,0.615037
84200,0.468995,0.614205
84300,0.466096,0.61341
84400,0.474567,0.613122
84500,0.461267,0.61258
84600,0.47334,0.612239
84700,0.470194,0.611571
84800,0.466302,0.610765
84900,0.456702,0.610878
85000,0.47229,0.610583
85100,0.454936,0.610573
85200,0.463161,0.611045
85300,0.463715,0.611194
85400,0.469604,0.61105
85500,0.466589,0.61144
85600,0.468938,0.611804
85700,0.460131,0.61209
85800,0.46983,0.612222
85900,0.470764,0.61311
86000,0.459652,0.613059
86100,0.469708,0.614117
86200,0.461842,0.614783
86300,0.468793,0.615575
86400,0.460015,0.616199
86500,0.458168,0.616909
86600,0.44634,0.617802
86700,0.461618,0.618704
86800,0.464699,0.619642
86900,0.461274,0.620212
87000,0.464775,0.620319
87100,0.471333,0.621448
87200,0.464608,0.622421
87300,0.459135,0.623736
87400,0.456048,0.625333
87500,0.458176,0.6256
87600,0.455455,0.625937
87700,0.446671,0.625445
87800,0.458921,0.624708
87900,0.467091,0.624549
88000,0.443611,0.62364
88100,0.46322,0.62184
88200,0.453408,0.620699
88300,0.452189,0.619165
88400,0.444374,0.618625
88500,0.459586,0.617329
88600,0.464537,0.615771
88700,0.468332,0.614248
88800,0.468073,0.613512
88900,0.464983,0.612239
89000,0.476304,0.610671
89100,0.461622,0.609083
89200,0.467934,0.606799
89300,0.463971,0.605594
89400,0.462734,0.604072
89500,0.469098,0.602688
89600,0.477586,0.600803
89700,0.471656,0.599497
89800,0.476436,0.598604
89900,0.474882,0.597383
90000,0.46904,0.596751
90100,0.471237,0.59532
90200,0.480855,0.593832
90300,0.47738,0.592541
90400,0.479485,0.591442
90500,0.480429,0.590487
90600,0.464908,0.589323
90700,0.472425,0.588071
90800,0.479428,0.58714
90900,0.469424,0.586021
91000,0.465959,0.584887
91100,0.480715,0.583824
91200,0.478683,0.582868
91300,0.479332,0.58177
91400,0.483654,0.580392
91500,0.480969,0.579136
91600,0.478761,0.577678
91700,0.485353,0.57688
91800,0.477159,0.576149
91900,0.477313,0.575141
92000,0.467728,0.573835
92100,0.481425,0.573243
92200,0.481325,0.573158
92300,0.464606,0.572552
92400,0.476764,0.572906
92500,0.477501,0.572839
92600,0.47287,0.572699
92700,0.481314,0.572633
92800,0.486332,0.571811
92900,0.482183,0.571862
93000,0.484195,0.571421
93100,0.485856,0.571523
93200,0.486835,0.571871
93300,0.482507,0.571862
93400,0.483912,0.572652
93500,0.477196,0.573612
93600,0.480387,0.57463
93700,0.477776,0.574858
93800,0.484931,0.576141
93900,0.462325,0.578008
94000,0.479084,0.579165
94100,0.477859,0.58004
94200,0.479762,0.580941
94300,0.461599,0.581772
94400,0.471285,0.582927
94500,0.484557,0.584511
94600,0.47283,0.58612
94700,0.475159,0.587241
94800,0.475167,0.588745
94900,0.47077,0.590341
95000,0.477226,0.591764
95100,0.475192,0.592752
95200,0.465146,0.593369
95300,0.469908,0.593767
95400,0.465833,0.594514
95500,0.477787,0.594551
95600,0.464466,0.594598
95700,0.478402,0.593503
95800,0.477503,0.592008
95900,0.468035,0.590449
96000,0.477245,0.589181
96100,0.479961,0.58875
96200,0.480622,0.588691
96300,0.469031,0.587748
96400,0.467382,0.587346
96500,0.471087,0.58662
96600,0.483055,0.585691
96700,0.482,0.584557
96800,0.4623,0.583812
96900,0.472228,0.58269
97000,0.45985,0.581773
97100,0.471827,0.580915
97200,0.462179,0.580881
97300,0.459232,0.580434
97400,0.469352,0.580666
97500,0.456142,0.580801
97600,0.475133,0.580946
97700,0.473325,0.581344
97800,0.471692,0.58202
97900,0.475841,0.582646
98000,0.483702,0.583368
98100,0.473084,0.583963
98200,0.459545,0.58465
98300,0.465042,0.585985
98400,0.473989,0.587363
98500,0.457527,0.588449
98600,0.477078,0.589786
98700,0.468896,0.591601
98800,0.471131,0.593188
98900,0.474908,0.594278
99000,0.463945,0.595338
99100,0.476975,0.596884
99200,0.474409,0.597913
99300,0.474233,0.599497
99400,0.464953,0.599784
99500,0.467331,0.60099
99600,0.472222,0.600941
99700,0.464494,0.602381
99800,0.468452,0.603302
99900,0.478436,0.604034
