0,0.499999,0.499984
100,0.486767,0.499317
200,0.498705,0.499541
300,0.491021,0.498718
400,0.486326,0.498944
500,0.481651,0.498844
600,0.49313,0.49834
700,0.4867,0.498123
800,0.496956,0.498504
900,0.488165,0.498441
1000,0.495873,0.498782
1100,0.494051,0.498962
1200,0.48071,0.500163
1300,0.468276,0.500741
1400,0.484451,0.501134
1500,0.485538,0.501528
1600,0.486858,0.501716
1700,0.480641,0.501589
1800,0.475677,0.502061
1900,0.476615,0.501585
2000,0.485989,0.501405
2100,0.483366,0.500897
2200,0.483905,0.499303
2300,0.476385,0.497762
2400,0.490495,0.496502
2500,0.478558,0.494097
2600,0.481853,0.49252
2700,0.475976,0.489878
2800,0.463089,0.487199
2900,0.470638,0.484792
3000,0.47838,0.482388
3100,0.479357,0.479965
3200,0.478648,0.477916
3300,0.45914,0.475633
3400,0.479385,0.473368
3500,0.487215,0.470635
3600,0.467045,0.467451
3700,0.464025,0.465179
3800,0.444672,0.462287
3900,0.424211,0.459404
4000,0.44022,0.456882
4100,0.449623,0.454374
4200,0.435908,0.450859
4300,0.457934,0.447626
4400,0.453962,0.443283
4500,0.442164,0.438159
4600,0.445028,0.431856
4700,0.450467,0.425966
4800,0.452456,0.419665
4900,0.452167,0.412048
5000,0.458614,0.404794
5100,0.455265,0.397265
5200,0.444017,0.390134
5300,0.419185,0.381506
5400,0.432322,0.373511
5500,0.416285,0.365707
5600,0.410998,0.358599
5700,0.407988,0.351704
5800,0.400261,0.345262
5900,0.402207,0.339016
6000,0.406507,0.332159
6100,0.41027,0.326391
6200,0.408218,0.320727
6300,0.419133,0.314733
6400,0.407619,0.309538
6500,0.397892,0.303649
6600,0.387785,0.299487
6700,0.385061,0.293971
6800,0.380362,0.290296
6900,0.38442,0.286762
7000,0.363805,0.284308
7100,0.372747,0.28295
7200,0.36256,0.28139
7300,0.379198,0.279976
7400,0.376926,0.278918
7500,0.357622,0.277132
7600,0.357449,0.274908
7700,0.36338,0.272127
7800,0.355031,0.269547
7900,0.348484,0.266648
8000,0.344271,0.263757
8100,0.337639,0.260202
8200,0.320693,0.256097
8300,0.318468,0.252091
8400,0.314432,0.247538
8500,0.310197,0.243054
8600,0.304315,0.23854
8700,0.294502,0.234101
8800,0.288483,0.228968
8900,0.282755,0.224302
9000,0.277532,0.218742
9100,0.271518,0.212497
9200,0.261687,0.205774
9300,0.260281,0.198594
9400,0.253974,0.190908
9500,0.243448,0.183168
9600,0.233891,0.175634
9700,0.229726,0.167648
9800,0.2225,0.160154
9900,0.211584,0.152698
10000,0.197054,0.145156
10100,0.187901,0.137127
10200,0.185426,0.129602
10300,0.173969,0.122524
10400,0.166072,0.115759
10500,0.155165,0.109012
10600,0.144922,0.103027
10700,0.134838,0.0966204
10800,0.129981,0.0907917
10900,0.123529,0.0848589
11000,0.116506,0.0794803
11100,0.106666,0.0745112
11200,0.102554,0.069422
11300,0.0970887,0.0645264
11400,0.0904042,0.0602275
11500,0.083726,0.0562809
11600,0.0798265,0.0523295
11700,0.0735998,0.0484897
11800,0.0663908,0.044768
11900,0.0621385,0.0411139
12000,0.0567793,0.0377667
12100,0.053117,0.0347912
12200,0.0491686,0.0321622
12300,0.045544,0.0295623
12400,0.0423173,0.0271085
12500,0.0385447,0.0247434
12600,0.0357051,0.0227528
12700,0.0326243,0.0207785
12800,0.0289516,0.0189491
12900,0.0266999,0.0171494
13000,0.0242509,0.0154039
13100,0.0217434,0.0137981
13200,0.0189662,0.0123232
13300,0.017553,0.0110672
13400,0.0162739,0.00990017
13500,0.014767,0.00909917
13600,0.0136573,0.00824699
13700,0.0120227,0.00736582
13800,0.0110585,0.00674486
13900,0.00967989,0.00613383
14000,0.0090066,0.00565695
14100,0.00814132,0.00515335
14200,0.0077644,0.00484389
14300,0.0072253,0.00453026
14400,0.00665527,0.00418408
14500,0.00620345,0.00389312
14600,0.00573327,0.00363031
14700,0.00530251,0.00337467
14800,0.00481911,0.00307287
14900,0.00431376,0.00286191
15000,0.00416556,0.00265634
15100,0.00394725,0.00248598
15200,0.00353884,0.00228393
15300,0.00335489,0.00215077
15400,0.00307272,0.00197308
15500,0.00275332,0.00178529
15600,0.00263188,0.00165038
15700,0.00241376,0.00152486
15800,0.00216992,0.0013671
15900,0.00193132,0.00121016
16000,0.00165752,0.00102879
16100,0.0013809,0.000866246
16200,0.00115836,0.000732163
16300,0.000978299,0.000621089
16400,0.000854819,0.000530716
16500,0.000745786,0.000470171
16600,0.000612634,0.000380373
16700,0.000526185,0.000324858
16800,0.000448966,0.000283135
16900,0.000405608,0.000255645
17000,0.000418641,0.000259564
17100,0.000353498,0.000223846
17200,0.000330539,0.00020926
17300,0.00027332,0.000178433
17400,0.000231555,0.000148746
17500,0.000175231,0.000109541
17600,0.000110353,7.07854e-05
17700,5.10776e-05,3.32501e-05
17800,2.71505e-05,1.77562e-05
17900,1.87782e-05,1.22142e-05
18000,1.09684e-05,7.02347e-06
18100,6.88748e-06,4.29431e-06
18200,1.64019e-06,1.03352e-06
18300,1.06951e-06,6.66578e-07
18400,1.79893e-07,1.13283e-07
18500,0,0
18600,0,0
18700,0,0
18800,0,0
18900,0,0
19000,0,0
19100,0,0
19200,0,0
19300,0,0
19400,0,0
19500,0,0
19600,0,0
19700,0,0
19800,0,0
19900,0,0
20000,0,0
20100,0,0
20200,0,0
20300,0,0
20400,0,0
20500,0,0
20600,0,0
20700,0,0
20800,0,0
20900,0,0
21000,0,0
21100,0,0
21200,0,0
21300,0,0
21400,0,0
21500,0,0
21600,0,0
21700,0,0
21800,0,0
21900,0,0
22000,0,0
22100,0,0
22200,0,0
22300,0,0
22400,0,0
22500,0,0
22600,0,0
22700,0,0
22800,0,0
22900,0,0
23000,0,0
23100,0,0
23200,0,0
23300,0,0
23400,0,0
23500,0,0
23600,0,0
23700,0,0
23800,0,0
23900,0,0
24000,0,0
24100,0,0
24200,0,0
24300,0,0
24400,0,0
24500,0,0
24600,0,0
24700,0,0
24800,0,0
24900,0,0
25000,0,0
25100,0,0
25200,0,0
25300,0,0
25400,0,0
25500,0,0
25600,0,0
25700,0,0
25800,0,0
25900,0,0
26000,0,0
26100,0,0
26200,0,0
26300,0,0
26400,0,0
26500,0,0
26600,0,0
26700,0,0
26800,0,0
26900,0,0
27000,0,0
27100,0,0
27200,0,0
27300,0,0
27400,0,0
27500,0,0
27600,0,0
27700,0,0
27800,0,0
27900,0,0
28000,0,0
28100,0,0
28200,0,0
28300,0,0
28400,0,0
28500,0,0
28600,0,0
28700,0,0
28800,0,0
28900,0,0
29000,0,0
29100,0,0
29200,0,0
29300,0,0
29400,0,0
29500,0,0
29600,0,0
29700,0,0
29800,0,0
29900,0,0
30000,0,0
30100,0,0
30200,0,0
30300,0,0
30400,0,0
30500,0,0
30600,0,0
30700,0,0
30800,0,0
30900,0,0
31000,0,0
31100,0,0
31200,0,0
31300,0,0
31400,0,0
31500,0,0
31600,0,0
31700,0,0
31800,0,0
31900,0,0
32000,0,0
32100,0,0
32200,0,0
32300,0,0
32400,0,0
32500,0,0
32600,0,0
32700,0,0
32800,0,0
32900,0,0
33000,0,0
33100,0,0
33200,0,0
33300,0,0
33400,0,0
33500,0,0
33600,0,0
33700,0,0
33800,0,0
33900,0,0
34000,0,0
34100,0,0
34200,0,0
34300,0,0
34400,0,0
34500,0,0
34600,0,0
34700,0,0
34800,0,0
34900,0,0
35000,0,0
35100,0,0
35200,0,0
35300,0,0
35400,0,0
35500,0,0
35600,0,0
35700,0,0
35800,0,0
35900,0,0
36000,0,0
36100,0,0
36200,0,0
36300,0,0
36400,0,0
36500,0,0
36600,0,0
36700,0,0
36800,0,0
36900,0,0
37000,0,0
37100,0,0
37200,0,0
37300,0,0
37400,0,0
37500,0,0
37600,0,0
37700,0,0
37800,0,0
37900,0,0
38000,0,0
38100,0,0
38200,0,0
38300,0,0
38400,0,0
38500,0,0
38600,0,0
38700,0,0
38800,0,0
38900,0,0
39000,0,0
39100,0,0
39200,0,0
39300,0,0
39400,0,0
39500,0,0
39600,0,0
39700,0,0
39800,0,0
39900,0,0
40000,0,0
40100,0,0
40200,0,0
40300,0,0
40400,0,0
40500,0,0
40600,0,0
40700,0,0
40800,0,0
40900,0,0
41000,0,0
41100,0,0
41200,0,0
41300,0,0
41400,0,0
41500,0,0
41600,0,0
41700,0,0
41800,0,0
41900,0,0
42000,0,0
42100,0,0
42200,0,0
42300,0,0
42400,0,0
42500,0,0
42600,0,0
42700,0,0
42800,0,0
42900,0,0
43000,0,0
43100,0,0
43200,0,0
43300,0,0
43400,0,0
43500,0,0
43600,0,0
43700,0,0
43800,0,0
43900,0,0
44000,0,0
44100,0,0
44200,0,0
44300,0,0
44400,0,0
44500,0,0
44600,0,0
44700,0,0
44800,0,0
44900,0,0
45000,0,0
45100,0,0
45200,0,0
45300,0,0
45400,0,0
45500,0,0
45600,0,0
45700,0,0
45800,0,0
45900,0,0
46000,0,0
46100,0,0
46200,0,0
46300,0,0
46400,0,0
46500,0,0
46600,0,0
46700,0,0
46800,0,0
46900,0,0
47000,0,0
47100,0,0
47200,0,0
47300,0,0
47400,0,0
47500,0,0
47600,0,0
47700,0,0
47800,0,0
47900,0,0
48000,0,0
48100,0,0
48200,0,0
48300,0,0
48400,0,0
48500,0,0
48600,0,0
48700,0,0
48800,0,0
48900,0,0
49000,0,0
49100,0,0
49200,0,0
49300,0,0
49400,0,0
49500,0,0
49600,0,0
49700,0,0
49800,0,0
49900,0,0
50000,0,0
50100,0,0
50200,0,0
50300,0,0
50400,0,0
50500,0,0
50600,0,0
50700,0,0
50800,0,0
50900,0,0
51000,0,0
51100,0,0
51200,0,0
51300,0,0
51400,0,0
51500,0,0
51600,0,0
51700,0,0
51800,0,0
51900,0,0
52000,0,0
52100,0,0
52200,0,0
52300,0,0
52400,0,0
52500,0,0
52600,0,0
52700,0,0
52800,0,0
52900,0,0
53000,0,0
53100,0,0
53200,0,0
53300,0,0
53400,0,0
53500,0,0
53600,0,0
53700,0,0
53800,0,0
53900,0,0
54000,0,0
54100,0,0
54200,0,0
54300,0,0
54400,0,0
54500,0,0
54600,0,0
54700,0,0
54800,0,0
54900,0,0
55000,0,0
55100,0,0
55200,0,0
55300,0,0
55400,0,0
55500,0,0
55600,0,0
55700,0,0
55800,0,0
55900,0,0
56000,0,0
56100,0,0
56200,0,0
56300,0,0
56400,0,0
56500,0,0
56600,0,0
56700,0,0
56800,0,0
56900,0,0
57000,0,0
57100,0,0
57200,0,0
57300,0,0
57400,0,0
57500,0,0
57600,0,0
57700,0,0
57800,0,0
57900,0,0
58000,0,0
58100,0,0
58200,0,0
58300,0,0
58400,0,0
58500,0,0
58600,0,0
58700,0,0
58800,0,0
58900,0,0
59000,0,0
59100,0,0
59200,0,0
59300,0,0
59400,0,0
59500,0,0
59600,0,0
59700,0,0
59800,0,0
59900,0,0
60000,0,0
60100,0,0
60200,0,0
60300,0,0
60400,0,0
60500,0,0
60600,0,0
60700,0,0
60800,0,0
60900,0,0
61000,0,0
61100,0,0
61200,0,0
61300,0,0
61400,0,0
61500,0,0
61600,0,0
61700,0,0
61800,0,0
61900,0,0
62000,0,0
62100,0,0
62200,0,0
62300,0,0
62400,0,0
62500,0,0
62600,0,0
62700,0,0
62800,0,0
62900,0,0
63000,0,0
63100,0,0
63200,0,0
63300,0,0
63400,0,0
63500,0,0
63600,0,0
63700,0,0
63800,0,0
63900,0,0
64000,0,0
64100,0,0
64200,0,0
64300,0,0
64400,0,0
64500,0,0
64600,0,0
64700,0,0
64800,0,0
64900,0,0
65000,0,0
65100,0,0
65200,0,0
65300,0,0
65400,0,0
65500,0,0
65600,0,0
65700,0,0
65800,0,0
65900,0,0
66000,0,0
66100,0,0
66200,0,0
66300,0,0
66400,0,0
66500,0,0
66600,0,0
66700,0,0
66800,0,0
66900,0,0
67000,0,0
67100,0,0
67200,0,0
67300,0,0
67400,0,0
67500,0,0
67600,0,0
67700,0,0
67800,0,0
67900,0,0
68000,0,0
68100,0,0
68200,0,0
68300,0,0
68400,0,0
68500,0,0
68600,0,0
68700,0,0
68800,0,0
68900,0,0
69000,0,0
69100,0,0
69200,0,0
69300,0,0
69400,0,0
69500,0,0
69600,0,0
69700,0,0
69800,0,0
69900,0,0
70000,0,0
70100,0,0
70200,0,0
70300,0,0
70400,0,0
70500,0,0
70600,0,0
70700,0,0
70800,0,0
70900,0,0
71000,0,0
71100,0,0
71200,0,0
71300,0,0
71400,0,0
71500,0,0
71600,0,0
71700,0,0
71800,0,0
71900,0,0
72000,0,0
72100,0,0
72200,0,0
72300,0,0
72400,0,0
72500,0,0
72600,0,0
72700,0,0
72800,0,0
72900,0,0
73000,0,0
73100,0,0
73200,0,0
73300,0,0
73400,0,0
73500,0,0
73600,0,0
73700,0,0
73800,0,0
73900,0,0
74000,0,0
74100,0,0
74200,0,0
74300,0,0
74400,0,0
74500,0,0
74600,0,0
74700,0,0
74800,0,0
74900,0,0
75000,0,0
75100,0,0
75200,0,0
75300,0,0
75400,0,0
75500,0,0
75600,0,0
75700,0,0
75800,0,0
75900,0,0
76000,0,0
76100,0,0
76200,0,0
76300,0,0
76400,0,0
76500,0,0
76600,0,0
76700,0,0
76800,0,0
76900,0,0
77000,0,0
77100,0,0
77200,0,0
77300,0,0
77400,0,0
77500,0,0
77600,0,0
77700,0,0
77800,0,0
77900,0,0
78000,0,0
78100,0,0
78200,0,0
78300,0,0
78400,0,0
78500,0,0
78600,0,0
78700,0,0
78800,0,0
78900,0,0
79000,0,0
79100,0,0
79200,0,0
79300,0,0
79400,0,0
79500,0,0
79600,0,0
79700,0,0
79800,0,0
79900,0,0
80000,0,0
80100,0,0
80200,0,0
80300,0,0
80400,0,0
80500,0,0
80600,0,0
80700,0,0
80800,0,0
80900,0,0
81000,0,0
81100,0,0
81200,0,0
81300,0,0
81400,0,0
81500,0,0
81600,0,0
81700,0,0
81800,0,0
81900,0,0
82000,0,0
82100,0,0
82200,0,0
82300,0,0
82400,0,0
82500,0,0
82600,0,0
82700,0,0
82800,0,0
82900,0,0
83000,0,0
83100,0,0
83200,0,0
83300,0,0
83400,0,0
83500,0,0
83600,0,0
83700,0,0
83800,0,0
83900,0,0
84000,0,0
84100,0,0
84200,0,0
84300,0,0
84400,0,0
84500,0,0
84600,0,0
84700,0,0
84800,0,0
84900,0,0
85000,0,0
85100,0,0
85200,0,0
85300,0,0
85400,0,0
85500,0,0
85600,0,0
85700,0,0
85800,0,0
85900,0,0
86000,0,0
86100,0,0
86200,0,0
86300,0,0
86400,0,0
86500,0,0
86600,0,0
86700,0,0
86800,0,0
86900,0,0
87000,0,0
87100,0,0
87200,0,0
87300,0,0
87400,0,0
87500,0,0
87600,0,0
87700,0,0
87800,0,0
87900,0,0
88000,0,0
88100,0,0
88200,0,0
88300,0,0
88400,0,0
88500,0,0
88600,0,0
88700,0,0
88800,0,0
88900,0,0
89000,0,0
89100,0,0
89200,0,0
89300,0,0
89400,0,0
89500,0,0
89600,0,0
89700,0,0
89800,0,0
89900,0,0
90000,0,0
90100,0,0
90200,0,0
90300,0,0
90400,0,0
90500,0,0
90600,0,0
90700,0,0
90800,0,0
90900,0,0
91000,0,0
91100,0,0
91200,0,0
91300,0,0
91400,0,0
91500,0,0
91600,0,0
91700,0,0
91800,0,0
91900,0,0
92000,0,0
92100,0,0
92200,0,0
92300,0,0
92400,0,0
92500,0,0
92600,0,0
92700,0,0
92800,0,0
92900,0,0
93000,0,0
93100,0,0
93200,0,0
93300,0,0
93400,0,0
93500,0,0
93600,0,0
93700,0,0
93800,0,0
93900,0,0
94000,0,0
94100,0,0
94200,0,0
94300,0,0
94400,0,0
94500,0,0
94600,0,0
94700,0,0
94800,0,0
94900,0,0
95000,0,0
95100,0,0
95200,0,0
95300,0,0
95400,0,0
95500,0,0
95600,0,0
95700,0,0
95800,0,0
95900,0,0
96000,0,0
96100,0,0
96200,0,0
96300,0,0
96400,0,0
96500,0,0
96600,0,0
96700,0,0
96800,0,0
96900,0,0
97000,0,0
97100,0,0
97200,0,0
97300,0,0
97400,0,0
97500,0,0
97600,0,0
97700,0,0
97800,0,0
97900,0,0
98000,0,0
98100,0,0
98200,0,0
98300,0,0
98400,0,0
98500,0,0
98600,0,0
98700,0,0
98800,0,0
98900,0,0
99000,0,0
99100,0,0
99200,0,0
99300,0,0
99400,0,0
99500,0,0
99600,0,0
99700,0,0
99800,0,0
99900,0,0
