0,0.499999,0.500017
100,0.496002,0.500147
200,0.492013,0.500006
300,0.496262,0.499478
400,0.479799,0.499002
500,0.484533,0.498913
600,0.483402,0.498037
700,0.490286,0.49743
800,0.490036,0.49675
900,0.491646,0.496165
1000,0.490582,0.495291
1100,0.482761,0.495606
1200,0.467211,0.495901
1300,0.482868,0.495044
1400,0.493508,0.495425
1500,0.485034,0.497118
1600,0.495837,0.498267
1700,0.486322,0.498371
1800,0.478682,0.498878
1900,0.479589,0.498958
2000,0.453831,0.49865
2100,0.44578,0.498092
2200,0.448315,0.496417
2300,0.453938,0.495552
2400,0.468471,0.494396
2500,0.462153,0.492936
2600,0.456911,0.490519
2700,0.483606,0.488342
2800,0.47575,0.485821
2900,0.484337,0.48336
3000,0.483506,0.480236
3100,0.487292,0.47594
3200,0.483489,0.472039
3300,0.489954,0.466796
3400,0.488144,0.461702
3500,0.488982,0.457873
3600,0.479539,0.453673
3700,0.47515,0.450275
3800,0.47488,0.447088
3900,0.483901,0.443901
4000,0.475453,0.441605
4100,0.478588,0.439503
4200,0.465059,0.437577
4300,0.461213,0.436013
4400,0.467733,0.434815
4500,0.455892,0.433294
4600,0.458338,0.432563
4700,0.461147,0.431377
4800,0.455684,0.430551
4900,0.468924,0.429726
5000,0.476019,0.428728
5100,0.469425,0.427635
5200,0.471078,0.427005
5300,0.479979,0.426337
5400,0.471736,0.426023
5500,0.468635,0.424454
5600,0.464589,0.424276
5700,0.475676,0.422833
5800,0.458901,0.420897
5900,0.457816,0.419048
6000,0.455832,0.416803
6100,0.466899,0.414139
6200,0.453511,0.411554
6300,0.466322,0.408113
6400,0.445281,0.404946
6500,0.453713,0.40176
6600,0.455117,0.398447
6700,0.451154,0.395185
6800,0.449313,0.390932
6900,0.43962,0.386908
7000,0.438295,0.382378
7100,0.436499,0.377156
7200,0.437697,0.372667
7300,0.422271,0.367856
7400,0.421066,0.363056
7500,0.424676,0.358264
7600,0.423052,0.353746
7700,0.440451,0.348267
7800,0.428994,0.34272
7900,0.408038,0.337193
8000,0.401568,0.331401
8100,0.399953,0.325826
8200,0.406133,0.320634
8300,0.415817,0.314826
8400,0.392684,0.308762
8500,0.384747,0.302559
8600,0.387615,0.296955
8700,0.392223,0.291847
8800,0.386667,0.286854
8900,0.389902,0.282089
9000,0.397425,0.27803
9100,0.383196,0.273891
9200,0.377923,0.270448
9300,0.374294,0.267393
9400,0.373873,0.265885
9500,0.366789,0.263168
9600,0.353769,0.260492
9700,0.345639,0.257731
9800,0.353707,0.255766
9900,0.353241,0.252937
10000,0.357414,0.250872
10100,0.365285,0.249015
10200,0.354536,0.246973
10300,0.365939,0.245605
10400,0.366054,0.243891
10500,0.366065,0.242453
10600,0.365495,0.24097
10700,0.354523,0.239491
10800,0.36256,0.238088
10900,0.357438,0.236663
11000,0.357029,0.235384
11100,0.343207,0.23397
11200,0.339077,0.233392
11300,0.344204,0.232595
11400,0.346522,0.232106
11500,0.3505,0.231143
11600,0.351323,0.231345
11700,0.341203,0.232104
11800,0.352025,0.232628
11900,0.358863,0.233383
12000,0.365852,0.23388
12100,0.355264,0.233962
12200,0.352312,0.234573
12300,0.356969,0.23536
12400,0.355697,0.235248
12500,0.354814,0.235607
12600,0.344748,0.235632
12700,0.345598,0.235762
12800,0.355211,0.236282
12900,0.365381,0.236589
13000,0.355446,0.23701
13100,0.34943,0.238318
13200,0.342669,0.239764
13300,0.347473,0.24091
13400,0.343399,0.241892
13500,0.361622,0.243144
13600,0.357483,0.243474
13700,0.342983,0.244307
13800,0.340508,0.24494
13900,0.332088,0.245415
14000,0.35298,0.245937
14100,0.361648,0.246305
14200,0.349649,0.247221
14300,0.365019,0.247856
14400,0.364416,0.249108
14500,0.36463,0.250591
14600,0.370413,0.252397
14700,0.375389,0.254077
14800,0.367408,0.255654
14900,0.3704,0.257192
15000,0.378252,0.258586
15100,0.374869,0.260282
15200,0.370375,0.2608
15300,0.374375,0.261437
15400,0.37273,0.262697
15500,0.367165,0.263775
15600,0.362124,0.263955
15700,0.369401,0.263817
15800,0.382494,0.263203
15900,0.370859,0.262831
16000,0.35828,0.261216
16100,0.356416,0.259704
16200,0.367929,0.257966
16300,0.366877,0.255797
16400,0.347971,0.253646
16500,0.344182,0.25123
16600,0.34693,0.248696
16700,0.344614,0.245763
16800,0.339065,0.242608
16900,0.328871,0.238717
17000,0.322928,0.234645
17100,0.322006,0.230992
17200,0.316735,0.226415
17300,0.310613,0.222702
17400,0.311892,0.218468
17500,0.313542,0.213725
17600,0.297557,0.209228
17700,0.298471,0.205364
17800,0.294435,0.201373
17900,0.287747,0.197688
18000,0.289916,0.194299
18100,0.283662,0.190242
18200,0.277099,0.185311
18300,0.273054,0.181351
18400,0.263299,0.177792
18500,0.258772,0.173416
18600,0.256543,0.169641
18700,0.260716,0.166163
18800,0.258486,0.162532
18900,0.259939,0.158771
19000,0.243571,0.155467
19100,0.243808,0.152271
19200,0.232125,0.148833
19300,0.235101,0.146532
19400,0.23226,0.143663
19500,0.229475,0.141095
19600,0.214004,0.138436
19700,0.207131,0.136013
19800,0.203989,0.133261
19900,0.200429,0.130943
20000,0.199708,0.128892
20100,0.194904,0.12738
20200,0.199684,0.125504
20300,0.191736,0.123188
20400,0.197431,0.120858
20500,0.189371,0.118663
20600,0.196546,0.115515
20700,0.189439,0.112908
20800,0.181726,0.110736
20900,0.171051,0.10832
21000,0.167732,0.106192
21100,0.162779,0.103391
21200,0.155122,0.100556
21300,0.157499,0.097533
21400,0.154913,0.0950015
21500,0.161186,0.0922379
21600,0.166892,0.0889901
21700,0.158699,0.0864954
21800,0.161876,0.0841909
21900,0.154803,0.0815818
22000,0.139391,0.0791087
22100,0.136288,0.0768128
22200,0.132691,0.0748896
22300,0.125656,0.0732182
22400,0.129792,0.0711545
22500,0.124738,0.069644
22600,0.122473,0.0679638
22700,0.111153,0.0664965
22800,0.107692,0.0655352
22900,0.109408,0.0648338
23000,0.108044,0.0644631
23100,0.106977,0.0639373
23200,0.105915,0.0635609
23300,0.103694,0.0632934
23400,0.0987656,0.0628132
23500,0.0994812,0.0628286
23600,0.101203,0.0622262
23700,0.100566,0.0618083
23800,0.0981926,0.0611914
23900,0.0967111,0.060662
24000,0.0946156,0.059512
24100,0.0913156,0.0583464
24200,0.0908886,0.057318
24300,0.0909062,0.0560053
24400,0.0885945,0.0544662
24500,0.084238,0.0530644
24600,0.0835581,0.0515856
24700,0.0821786,0.0497732
24800,0.0763764,0.0478926
24900,0.0733678,0.0458961
25000,0.0690054,0.0439736
25100,0.069607,0.0424166
25200,0.0656225,0.0403857
25300,0.0631729,0.0385299
25400,0.0596246,0.0371442
25500,0.0577404,0.0357913
25600,0.0540692,0.0343862
25700,0.0536017,0.0333229
25800,0.0516377,0.0322576
25900,0.0508108,0.0311357
26000,0.0488103,0.0300336
26100,0.0465662,0.0288847
26200,0.0448823,0.0279141
26300,0.0439466,0.0270149
26400,0.0409542,0.0261523
26500,0.039686,0.0249271
26600,0.0379902,0.023815
26700,0.03656,0.0227341
26800,0.0343455,0.0218983
26900,0.0343034,0.0210044
27000,0.032556,0.0200233
27100,0.0309997,0.0189344
27200,0.0289956,0.0180976
27300,0.0284278,0.0171753
27400,0.0270806,0.0163018
27500,0.0266892,0.0154269
27600,0.0238383,0.0145671
27700,0.0224289,0.0136274
27800,0.0210468,0.0127572
27900,0.0197513,0.011911
28000,0.0186598,0.0111937
28100,0.0174233,0.0102526
28200,0.0165964,0.00967035
28300,0.0152875,0.00902949
28400,0.0148058,0.00834722
28500,0.0137395,0.00775825
28600,0.0130254,0.00723712
28700,0.0126568,0.00693854
28800,0.0117528,0.00662549
28900,0.0112089,0.00640633
29000,0.011132,0.00629148
29100,0.010776,0.00629723
29200,0.010968,0.00626176
29300,0.0114127,0.00627005
29400,0.0111197,0.00633936
29500,0.0114987,0.00626726
29600,0.01233,0.00638561
29700,0.0121269,0.00626743
29800,0.0119704,0.00637762
29900,0.0116089,0.00634959
30000,0.0111708,0.00636077
30100,0.0114535,0.00654403
30200,0.0120265,0.00662371
30300,0.0128159,0.00673582
30400,0.0127014,0.00684133
30500,0.0125863,0.00686788
30600,0.0120015,0.00693105
30700,0.0119945,0.00695573
30800,0.0119735,0.00690731
30900,0.0114916,0.00695158
31000,0.0118058,0.00692516
31100,0.0109839,0.00676612
31200,0.0106757,0.00656799
31300,0.0100972,0.00640983
31400,0.00991575,0.00619436
31500,0.00961073,0.00606788
31600,0.00932106,0.00589045
31700,0.00915703,0.00571836
31800,0.0088076,0.0054779
31900,0.00869787,0.00530405
32000,0.00858657,0.00513578
32100,0.00779764,0.00483309
32200,0.00747456,0.00461352
32300,0.00685076,0.00428688
32400,0.0062155,0.00397463
32500,0.00606976,0.00376265
32600,0.00549095,0.00343033
32700,0.00512436,0.00315156
32800,0.00455548,0.00289119
32900,0.00399484,0.00258847
33000,0.00391779,0.00242298
33100,0.00374313,0.00230598
33200,0.00334997,0.00209835
33300,0.00305025,0.0019319
33400,0.0027679,0.0017628
33500,0.0024893,0.00158634
33600,0.00216661,0.00141018
33700,0.00186185,0.00118735
33800,0.00153856,0.000980905
33900,0.00125929,0.000815353
34000,0.00102514,0.000656478
34100,0.000859566,0.000547456
34200,0.000693028,0.000438838
34300,0.000552847,0.000351752
34400,0.000395885,0.000252943
34500,0.000269438,0.000173762
34600,0.000229651,0.000142593
34700,0.000160801,0.00010027
34800,0.000123235,7.77086e-05
34900,0.000119778,7.42649e-05
35000,9.68239e-05,6.15963e-05
35100,6.76716e-05,4.25555e-05
35200,5.48971e-05,3.44938e-05
35300,3.40902e-05,2.18733e-05
35400,2.08541e-05,1.30211e-05
35500,1.2536e-05,7.94973e-06
35600,6.01039e-06,3.80987e-06
35700,7.02105e-06,4.40503e-06
35800,7.76569e-06,4.87346e-06
35900,2.43519e-06,1.56942e-06
36000,7.49991e-07,4.8095e-07
36100,0,0
36200,0,0
36300,0,0
36400,0,0
36500,0,0
36600,0,0
36700,0,0
36800,0,0
36900,0,0
37000,0,0
37100,0,0
37200,0,0
37300,0,0
37400,0,0
37500,0,0
37600,0,0
37700,0,0
37800,0,0
37900,0,0
38000,0,0
38100,0,0
38200,0,0
38300,0,0
38400,0,0
38500,0,0
38600,0,0
38700,0,0
38800,0,0
38900,0,0
39000,0,0
39100,0,0
39200,0,0
39300,0,0
39400,0,0
39500,0,0
39600,0,0
39700,0,0
39800,0,0
39900,0,0
40000,0,0
40100,0,0
40200,0,0
40300,0,0
40400,0,0
40500,0,0
40600,0,0
40700,0,0
40800,0,0
40900,0,0
41000,0,0
41100,0,0
41200,0,0
41300,0,0
41400,0,0
41500,0,0
41600,0,0
41700,0,0
41800,0,0
41900,0,0
42000,0,0
42100,0,0
42200,0,0
42300,0,0
42400,0,0
42500,0,0
42600,0,0
42700,0,0
42800,0,0
42900,0,0
43000,0,0
43100,0,0
43200,0,0
43300,0,0
43400,0,0
43500,0,0
43600,0,0
43700,0,0
43800,0,0
43900,0,0
44000,0,0
44100,0,0
44200,0,0
44300,0,0
44400,0,0
44500,0,0
44600,0,0
44700,0,0
44800,0,0
44900,0,0
45000,0,0
45100,0,0
45200,0,0
45300,0,0
45400,0,0
45500,0,0
45600,0,0
45700,0,0
45800,0,0
45900,0,0
46000,0,0
46100,0,0
46200,0,0
46300,0,0
46400,0,0
46500,0,0
46600,0,0
46700,0,0
46800,0,0
46900,0,0
47000,0,0
47100,0,0
47200,0,0
47300,0,0
47400,0,0
47500,0,0
47600,0,0
47700,0,0
47800,0,0
47900,0,0
48000,0,0
48100,0,0
48200,0,0
48300,0,0
48400,0,0
48500,0,0
48600,0,0
48700,0,0
48800,0,0
48900,0,0
49000,0,0
49100,0,0
49200,0,0
49300,0,0
49400,0,0
49500,0,0
49600,0,0
49700,0,0
49800,0,0
49900,0,0
50000,0,0
50100,0,0
50200,0,0
50300,0,0
50400,0,0
50500,0,0
50600,0,0
50700,0,0
50800,0,0
50900,0,0
51000,0,0
51100,0,0
51200,0,0
51300,0,0
51400,0,0
51500,0,0
51600,0,0
51700,0,0
51800,0,0
51900,0,0
52000,0,0
52100,0,0
52200,0,0
52300,0,0
52400,0,0
52500,0,0
52600,0,0
52700,0,0
52800,0,0
52900,0,0
53000,0,0
53100,0,0
53200,0,0
53300,0,0
53400,0,0
53500,0,0
53600,0,0
53700,0,0
53800,0,0
53900,0,0
54000,0,0
54100,0,0
54200,0,0
54300,0,0
54400,0,0
54500,0,0
54600,0,0
54700,0,0
54800,0,0
54900,0,0
55000,0,0
55100,0,0
55200,0,0
55300,0,0
55400,0,0
55500,0,0
55600,0,0
55700,0,0
55800,0,0
55900,0,0
56000,0,0
56100,0,0
56200,0,0
56300,0,0
56400,0,0
56500,0,0
56600,0,0
56700,0,0
56800,0,0
56900,0,0
57000,0,0
57100,0,0
57200,0,0
57300,0,0
57400,0,0
57500,0,0
57600,0,0
57700,0,0
57800,0,0
57900,0,0
58000,0,0
58100,0,0
58200,0,0
58300,0,0
58400,0,0
58500,0,0
58600,0,0
58700,0,0
58800,0,0
58900,0,0
59000,0,0
59100,0,0
59200,0,0
59300,0,0
59400,0,0
59500,0,0
59600,0,0
59700,0,0
59800,0,0
59900,0,0
60000,0,0
60100,0,0
60200,0,0
60300,0,0
60400,0,0
60500,0,0
60600,0,0
60700,0,0
60800,0,0
60900,0,0
61000,0,0
61100,0,0
61200,0,0
61300,0,0
61400,0,0
61500,0,0
61600,0,0
61700,0,0
61800,0,0
61900,0,0
62000,0,0
62100,0,0
62200,0,0
62300,0,0
62400,0,0
62500,0,0
62600,0,0
62700,0,0
62800,0,0
62900,0,0
63000,0,0
63100,0,0
63200,0,0
63300,0,0
63400,0,0
63500,0,0
63600,0,0
63700,0,0
63800,0,0
63900,0,0
64000,0,0
64100,0,0
64200,0,0
64300,0,0
64400,0,0
64500,0,0
64600,0,0
64700,0,0
64800,0,0
64900,0,0
65000,0,0
65100,0,0
65200,0,0
65300,0,0
65400,0,0
65500,0,0
65600,0,0
65700,0,0
65800,0,0
65900,0,0
66000,0,0
66100,0,0
66200,0,0
66300,0,0
66400,0,0
66500,0,0
66600,0,0
66700,0,0
66800,0,0
66900,0,0
67000,0,0
67100,0,0
67200,0,0
67300,0,0
67400,0,0
67500,0,0
67600,0,0
67700,0,0
67800,0,0
67900,0,0
68000,0,0
68100,0,0
68200,0,0
68300,0,0
68400,0,0
68500,0,0
68600,0,0
68700,0,0
68800,0,0
68900,0,0
69000,0,0
69100,0,0
69200,0,0
69300,0,0
69400,0,0
69500,0,0
69600,0,0
69700,0,0
69800,0,0
69900,0,0
70000,0,0
70100,0,0
70200,0,0
70300,0,0
70400,0,0
70500,0,0
70600,0,0
70700,0,0
70800,0,0
70900,0,0
71000,0,0
71100,0,0
71200,0,0
71300,0,0
71400,0,0
71500,0,0
71600,0,0
71700,0,0
71800,0,0
71900,0,0
72000,0,0
72100,0,0
72200,0,0
72300,0,0
72400,0,0
72500,0,0
72600,0,0
72700,0,0
72800,0,0
72900,0,0
73000,0,0
73100,0,0
73200,0,0
73300,0,0
73400,0,0
73500,0,0
73600,0,0
73700,0,0
73800,0,0
73900,0,0
74000,0,0
74100,0,0
74200,0,0
74300,0,0
74400,0,0
74500,0,0
74600,0,0
74700,0,0
74800,0,0
74900,0,0
75000,0,0
75100,0,0
75200,0,0
75300,0,0
75400,0,0
75500,0,0
75600,0,0
75700,0,0
75800,0,0
75900,0,0
76000,0,0
76100,0,0
76200,0,0
76300,0,0
76400,0,0
76500,0,0
76600,0,0
76700,0,0
76800,0,0
76900,0,0
77000,0,0
77100,0,0
77200,0,0
77300,0,0
77400,0,0
77500,0,0
77600,0,0
77700,0,0
77800,0,0
77900,0,0
78000,0,0
78100,0,0
78200,0,0
78300,0,0
78400,0,0
78500,0,0
78600,0,0
78700,0,0
78800,0,0
78900,0,0
79000,0,0
79100,0,0
79200,0,0
79300,0,0
79400,0,0
79500,0,0
79600,0,0
79700,0,0
79800,0,0
79900,0,0
80000,0,0
80100,0,0
80200,0,0
80300,0,0
80400,0,0
80500,0,0
80600,0,0
80700,0,0
80800,0,0
80900,0,0
81000,0,0
81100,0,0
81200,0,0
81300,0,0
81400,0,0
81500,0,0
81600,0,0
81700,0,0
81800,0,0
81900,0,0
82000,0,0
82100,0,0
82200,0,0
82300,0,0
82400,0,0
82500,0,0
82600,0,0
82700,0,0
82800,0,0
82900,0,0
83000,0,0
83100,0,0
83200,0,0
83300,0,0
83400,0,0
83500,0,0
83600,0,0
83700,0,0
83800,0,0
83900,0,0
84000,0,0
84100,0,0
84200,0,0
84300,0,0
84400,0,0
84500,0,0
84600,0,0
84700,0,0
84800,0,0
84900,0,0
85000,0,0
85100,0,0
85200,0,0
85300,0,0
85400,0,0
85500,0,0
85600,0,0
85700,0,0
85800,0,0
85900,0,0
86000,0,0
86100,0,0
86200,0,0
86300,0,0
86400,0,0
86500,0,0
86600,0,0
86700,0,0
86800,0,0
86900,0,0
87000,0,0
87100,0,0
87200,0,0
87300,0,0
87400,0,0
87500,0,0
87600,0,0
87700,0,0
87800,0,0
87900,0,0
88000,0,0
88100,0,0
88200,0,0
88300,0,0
88400,0,0
88500,0,0
88600,0,0
88700,0,0
88800,0,0
88900,0,0
89000,0,0
89100,0,0
89200,0,0
89300,0,0
89400,0,0
89500,0,0
89600,0,0
89700,0,0
89800,0,0
89900,0,0
90000,0,0
90100,0,0
90200,0,0
90300,0,0
90400,0,0
90500,0,0
90600,0,0
90700,0,0
90800,0,0
90900,0,0
91000,0,0
91100,0,0
91200,0,0
91300,0,0
91400,0,0
91500,0,0
91600,0,0
91700,0,0
91800,0,0
91900,0,0
92000,0,0
92100,0,0
92200,0,0
92300,0,0
92400,0,0
92500,0,0
92600,0,0
92700,0,0
92800,0,0
92900,0,0
93000,0,0
93100,0,0
93200,0,0
93300,0,0
93400,0,0
93500,0,0
93600,0,0
93700,0,0
93800,0,0
93900,0,0
94000,0,0
94100,0,0
94200,0,0
94300,0,0
94400,0,0
94500,0,0
94600,0,0
94700,0,0
94800,0,0
94900,0,0
95000,0,0
95100,0,0
95200,0,0
95300,0,0
95400,0,0
95500,0,0
95600,0,0
95700,0,0
95800,0,0
95900,0,0
96000,0,0
96100,0,0
96200,0,0
96300,0,0
96400,0,0
96500,0,0
96600,0,0
96700,0,0
96800,0,0
96900,0,0
97000,0,0
97100,0,0
97200,0,0
97300,0,0
97400,0,0
97500,0,0
97600,0,0
97700,0,0
97800,0,0
97900,0,0
98000,0,0
98100,0,0
98200,0,0
98300,0,0
98400,0,0
98500,0,0
98600,0,0
98700,0,0
98800,0,0
98900,0,0
99000,0,0
99100,0,0
99200,0,0
99300,0,0
99400,0,0
99500,0,0
99600,0,0
99700,0,0
99800,0,0
99900,0,0
