0,0.499999,0.500011
100,0.496861,0.500668
200,0.485945,0.500873
300,0.496252,0.501417
400,0.489772,0.501343
500,0.496159,0.501268
600,0.485259,0.501337
700,0.499265,0.5016
800,0.495394,0.501164
900,0.494471,0.501613
1000,0.490381,0.502001
1100,0.474312,0.502732
1200,0.478665,0.503002
1300,0.478567,0.503762
1400,0.478019,0.504562
1500,0.485265,0.504904
1600,0.498355,0.50561
1700,0.489292,0.504776
1800,0.497192,0.505434
1900,0.49352,0.505571
2000,0.492912,0.505384
2100,0.496281,0.504917
2200,0.489766,0.503538
2300,0.486719,0.502989
2400,0.489942,0.502794
2500,0.480947,0.503771
2600,0.486407,0.50318
2700,0.465725,0.502834
2800,0.481671,0.50176
2900,0.482367,0.500161
3000,0.490169,0.498484
3100,0.497362,0.49717
3200,0.493069,0.495338
3300,0.486474,0.493754
3400,0.487265,0.492274
3500,0.493991,0.491002
3600,0.48468,0.489801
3700,0.480847,0.488238
3800,0.481419,0.486747
3900,0.494466,0.485779
4000,0.49437,0.484644
4100,0.48258,0.483527
4200,0.487933,0.48284
4300,0.492741,0.482008
4400,0.492129,0.48181
4500,0.492112,0.481114
4600,0.488444,0.480636
4700,0.491935,0.480142
4800,0.487908,0.480122
4900,0.496356,0.479609
5000,0.488518,0.479165
5100,0.494407,0.479681
5200,0.481673,0.480549
5300,0.482266,0.480952
5400,0.488184,0.481754
5500,0.495654,0.481948
5600,0.483493,0.481699
5700,0.498952,0.482063
5800,0.487748,0.482361
5900,0.491243,0.482477
6000,0.487953,0.482494
6100,0.489466,0.482774
6200,0.490092,0.482603
6300,0.486421,0.483191
6400,0.491892,0.484371
6500,0.497333,0.484226
6600,0.489538,0.484278
6700,0.49291,0.484258
6800,0.492979,0.484532
6900,0.484961,0.48465
7000,0.478742,0.483991
7100,0.497895,0.482331
7200,0.48817,0.48206
7300,0.489709,0.48136
7400,0.485002,0.481619
7500,0.477733,0.481358
7600,0.49006,0.480871
7700,0.490309,0.47992
7800,0.498191,0.478823
7900,0.486724,0.478125
8000,0.492306,0.477112
8100,0.487146,0.476182
8200,0.473767,0.473924
8300,0.478482,0.472029
8400,0.486358,0.469483
8500,0.485175,0.466492
8600,0.482303,0.46449
8700,0.478427,0.46183
8800,0.469298,0.459805
8900,0.487892,0.457814
9000,0.487072,0.456263
9100,0.491158,0.454632
9200,0.480301,0.452368
9300,0.487142,0.450462
9400,0.476553,0.448739
9500,0.482888,0.447369
9600,0.489562,0.446112
9700,0.487254,0.44414
9800,0.489008,0.44284
9900,0.487178,0.441151
10000,0.485983,0.440224
10100,0.487158,0.438814
10200,0.480106,0.437745
10300,0.485516,0.436764
10400,0.478544,0.435905
10500,0.487425,0.435657
10600,0.484099,0.435055
10700,0.476171,0.435525
10800,0.484979,0.435101
10900,0.480901,0.435194
11000,0.486451,0.436073
11100,0.480625,0.436199
11200,0.476834,0.436203
11300,0.477181,0.436327
11400,0.476357,0.437194
11500,0.488998,0.438387
11600,0.486793,0.43869
11700,0.468931,0.439321
11800,0.468585,0.439885
11900,0.469025,0.440267
12000,0.472978,0.440848
12100,0.48128,0.441673
12200,0.486761,0.442516
12300,0.492762,0.443157
12400,0.481692,0.443947
12500,0.471624,0.44423
12600,0.485878,0.444436
12700,0.491451,0.44533
12800,0.478315,0.444759
12900,0.481795,0.4446
13000,0.47376,0.44333
13100,0.465259,0.441466
13200,0.483076,0.440116
13300,0.484521,0.438824
13400,0.469633,0.43687
13500,0.463831,0.43578
13600,0.470672,0.434024
13700,0.461297,0.432546
13800,0.462863,0.431085
13900,0.488779,0.429686
14000,0.472544,0.427879
14100,0.485006,0.426524
14200,0.468841,0.425019
14300,0.469327,0.423475
14400,0.46964,0.421792
14500,0.48194,0.42013
14600,0.479457,0.419384
14700,0.475846,0.418004
14800,0.478546,0.417756
14900,0.479016,0.417902
15000,0.476482,0.417736
15100,0.473316,0.417693
15200,0.478155,0.417785
15300,0.473454,0.417605
15400,0.483207,0.417355
15500,0.461438,0.417199
15600,0.473683,0.416461
15700,0.462776,0.416297
15800,0.469666,0.416121
15900,0.467541,0.416179
16000,0.468185,0.416472
16100,0.479616,0.417585
16200,0.477221,0.417072
16300,0.472482,0.417605
16400,0.465765,0.417
16500,0.468514,0.417264
16600,0.467259,0.416889
16700,0.467173,0.417201
16800,0.460951,0.417009
16900,0.476078,0.416809
17000,0.477603,0.416826
17100,0.476813,0.416752
17200,0.480845,0.416984
17300,0.486088,0.417584
17400,0.478243,0.418141
17500,0.470622,0.418674
17600,0.47197,0.419342
17700,0.480288,0.420655
17800,0.476619,0.421666
17900,0.483062,0.422222
18000,0.475722,0.422888
18100,0.474068,0.423662
18200,0.481346,0.424356
18300,0.470387,0.425173
18400,0.486617,0.426853
18500,0.480209,0.427604
18600,0.485097,0.428319
18700,0.481906,0.429159
18800,0.479371,0.430508
18900,0.476137,0.431994
19000,0.482694,0.432981
19100,0.481335,0.43386
19200,0.485973,0.434831
19300,0.475322,0.43681
19400,0.488138,0.437087
19500,0.486,0.438579
19600,0.490278,0.439897
19700,0.483778,0.441734
19800,0.487782,0.443352
19900,0.478624,0.444776
20000,0.485485,0.445582
20100,0.481806,0.446066
20200,0.487382,0.447158
20300,0.490756,0.447897
20400,0.484279,0.449025
20500,0.478139,0.449394
20600,0.489155,0.449866
20700,0.490321,0.44949
20800,0.484614,0.45037
20900,0.48712,0.45091
21000,0.486459,0.450996
21100,0.488883,0.451452
21200,0.487107,0.451047
21300,0.484847,0.451217
21400,0.48654,0.450427
21500,0.480933,0.450515
21600,0.473404,0.450197
21700,0.471815,0.449645
21800,0.474801,0.449113
21900,0.48258,0.448727
22000,0.485387,0.448758
22100,0.471035,0.448728
22200,0.490452,0.449064
22300,0.480271,0.449612
22400,0.490455,0.449794
22500,0.487264,0.450007
22600,0.490549,0.449667
22700,0.486451,0.450349
22800,0.475616,0.450929
22900,0.48646,0.451452
23000,0.48764,0.452201
23100,0.475745,0.453222
23200,0.485824,0.453927
23300,0.489662,0.454548
23400,0.486318,0.454354
23500,0.481847,0.45451
23600,0.492548,0.454362
23700,0.480986,0.45403
23800,0.492448,0.454704
23900,0.489684,0.454721
24000,0.491188,0.454816
24100,0.488784,0.455656
24200,0.475994,0.456746
24300,0.488402,0.456907
24400,0.477977,0.457188
24500,0.489082,0.458294
24600,0.484027,0.458795
24700,0.492436,0.459485
24800,0.495022,0.461501
24900,0.4892,0.463012
25000,0.491442,0.464636
25100,0.492339,0.465874
25200,0.492458,0.467306
25300,0.489884,0.46856
25400,0.482615,0.47033
25500,0.485667,0.472673
25600,0.484926,0.474302
25700,0.488895,0.475663
25800,0.47538,0.477102
25900,0.484964,0.478523
26000,0.496101,0.479707
26100,0.495626,0.480286
26200,0.485259,0.481419
26300,0.491114,0.481373
26400,0.489503,0.481403
26500,0.485336,0.481283
26600,0.489798,0.481123
26700,0.491668,0.480405
26800,0.493907,0.480808
26900,0.494886,0.480377
27000,0.49321,0.480809
27100,0.489526,0.481262
27200,0.489488,0.481921
27300,0.489498,0.482902
27400,0.492201,0.483736
27500,0.477097,0.484214
27600,0.483793,0.485193
27700,0.49654,0.48588
27800,0.488533,0.4864
27900,0.49495,0.486766
28000,0.482184,0.48817
28100,0.485975,0.489608
28200,0.495014,0.490624
28300,0.47882,0.49196
28400,0.483921,0.492695
28500,0.487581,0.493395
28600,0.497014,0.494896
28700,0.49059,0.495327
28800,0.498366,0.49561
28900,0.492294,0.495119
29000,0.491439,0.494464
29100,0.482279,0.493951
29200,0.493613,0.49254
29300,0.484319,0.492432
29400,0.495823,0.491387
29500,0.485153,0.48989
29600,0.491175,0.488627
29700,0.490376,0.487447
29800,0.481105,0.485873
29900,0.486992,0.484535
30000,0.490207,0.48274
30100,0.495103,0.481381
30200,0.492793,0.480447
30300,0.46709,0.479382
30400,0.480819,0.479034
30500,0.479728,0.477856
30600,0.488867,0.476904
30700,0.490205,0.475539
30800,0.484399,0.474751
30900,0.478533,0.473949
31000,0.492346,0.473028
31100,0.481147,0.472038
31200,0.485766,0.471539
31300,0.491514,0.471614
31400,0.483268,0.470881
31500,0.481761,0.471337
31600,0.477507,0.471341
31700,0.464862,0.471027
31800,0.476006,0.471037
31900,0.477875,0.470081
32000,0.492664,0.468979
32100,0.489975,0.468369
32200,0.492558,0.468371
32300,0.49106,0.46781
32400,0.49331,0.468359
32500,0.488087,0.468944
32600,0.488512,0.469356
32700,0.489723,0.469727
32800,0.495021,0.470604
32900,0.47552,0.470784
33000,0.484544,0.471045
33100,0.472933,0.470834
33200,0.488369,0.470908
33300,0.490479,0.47143
33400,0.48481,0.471767
33500,0.489417,0.47138
33600,0.497045,0.470599
33700,0.481589,0.469762
33800,0.495086,0.468399
33900,0.485028,0.467859
34000,0.492798,0.467829
34100,0.486635,0.466579
34200,0.480379,0.464561
34300,0.475577,0.46307
34400,0.478012,0.46122
34500,0.473756,0.459788
34600,0.469115,0.457562
34700,0.473297,0.455748
34800,0.489525,0.454337
34900,0.491123,0.452528
35000,0.484538,0.450708
35100,0.484244,0.449849
35200,0.488005,0.448662
35300,0.486791,0.447588
35400,0.461857,0.446417
35500,0.469113,0.445826
35600,0.458349,0.444294
35700,0.467638,0.443027
35800,0.480148,0.441269
35900,0.482655,0.440304
36000,0.487285,0.438809
36100,0.484751,0.437597
36200,0.480841,0.436528
36300,0.470371,0.435092
36400,0.485604,0.433729
36500,0.474294,0.432965
36600,0.472313,0.432744
36700,0.490333,0.432778
36800,0.484234,0.432942
36900,0.486654,0.432588
37000,0.478359,0.432912
37100,0.475147,0.432928
37200,0.470141,0.433673
37300,0.465569,0.433952
37400,0.47429,0.43488
37500,0.476961,0.434759
37600,0.483876,0.434642
37700,0.487486,0.43488
37800,0.486671,0.435705
37900,0.485799,0.436949
38000,0.490123,0.437523
38100,0.474334,0.438826
38200,0.47458,0.440293
38300,0.481599,0.442146
38400,0.49389,0.443422
38500,0.47676,0.445538
38600,0.469546,0.447299
38700,0.482524,0.449172
38800,0.49126,0.450746
38900,0.483455,0.452499
39000,0.486696,0.453828
39100,0.489608,0.455274
39200,0.483404,0.457037
39300,0.473245,0.458614
39400,0.492067,0.459841
39500,0.478695,0.462709
39600,0.475975,0.465183
39700,0.463717,0.467074
39800,0.462076,0.468355
39900,0.475121,0.468873
40000,0.484922,0.469673
40100,0.480588,0.469424
40200,0.473573,0.468971
40300,0.477638,0.468525
40400,0.4837,0.467459
40500,0.488861,0.465556
40600,0.494384,0.464443
40700,0.491074,0.463605
40800,0.487218,0.462869
40900,0.492432,0.462045
41000,0.483939,0.461302
41100,0.484919,0.461145
41200,0.484519,0.461319
41300,0.486404,0.460553
41400,0.488611,0.459518
41500,0.479969,0.457652
41600,0.484352,0.456012
41700,0.475721,0.454161
41800,0.488916,0.453093
41900,0.48564,0.451818
42000,0.490092,0.451254
42100,0.491557,0.450068
42200,0.477705,0.449007
42300,0.477325,0.447466
42400,0.479581,0.445582
42500,0.483871,0.444896
42600,0.477216,0.443871
42700,0.468614,0.442837
42800,0.483271,0.442
42900,0.483328,0.440286
43000,0.4829,0.438521
43100,0.491417,0.437607
43200,0.480267,0.436275
43300,0.467455,0.435207
43400,0.482223,0.433345
43500,0.485676,0.431792
43600,0.484774,0.431373
43700,0.473359,0.430597
43800,0.479369,0.428934
43900,0.47145,0.428263
44000,0.46201,0.427367
44100,0.484619,0.426621
44200,0.486088,0.426873
44300,0.4784,0.426177
44400,0.481398,0.425673
44500,0.482283,0.424374
44600,0.475998,0.42355
44700,0.46776,0.422475
44800,0.467583,0.421852
44900,0.483235,0.420628
45000,0.470464,0.418852
45100,0.46819,0.418548
45200,0.479899,0.41784
45300,0.475245,0.417245
45400,0.469473,0.416754
45500,0.473906,0.415058
45600,0.476689,0.413855
45700,0.476264,0.412565
45800,0.471529,0.412345
45900,0.478382,0.4115
46000,0.475764,0.410232
46100,0.479837,0.410454
46200,0.476387,0.409839
46300,0.475733,0.409664
46400,0.48108,0.409768
46500,0.479564,0.409594
46600,0.464521,0.410188
46700,0.475264,0.409379
46800,0.470104,0.408344
46900,0.461345,0.407402
47000,0.465596,0.406669
47100,0.474419,0.405544
47200,0.467939,0.405472
47300,0.468996,0.404463
47400,0.458145,0.403696
47500,0.454606,0.403093
47600,0.45706,0.402508
47700,0.459645,0.401724
47800,0.471427,0.401723
47900,0.472018,0.400839
48000,0.473251,0.400616
48100,0.475804,0.400543
48200,0.467976,0.401148
48300,0.465641,0.400666
48400,0.468386,0.400067
48500,0.463104,0.399602
48600,0.468398,0.399379
48700,0.477822,0.400049
48800,0.471171,0.400269
48900,0.476743,0.399525
49000,0.471092,0.399
49100,0.474021,0.398083
49200,0.459187,0.398238
49300,0.469858,0.397217
49400,0.46005,0.39602
49500,0.455083,0.395016
49600,0.459765,0.394057
49700,0.464084,0.392786
49800,0.469946,0.391209
49900,0.472557,0.389003
50000,0.455204,0.386995
50100,0.461584,0.385383
50200,0.462851,0.383448
50300,0.456228,0.381684
50400,0.46507,0.379708
50500,0.466633,0.377422
50600,0.463225,0.375028
50700,0.461921,0.373645
50800,0.466658,0.371504
50900,0.454223,0.370202
51000,0.455129,0.369591
51100,0.466395,0.368223
51200,0.4597,0.367372
51300,0.465972,0.367149
51400,0.462429,0.366266
51500,0.463237,0.365349
51600,0.447508,0.365375
51700,0.453842,0.365393
51800,0.45722,0.365198
51900,0.459081,0.366002
52000,0.437177,0.366574
52100,0.454844,0.366999
52200,0.445799,0.367613
52300,0.453502,0.368404
52400,0.459968,0.369582
52500,0.460824,0.370049
52600,0.452076,0.369543
52700,0.458018,0.369941
52800,0.456999,0.370051
52900,0.451871,0.370695
53000,0.453021,0.371438
53100,0.460841,0.371403
53200,0.453583,0.372005
53300,0.459034,0.373003
53400,0.46338,0.373498
53500,0.455979,0.373728
53600,0.466855,0.374289
53700,0.461204,0.375048
53800,0.458197,0.375047
53900,0.463996,0.376326
54000,0.457728,0.377211
54100,0.451672,0.377966
54200,0.447347,0.378888
54300,0.444315,0.379563
54400,0.441483,0.381003
54500,0.451001,0.382819
54600,0.448463,0.385016
54700,0.451774,0.386245
54800,0.448317,0.387474
54900,0.445403,0.389918
55000,0.463309,0.391283
55100,0.460775,0.392723
55200,0.45936,0.393103
55300,0.469675,0.394788
55400,0.470825,0.39621
55500,0.471865,0.3974
55600,0.476007,0.398422
55700,0.473161,0.399361
55800,0.46857,0.399751
55900,0.469143,0.400428
56000,0.47934,0.402216
56100,0.458305,0.402954
56200,0.471945,0.403625
56300,0.47524,0.403716
56400,0.476092,0.403873
56500,0.462283,0.40328
56600,0.465689,0.40322
56700,0.476569,0.402925
56800,0.475455,0.402548
56900,0.461935,0.401751
57000,0.477743,0.401717
57100,0.455253,0.402036
57200,0.456963,0.402017
57300,0.464184,0.402352
57400,0.478145,0.402779
57500,0.463924,0.402981
57600,0.479419,0.403907
57700,0.460553,0.404642
57800,0.467587,0.405462
57900,0.463643,0.406991
58000,0.476991,0.408244
58100,0.480944,0.409066
58200,0.479639,0.410472
58300,0.462825,0.412672
58400,0.469976,0.414678
58500,0.47619,0.416981
58600,0.478162,0.419552
58700,0.471323,0.421882
58800,0.475393,0.423941
58900,0.471912,0.42643
59000,0.47049,0.428665
59100,0.471153,0.431309
59200,0.460855,0.434014
59300,0.461602,0.436293
59400,0.470229,0.438134
59500,0.470207,0.439197
59600,0.464427,0.440497
59700,0.466241,0.44104
59800,0.480828,0.441199
59900,0.480885,0.440717
60000,0.475766,0.440138
60100,0.488662,0.439566
60200,0.483703,0.43921
60300,0.487637,0.438614
60400,0.474787,0.437549
60500,0.483714,0.436623
60600,0.479235,0.435713
60700,0.479727,0.434887
60800,0.479951,0.433862
60900,0.477657,0.432617
61000,0.479309,0.431176
61100,0.483103,0.429471
61200,0.483352,0.427893
61300,0.483209,0.426663
61400,0.481511,0.425659
61500,0.472747,0.424137
61600,0.468865,0.42317
61700,0.473315,0.423334
61800,0.468393,0.422063
61900,0.477632,0.42108
62000,0.467655,0.420117
62100,0.481522,0.419822
62200,0.475041,0.419666
62300,0.460646,0.419495
62400,0.470828,0.419182
62500,0.481005,0.418433
62600,0.478371,0.417943
62700,0.474217,0.417442
62800,0.471603,0.415938
62900,0.478686,0.41534
63000,0.480311,0.414569
63100,0.476028,0.413464
63200,0.466639,0.413526
63300,0.468194,0.413177
63400,0.457143,0.410831
63500,0.468823,0.409652
63600,0.467249,0.408173
63700,0.476417,0.405872
63800,0.48077,0.403927
63900,0.472102,0.402054
64000,0.469365,0.399934
64100,0.452163,0.397964
64200,0.445213,0.3971
64300,0.462062,0.395038
64400,0.455411,0.393708
64500,0.451062,0.391897
64600,0.449171,0.39089
64700,0.447288,0.3905
64800,0.442161,0.38993
64900,0.458169,0.389158
65000,0.471862,0.387367
65100,0.465421,0.385801
65200,0.461625,0.385341
65300,0.466726,0.384916
65400,0.450781,0.383785
65500,0.469272,0.382432
65600,0.459132,0.382795
65700,0.463989,0.382644
65800,0.461986,0.381964
65900,0.470156,0.382194
66000,0.44731,0.381279
66100,0.44119,0.380216
66200,0.436592,0.380031
66300,0.447498,0.379995
66400,0.458274,0.379494
66500,0.462367,0.378369
66600,0.457987,0.377083
66700,0.458072,0.375106
66800,0.444606,0.374384
66900,0.463881,0.373587
67000,0.448721,0.373292
67100,0.464944,0.372964
67200,0.456889,0.371707
67300,0.455972,0.371227
67400,0.447498,0.370749
67500,0.460211,0.370944
67600,0.461613,0.370296
67700,0.450327,0.370143
67800,0.458438,0.369641
67900,0.454872,0.369084
68000,0.458212,0.368606
68100,0.461202,0.368369
68200,0.456433,0.368612
68300,0.459561,0.369402
68400,0.456072,0.369064
68500,0.45445,0.368752
68600,0.463972,0.36867
68700,0.466405,0.368743
68800,0.456449,0.369027
68900,0.460144,0.369318
69000,0.44147,0.370078
69100,0.461387,0.370314
69200,0.460822,0.370857
69300,0.460307,0.370934
69400,0.457493,0.372048
69500,0.453837,0.371418
69600,0.459896,0.371617
69700,0.453633,0.371296
69800,0.443239,0.370814
69900,0.452319,0.371029
70000,0.444375,0.370628
70100,0.453206,0.370465
70200,0.45277,0.370534
70300,0.462978,0.37008
70400,0.452432,0.369496
70500,0.46193,0.369517
70600,0.463374,0.369923
70700,0.456531,0.370507
70800,0.45442,0.37136
70900,0.445436,0.372
71000,0.44869,0.37248
71100,0.445428,0.373152
71200,0.439466,0.373522
71300,0.442537,0.373775
71400,0.44872,0.374042
71500,0.453858,0.374957
71600,0.444542,0.375762
71700,0.44047,0.376099
71800,0.445444,0.37618
71900,0.447645,0.377263
72000,0.455835,0.377281
72100,0.464455,0.377643
72200,0.468224,0.377841
72300,0.456095,0.377276
72400,0.461358,0.377453
72500,0.468603,0.376797
72600,0.461025,0.376046
72700,0.465671,0.375132
72800,0.463809,0.374139
72900,0.463262,0.372749
73000,0.453085,0.371953
73100,0.457865,0.370789
73200,0.465688,0.370461
73300,0.452087,0.370189
73400,0.445804,0.370249
73500,0.445395,0.370675
73600,0.457556,0.371653
73700,0.453752,0.371369
73800,0.453812,0.371454
73900,0.462627,0.37149
74000,0.46369,0.372211
74100,0.459488,0.372329
74200,0.458556,0.373294
74300,0.459884,0.373797
74400,0.467423,0.374511
74500,0.46167,0.375577
74600,0.455433,0.37739
74700,0.459272,0.378589
74800,0.447961,0.379513
74900,0.44046,0.380369
75000,0.446601,0.380776
75100,0.455219,0.38109
75200,0.451822,0.381297
75300,0.457441,0.381773
75400,0.462554,0.381587
75500,0.465861,0.381156
75600,0.448556,0.379531
75700,0.468625,0.378683
75800,0.459218,0.377284
75900,0.457834,0.376975
76000,0.45886,0.376544
76100,0.456017,0.375521
76200,0.461753,0.375117
76300,0.457951,0.373608
76400,0.454504,0.372265
76500,0.441294,0.370898
76600,0.445503,0.369475
76700,0.437077,0.368922
76800,0.440292,0.36706
76900,0.428382,0.365243
77000,0.446624,0.364021
77100,0.449833,0.363696
77200,0.45522,0.362858
77300,0.442627,0.362769
77400,0.438107,0.362775
77500,0.4502,0.362829
77600,0.454457,0.362317
77700,0.441203,0.362363
77800,0.444115,0.362041
77900,0.440832,0.360905
78000,0.450078,0.360068
78100,0.441678,0.359437
78200,0.453463,0.358237
78300,0.458952,0.358165
78400,0.44081,0.357212
78500,0.449145,0.356457
78600,0.440709,0.35597
78700,0.441287,0.355603
78800,0.448779,0.35538
78900,0.44679,0.35552
79000,0.455793,0.35571
79100,0.449794,0.35526
79200,0.455899,0.35467
79300,0.445021,0.353672
79400,0.446367,0.352947
79500,0.459177,0.352848
79600,0.450851,0.351767
79700,0.452578,0.351419
79800,0.453745,0.351067
79900,0.432439,0.351284
80000,0.424447,0.350785
80100,0.419329,0.350548
80200,0.414749,0.350501
80300,0.436783,0.351197
80400,0.425039,0.35114
80500,0.424855,0.351032
80600,0.437426,0.352097
80700,0.443909,0.352803
80800,0.446425,0.353913
80900,0.443744,0.35358
81000,0.437841,0.353393
81100,0.446241,0.354661
81200,0.453832,0.355183
81300,0.458218,0.355506
81400,0.455478,0.356243
81500,0.451948,0.357574
81600,0.457408,0.358568
81700,0.442455,0.35971
81800,0.445811,0.359706
81900,0.453636,0.359138
82000,0.445915,0.358817
82100,0.442797,0.358361
82200,0.429146,0.358133
82300,0.448811,0.357783
82400,0.442343,0.356918
82500,0.450423,0.355725
82600,0.44826,0.354499
82700,0.44325,0.352745
82800,0.448431,0.351348
82900,0.440117,0.349745
83000,0.442096,0.347918
83100,0.444771,0.346543
83200,0.448926,0.344634
83300,0.442049,0.343818
83400,0.443327,0.343468
83500,0.44448,0.342658
83600,0.450605,0.341925
83700,0.444705,0.341286
83800,0.443109,0.340758
83900,0.430507,0.341298
84000,0.426702,0.342013
84100,0.412352,0.342119
84200,0.418494,0.342253
84300,0.42495,0.343278
84400,0.42555,0.344647
84500,0.415995,0.345533
84600,0.420651,0.346676
84700,0.443971,0.347674
84800,0.431062,0.348777
84900,0.442071,0.349242
85000,0.454694,0.350021
85100,0.446311,0.350662
85200,0.45178,0.350964
85300,0.434546,0.351703
85400,0.452753,0.352685
85500,0.447916,0.353273
85600,0.451071,0.354578
85700,0.45803,0.35538
85800,0.449491,0.356744
85900,0.448093,0.357926
86000,0.456868,0.358957
86100,0.448398,0.360278
86200,0.445108,0.361691
86300,0.445551,0.362727
86400,0.454666,0.363859
86500,0.45755,0.36488
86600,0.444903,0.36503
86700,0.438663,0.366446
86800,0.424855,0.367174
86900,0.432656,0.3683
87000,0.43235,0.36938
87100,0.440712,0.369987
87200,0.451433,0.370633
87300,0.46022,0.370507
87400,0.451212,0.370215
87500,0.450606,0.369741
87600,0.452161,0.369127
87700,0.45408,0.367449
87800,0.446252,0.366656
87900,0.460002,0.365172
88000,0.458727,0.364293
88100,0.45741,0.36317
88200,0.45559,0.362443
88300,0.446968,0.361414
88400,0.448671,0.360475
88500,0.460724,0.35991
88600,0.456831,0.358288
88700,0.433919,0.356526
88800,0.449016,0.355301
88900,0.426034,0.354374
89000,0.437803,0.353692
89100,0.433894,0.35308
89200,0.450076,0.352277
89300,0.443211,0.351004
89400,0.429664,0.349629
89500,0.443603,0.349535
89600,0.433232,0.34734
89700,0.436789,0.347088
89800,0.430028,0.346383
89900,0.42348,0.345362
90000,0.430969,0.34463
90100,0.428236,0.343175
90200,0.429076,0.341579
90300,0.42895,0.340269
90400,0.439157,0.339228
90500,0.443442,0.338124
90600,0.428542,0.336908
90700,0.421135,0.335178
90800,0.409386,0.33427
90900,0.426575,0.333714
91000,0.413712,0.333188
91100,0.413614,0.331868
91200,0.42217,0.330471
91300,0.410997,0.328062
91400,0.419159,0.32553
91500,0.421219,0.323862
91600,0.419317,0.321985
91700,0.423557,0.320061
91800,0.415526,0.317023
91900,0.401239,0.314567
92000,0.415944,0.313146
92100,0.413799,0.311049
92200,0.407883,0.308638
92300,0.414782,0.307057
92400,0.420332,0.305204
92500,0.413521,0.303854
92600,0.420862,0.302629
92700,0.400241,0.301271
92800,0.392967,0.300047
92900,0.413533,0.298474
93000,0.407981,0.296996
93100,0.40715,0.296781
93200,0.418587,0.296987
93300,0.419193,0.297113
93400,0.411577,0.296074
93500,0.410303,0.295393
93600,0.409605,0.294232
93700,0.411789,0.293837
93800,0.401556,0.293277
93900,0.39807,0.293091
94000,0.398486,0.292843
94100,0.41705,0.293324
94200,0.410611,0.292796
94300,0.411474,0.293451
94400,0.418182,0.29357
94500,0.412728,0.294396
94600,0.415716,0.2952
94700,0.407897,0.296087
94800,0.416488,0.296815
94900,0.411736,0.297553
95000,0.393796,0.298868
95100,0.41311,0.299694
95200,0.41109,0.300598
95300,0.414987,0.300493
95400,0.399437,0.301235
95500,0.402108,0.301317
95600,0.415072,0.301361
95700,0.412192,0.302159
95800,0.417087,0.302779
95900,0.41051,0.303297
96000,0.417239,0.304038
96100,0.413292,0.304067
96200,0.417856,0.304078
96300,0.417876,0.304142
96400,0.416521,0.304503
96500,0.409094,0.303666
96600,0.405226,0.303272
96700,0.408876,0.302483
96800,0.403422,0.301938
96900,0.418184,0.301605
97000,0.409863,0.301473
97100,0.40604,0.300291
97200,0.419687,0.299254
97300,0.414851,0.29851
97400,0.409292,0.299087
97500,0.410198,0.299206
97600,0.407246,0.299632
97700,0.419189,0.299645
97800,0.415229,0.299958
97900,0.410841,0.300177
98000,0.407403,0.300819
98100,0.419637,0.301134
98200,0.414231,0.301596
98300,0.410479,0.301879
98400,0.416622,0.302248
98500,0.421275,0.30281
98600,0.418286,0.303775
98700,0.422351,0.304962
98800,0.41059,0.305633
98900,0.423788,0.307143
99000,0.423187,0.308877
99100,0.420054,0.309921
99200,0.414203,0.311368
99300,0.430838,0.312215
99400,0.424886,0.3129
99500,0.427248,0.313721
99600,0.43086,0.315008
99700,0.42625,0.315504
99800,0.429199,0.31697
99900,0.412844,0.317236
