0,0.499922,0.500242
10,0.499237,0.500728
20,0.49793,0.50096
30,0.499661,0.4992
40,0.494868,0.498258
50,0.496003,0.496805
60,0.496296,0.49717
70,0.49488,0.497011
80,0.489608,0.496347
90,0.485673,0.495559
100,0.483776,0.49773
110,0.494975,0.49497
120,0.489951,0.495465
130,0.486896,0.497113
140,0.494869,0.498318
150,0.49549,0.499893
160,0.490725,0.498087
170,0.491829,0.495874
180,0.491765,0.495074
190,0.498842,0.492236
200,0.496604,0.491795
210,0.492681,0.492314
220,0.487686,0.492586
230,0.486477,0.490555
240,0.480021,0.487975
250,0.480043,0.48879
260,0.474848,0.489388
270,0.483395,0.488194
280,0.490845,0.486729
290,0.48389,0.485632
300,0.486577,0.484683
310,0.490933,0.482284
320,0.488282,0.485116
330,0.479549,0.485249
340,0.476165,0.486454
350,0.477199,0.486018
360,0.475033,0.487661
370,0.471174,0.487881
380,0.479771,0.489796
390,0.475159,0.487074
400,0.485117,0.491014
410,0.48264,0.492648
420,0.486304,0.493889
430,0.486895,0.491908
440,0.487059,0.490412
450,0.482827,0.490786
460,0.478256,0.491892
470,0.484609,0.493203
480,0.475795,0.496869
490,0.475666,0.496616
500,0.481253,0.496825
510,0.477353,0.497917
520,0.468726,0.496806
530,0.467647,0.496842
540,0.468275,0.496733
550,0.46291,0.495397
560,0.470226,0.497997
570,0.466215,0.499602
580,0.468932,0.497879
590,0.475956,0.500682
600,0.475648,0.501416
610,0.470146,0.50363
620,0.47429,0.504657
630,0.470831,0.505334
640,0.474779,0.504499
650,0.486063,0.507697
660,0.47385,0.509246
670,0.477384,0.509571
680,0.479959,0.509061
690,0.47895,0.510181
700,0.476541,0.510595
710,0.478913,0.511045
720,0.481753,0.510553
730,0.47588,0.508908
740,0.475309,0.50954
750,0.480908,0.510774
760,0.477991,0.511434
770,0.480007,0.513277
780,0.479075,0.513194
790,0.474142,0.514562
800,0.470803,0.514938
810,0.482991,0.516211
820,0.481837,0.517465
830,0.486788,0.517273
840,0.489294,0.516434
850,0.4853,0.516326
860,0.487354,0.515554
870,0.487994,0.515087
880,0.489696,0.516159
890,0.486118,0.514655
900,0.483899,0.514252
910,0.48534,0.51467
920,0.487941,0.514925
930,0.484557,0.516515
940,0.487459,0.51719
950,0.483547,0.515163
960,0.480264,0.514902
970,0.483648,0.516002
980,0.486996,0.517323
990,0.487571,0.516209
1000,0.489013,0.518995
1010,0.488292,0.51897
1020,0.480685,0.5195
1030,0.485033,0.518872
1040,0.487671,0.519594
1050,0.483236,0.519713
1060,0.486741,0.51632
1070,0.484134,0.515521
1080,0.48042,0.516279
1090,0.484133,0.518293
1100,0.481421,0.519484
1110,0.490551,0.517361
1120,0.489424,0.517488
1130,0.491095,0.515362
1140,0.488321,0.514517
1150,0.491353,0.514324
1160,0.482408,0.514182
1170,0.477692,0.515107
1180,0.486477,0.515063
1190,0.485246,0.51549
1200,0.485239,0.516427
1210,0.486,0.514564
1220,0.480568,0.512496
1230,0.487996,0.514133
1240,0.482636,0.516118
1250,0.482092,0.514795
1260,0.483418,0.515719
1270,0.489542,0.515714
1280,0.478104,0.517352
1290,0.475812,0.516292
1300,0.485569,0.519213
1310,0.481252,0.521198
1320,0.486475,0.520535
1330,0.483056,0.52189
1340,0.472936,0.521867
1350,0.471733,0.522128
1360,0.476705,0.522865
1370,0.472996,0.521428
1380,0.46994,0.521908
1390,0.467167,0.521696
1400,0.467463,0.52257
1410,0.46885,0.522784
1420,0.481747,0.521482
1430,0.483393,0.522389
1440,0.485962,0.523371
1450,0.485027,0.52604
1460,0.470395,0.524675
1470,0.47001,0.523305
1480,0.469087,0.523546
1490,0.46164,0.526008
1500,0.464579,0.526039
1510,0.466548,0.525643
1520,0.476583,0.525343
1530,0.477454,0.527678
1540,0.480575,0.526161
1550,0.474122,0.528474
1560,0.47471,0.526828
1570,0.479956,0.526136
1580,0.473792,0.528601
1590,0.473634,0.528704
1600,0.478329,0.529811
1610,0.471623,0.53046
1620,0.470316,0.532439
1630,0.474534,0.532272
1640,0.474385,0.530835
1650,0.470315,0.532347
1660,0.475701,0.534143
1670,0.471385,0.533837
1680,0.455523,0.532639
1690,0.4575,0.533165
1700,0.451462,0.53215
1710,0.457802,0.531939
1720,0.457612,0.534002
1730,0.452754,0.533615
1740,0.451802,0.533647
1750,0.454404,0.533051
1760,0.456945,0.532692
1770,0.456791,0.532607
1780,0.454408,0.533346
1790,0.455332,0.533523
1800,0.451711,0.532951
1810,0.458108,0.534093
1820,0.45626,0.537083
1830,0.460329,0.540723
1840,0.463583,0.539755
1850,0.471085,0.53907
1860,0.465201,0.538558
1870,0.457179,0.539117
1880,0.457364,0.537388
1890,0.456948,0.538021
1900,0.457994,0.538188
1910,0.457129,0.539839
1920,0.457438,0.541457
1930,0.462809,0.540178
1940,0.457585,0.540575
1950,0.461153,0.541453
1960,0.459808,0.543623
1970,0.463332,0.544484
1980,0.464286,0.546186
1990,0.464634,0.548165
2000,0.465086,0.547775
2010,0.452221,0.544767
2020,0.458065,0.545663
2030,0.454459,0.54585
2040,0.453916,0.546795
2050,0.452455,0.549012
2060,0.462075,0.549525
2070,0.457369,0.552511
2080,0.445719,0.553989
2090,0.446141,0.557397
2100,0.441203,0.55767
2110,0.446516,0.558428
2120,0.439352,0.560941
2130,0.435053,0.565102
2140,0.437324,0.565049
2150,0.438404,0.567826
2160,0.437359,0.567613
2170,0.434731,0.569955
2180,0.433043,0.571801
2190,0.436306,0.574061
2200,0.432164,0.574998
2210,0.432265,0.57639
2220,0.433041,0.577865
2230,0.432054,0.579405
2240,0.427509,0.581716
2250,0.427401,0.580561
2260,0.423148,0.580888
2270,0.426057,0.582112
2280,0.429229,0.582967
2290,0.433692,0.583646
2300,0.429889,0.584462
2310,0.437157,0.58489
2320,0.436493,0.585461
2330,0.431153,0.586688
2340,0.430567,0.587968
2350,0.433912,0.588643
2360,0.431504,0.588126
2370,0.422313,0.588231
2380,0.424004,0.58969
2390,0.41545,0.591753
2400,0.423691,0.591194
2410,0.426582,0.591274
2420,0.423697,0.593109
2430,0.419769,0.594621
2440,0.416691,0.593737
2450,0.416682,0.595561
2460,0.415161,0.59722
2470,0.418288,0.596625
2480,0.421124,0.596227
2490,0.416439,0.599853
2500,0.417931,0.601693
2510,0.417548,0.603312
2520,0.414607,0.60496
2530,0.408468,0.606482
2540,0.414607,0.608727
2550,0.413517,0.609766
2560,0.411608,0.610197
2570,0.409416,0.610676
2580,0.408288,0.613017
2590,0.408842,0.613608
2600,0.407527,0.61607
2610,0.408187,0.617429
2620,0.410907,0.620114
2630,0.409925,0.619524
2640,0.409545,0.62091
2650,0.40427,0.622341
2660,0.402987,0.622748
2670,0.401911,0.624998
2680,0.401211,0.623158
2690,0.396746,0.625623
2700,0.39629,0.628953
2710,0.395827,0.629073
2720,0.393287,0.631712
2730,0.386662,0.63258
2740,0.383983,0.63284
2750,0.388034,0.633453
2760,0.3835,0.635442
2770,0.387565,0.634712
2780,0.382209,0.637829
2790,0.378428,0.638676
2800,0.376515,0.638596
2810,0.373329,0.638186
2820,0.36459,0.640469
2830,0.361174,0.640676
2840,0.363701,0.643438
2850,0.365255,0.646516
2860,0.364894,0.647189
2870,0.370657,0.649061
2880,0.37144,0.650979
2890,0.365999,0.652885
2900,0.36481,0.653627
2910,0.363317,0.656548
2920,0.365984,0.657777
2930,0.364254,0.657572
2940,0.358788,0.661249
2950,0.358797,0.661287
2960,0.354926,0.662406
2970,0.35604,0.665612
2980,0.355252,0.667685
2990,0.35315,0.669654
3000,0.352439,0.671089
3010,0.351201,0.672202
3020,0.3496,0.671853
3030,0.349723,0.673172
3040,0.349455,0.674197
3050,0.350087,0.675452
3060,0.349154,0.676986
3070,0.34733,0.678559
3080,0.350463,0.678971
3090,0.349406,0.681635
3100,0.347611,0.681484
3110,0.347109,0.682675
3120,0.343614,0.68263
3130,0.344881,0.685605
3140,0.340595,0.688243
3150,0.337577,0.69117
3160,0.340643,0.692624
3170,0.338103,0.693661
3180,0.336695,0.695113
3190,0.334465,0.698801
3200,0.33166,0.70068
3210,0.328855,0.700479
3220,0.326528,0.705289
3230,0.327304,0.706392
3240,0.324304,0.707888
3250,0.327586,0.709928
3260,0.327282,0.713091
3270,0.323591,0.713596
3280,0.320392,0.715932
3290,0.317792,0.717015
3300,0.317268,0.716582
3310,0.318006,0.717766
3320,0.312312,0.721295
3330,0.312603,0.723515
3340,0.312129,0.725451
3350,0.308765,0.725873
3360,0.304277,0.728749
3370,0.300552,0.730717
3380,0.303637,0.731766
3390,0.302042,0.734942
3400,0.298843,0.736054
3410,0.304075,0.738142
3420,0.304348,0.740272
3430,0.301378,0.741832
3440,0.297639,0.742729
3450,0.296182,0.745388
3460,0.293671,0.747156
3470,0.296412,0.7491
3480,0.294647,0.752395
3490,0.290608,0.753268
3500,0.287929,0.754067
3510,0.283566,0.757758
3520,0.285997,0.75768
3530,0.286337,0.759723
3540,0.283899,0.76331
3550,0.286339,0.763816
3560,0.282028,0.767291
3570,0.278359,0.77093
3580,0.275025,0.771842
3590,0.272025,0.775352
3600,0.269504,0.77763
3610,0.271851,0.780264
3620,0.271324,0.781955
3630,0.266491,0.784552
3640,0.266241,0.78527
3650,0.265435,0.784911
3660,0.262689,0.786757
3670,0.266785,0.786766
3680,0.26042,0.789786
3690,0.256437,0.793004
3700,0.255675,0.793073
3710,0.254376,0.794095
3720,0.250459,0.796353
3730,0.248567,0.797837
3740,0.249929,0.800738
3750,0.246957,0.802792
3760,0.243919,0.802888
3770,0.242794,0.805261
3780,0.23834,0.807413
3790,0.238328,0.807073
3800,0.23987,0.808658
3810,0.238447,0.810896
3820,0.23657,0.81078
3830,0.235902,0.812269
3840,0.234556,0.813919
3850,0.240288,0.813415
3860,0.236983,0.815141
3870,0.234095,0.817887
3880,0.233513,0.817096
3890,0.23287,0.818646
3900,0.23063,0.821473
3910,0.230256,0.821721
3920,0.229869,0.822307
3930,0.224688,0.824254
3940,0.221909,0.82481
3950,0.222404,0.826053
3960,0.221759,0.828145
3970,0.22019,0.829681
3980,0.219048,0.830854
3990,0.218127,0.833558
4000,0.216626,0.834416
4010,0.21375,0.837131
4020,0.213619,0.837814
4030,0.212319,0.838844
4040,0.21173,0.838558
4050,0.209558,0.842227
4060,0.206787,0.842539
4070,0.206442,0.844409
4080,0.205011,0.845993
4090,0.198965,0.848955
4100,0.195188,0.85264
4110,0.191644,0.856302
4120,0.192298,0.855309
4130,0.191694,0.856821
4140,0.189915,0.857013
4150,0.189802,0.857955
4160,0.187787,0.860212
4170,0.185146,0.862395
4180,0.183594,0.86246
4190,0.180868,0.864723
4200,0.18027,0.867606
4210,0.176433,0.868357
4220,0.178622,0.869104
4230,0.174654,0.870677
4240,0.1743,0.87196
4250,0.171398,0.874465
4260,0.172332,0.876083
4270,0.172052,0.876651
4280,0.169094,0.877857
4290,0.167598,0.878598
4300,0.164975,0.88175
4310,0.164803,0.881837
4320,0.164338,0.882975
4330,0.162191,0.884378
4340,0.162175,0.885114
4350,0.159745,0.885965
4360,0.160134,0.885893
4370,0.157146,0.888256
4380,0.153138,0.891018
4390,0.150886,0.891589
4400,0.148925,0.893285
4410,0.147687,0.894549
4420,0.14874,0.894344
4430,0.14623,0.895781
4440,0.145685,0.897221
4450,0.145037,0.897754
4460,0.141394,0.900852
4470,0.142141,0.901074
4480,0.137048,0.902606
4490,0.135157,0.904605
4500,0.133589,0.90715
4510,0.132345,0.908035
4520,0.135414,0.90775
4530,0.134716,0.90895
4540,0.134301,0.908914
4550,0.13359,0.908587
4560,0.131256,0.909415
4570,0.129193,0.910779
4580,0.12596,0.912006
4590,0.123577,0.913475
4600,0.125918,0.913043
4610,0.125512,0.913623
4620,0.123,0.915164
4630,0.121542,0.916179
4640,0.119772,0.917303
4650,0.117942,0.918439
4660,0.117801,0.919764
4670,0.118632,0.920378
4680,0.118028,0.920507
4690,0.118932,0.919993
4700,0.117017,0.921487
4710,0.116399,0.922103
4720,0.114617,0.92318
4730,0.111321,0.924911
4740,0.112029,0.923799
4750,0.108531,0.925362
4760,0.107493,0.926924
4770,0.106759,0.928251
4780,0.105166,0.929248
4790,0.10675,0.929474
4800,0.105766,0.929949
4810,0.104054,0.930922
4820,0.103307,0.930937
4830,0.102987,0.931338
4840,0.101335,0.932348
4850,0.101119,0.932675
4860,0.0993157,0.933806
4870,0.0976689,0.934401
4880,0.0960128,0.936193
4890,0.0943394,0.936811
4900,0.0919782,0.937995
4910,0.0892604,0.940619
4920,0.0888789,0.941139
4930,0.0847986,0.943506
4940,0.0853564,0.943732
4950,0.0839456,0.943744
4960,0.0824456,0.94476
4970,0.0817422,0.945465
4980,0.0809418,0.946648
4990,0.0801526,0.947347
5000,0.0783516,0.947953
5010,0.0765954,0.948645
5020,0.0746776,0.948779
5030,0.0734863,0.950145
5040,0.0732187,0.950851
5050,0.0710284,0.952281
5060,0.0709977,0.952336
5070,0.0712401,0.952603
5080,0.0698008,0.953171
5090,0.0673575,0.954003
5100,0.0684261,0.953876
5110,0.0662663,0.955271
5120,0.0665744,0.955546
5130,0.0650035,0.956487
5140,0.0638868,0.957954
5150,0.063808,0.957619
5160,0.0615444,0.958625
5170,0.0631778,0.958398
5180,0.0624668,0.958749
5190,0.0622566,0.958616
5200,0.0613134,0.959194
5210,0.0588271,0.960824
5220,0.0583736,0.960892
5230,0.0572684,0.961943
5240,0.0556313,0.963323
5250,0.0566252,0.962915
5260,0.0551987,0.964232
5270,0.0545305,0.964584
5280,0.0530431,0.96576
5290,0.0520795,0.966373
5300,0.0520139,0.966528
5310,0.0515311,0.966603
5320,0.0494191,0.968184
5330,0.047951,0.968753
5340,0.046991,0.969154
5350,0.0474305,0.969097
5360,0.0466858,0.969508
5370,0.0463468,0.969578
5380,0.044354,0.970734
5390,0.0428984,0.971197
5400,0.0428061,0.971457
5410,0.042442,0.971985
5420,0.0421983,0.972091
5430,0.0417412,0.972795
5440,0.0396852,0.973999
5450,0.0403003,0.97371
5460,0.0395783,0.97415
5470,0.0392423,0.974191
5480,0.0392548,0.974314
5490,0.0383745,0.974831
5500,0.036185,0.97626
5510,0.0360113,0.976374
5520,0.0353579,0.976777
5530,0.0354482,0.976544
5540,0.0363569,0.975715
5550,0.0366017,0.975632
5560,0.0350156,0.976549
5570,0.0350111,0.976668
5580,0.0343927,0.977375
5590,0.0338431,0.977444
5600,0.0335787,0.977697
5610,0.0339669,0.977719
5620,0.0332975,0.977771
5630,0.0335999,0.978122
5640,0.0329125,0.978541
5650,0.0329874,0.978819
5660,0.0330075,0.978832
5670,0.0329378,0.978863
5680,0.0325424,0.978962
5690,0.0314643,0.979904
5700,0.0309483,0.980104
5710,0.0306638,0.980241
5720,0.0300561,0.980704
5730,0.0289693,0.98129
5740,0.0291392,0.981361
5750,0.029189,0.981183
5760,0.0288179,0.981591
5770,0.0276493,0.982176
5780,0.0275241,0.982507
5790,0.0274549,0.982529
5800,0.0270651,0.982757
5810,0.0264547,0.983204
5820,0.0257453,0.983653
5830,0.0248059,0.984315
5840,0.0249151,0.984207
5850,0.0240225,0.984846
5860,0.0238909,0.984803
5870,0.0234648,0.984928
5880,0.022439,0.985471
5890,0.0198795,0.986789
5900,0.0209172,0.986592
5910,0.0204394,0.986801
5920,0.0198469,0.987151
5930,0.02009,0.98727
5940,0.0191132,0.987807
5950,0.0184959,0.988183
5960,0.0181053,0.988418
5970,0.0169725,0.989017
5980,0.0178636,0.988525
5990,0.0166153,0.989377
6000,0.0166014,0.9893
6010,0.0163546,0.989317
6020,0.0160896,0.989601
6030,0.0152331,0.990199
6040,0.0148051,0.990536
6050,0.0142328,0.990837
6060,0.0132863,0.991605
6070,0.0122507,0.992258
6080,0.0115704,0.9926
6090,0.0111428,0.993033
6100,0.0104073,0.993533
6110,0.00987101,0.993818
6120,0.0097446,0.993892
6130,0.00979057,0.993882
6140,0.00914334,0.99432
6150,0.00893703,0.994453
6160,0.00868997,0.994599
6170,0.00837448,0.994787
6180,0.00828272,0.994785
6190,0.00821621,0.994847
6200,0.00834047,0.99476
6210,0.00799511,0.994968
6220,0.00820185,0.994832
6230,0.00766927,0.995137
6240,0.00761383,0.995213
6250,0.00726841,0.995397
6260,0.00748992,0.995281
6270,0.00721479,0.995522
6280,0.00716836,0.995568
6290,0.00716601,0.995541
6300,0.00708006,0.99559
6310,0.00747815,0.995351
6320,0.00705804,0.995646
6330,0.00677558,0.99584
6340,0.0064957,0.996046
6350,0.00595159,0.99634
6360,0.00619407,0.996201
6370,0.00620548,0.996227
6380,0.00597646,0.996339
6390,0.00528456,0.996778
6400,0.00507855,0.996899
6410,0.00502121,0.996933
6420,0.00491622,0.997009
6430,0.00464201,0.99717
6440,0.00454182,0.997243
6450,0.00473521,0.997152
6460,0.0046804,0.997191
6470,0.00482071,0.997117
6480,0.00474026,0.997139
6490,0.00462246,0.99722
6500,0.00439736,0.997333
6510,0.00430166,0.997369
6520,0.00403092,0.997548
6530,0.00399342,0.997576
6540,0.00371584,0.997743
6550,0.00357748,0.997814
6560,0.00346815,0.997888
6570,0.00305445,0.998137
6580,0.00315697,0.998093
6590,0.00310357,0.998108
6600,0.0030167,0.998158
6610,0.0029561,0.998195
6620,0.00295267,0.99819
6630,0.00272859,0.998328
6640,0.0025985,0.99839
6650,0.00243783,0.998484
6660,0.0021363,0.998669
6670,0.00207138,0.998704
6680,0.00224874,0.998613
6690,0.00189832,0.998833
6700,0.00177543,0.998897
6710,0.00160887,0.999014
6720,0.00180232,0.998893
6730,0.00166535,0.998974
6740,0.00143777,0.999111
6750,0.00136391,0.999155
6760,0.00109383,0.99933
6770,0.00101224,0.999378
6780,0.0008764,0.999463
6790,0.000824979,0.999499
6800,0.000836708,0.999492
6810,0.000682856,0.999585
6820,0.000684661,0.999585
6830,0.000615801,0.999632
6840,0.00061683,0.999631
6850,0.000670439,0.999594
6860,0.000668836,0.999594
6870,0.000591871,0.99964
6880,0.00054013,0.999673
6890,0.000516599,0.999685
6900,0.000461433,0.999716
6910,0.000437055,0.999735
6920,0.000375242,0.999774
6930,0.000321776,0.999803
6940,0.000336724,0.999793
6950,0.000548589,0.999661
6960,0.000445223,0.999725
6970,0.000429373,0.999737
6980,0.000481531,0.999705
6990,0.000481401,0.999704
7000,0.000464053,0.999716
7010,0.000427147,0.999738
7020,0.000367016,0.999776
7030,0.000348166,0.999785
7040,0.000246714,0.999846
7050,0.000248885,0.999845
7060,0.00020509,0.999875
7070,0.000204873,0.999875
7080,0.000270736,0.999833
7090,0.000229554,0.999857
7100,0.000290259,0.999821
7110,0.000209297,0.999872
7120,0.000144781,0.999912
7130,0.000165614,0.999899
7140,0.000116461,0.99993
7150,0.000109795,0.999934
7160,7.39007e-05,0.999955
7170,4.45188e-05,0.999973
7180,9.0966e-05,0.999945
7190,9.14556e-05,0.999945
7200,0.000152016,0.999907
7210,9.54064e-05,0.999943
7220,3.62315e-05,0.999978
7230,7.73293e-06,0.999995
7240,2.9814e-05,0.999982
7250,4.60096e-05,0.999973
7260,6.17091e-05,0.999963
7270,6.47285e-05,0.999961
7280,6.21487e-05,0.999963
7290,4.28052e-05,0.999974
7300,2.55414e-05,0.999985
7310,5.55433e-06,0.999997
7320,0,1
7330,0,1
7340,0,1
7350,0,1
7360,0,1
7370,0,1
7380,0,1
7390,0,1
7400,0,1
7410,0,1
7420,0,1
7430,0,1
7440,0,1
7450,0,1
7460,0,1
7470,0,1
7480,0,1
7490,0,1
7500,0,1
7510,0,1
7520,0,1
7530,0,1
7540,0,1
7550,0,1
7560,0,1
7570,0,1
7580,0,1
7590,0,1
7600,0,1
7610,0,1
7620,0,1
7630,0,1
7640,0,1
7650,0,1
7660,0,1
7670,0,1
7680,0,1
7690,0,1
7700,0,1
7710,0,1
7720,0,1
7730,0,1
7740,0,1
7750,0,1
7760,0,1
7770,0,1
7780,0,1
7790,0,1
7800,0,1
7810,0,1
7820,0,1
7830,0,1
7840,0,1
7850,0,1
7860,0,1
7870,0,1
7880,0,1
7890,0,1
7900,0,1
7910,0,1
7920,0,1
7930,0,1
7940,0,1
7950,0,1
7960,0,1
7970,0,1
7980,0,1
7990,0,1
8000,0,1
8010,0,1
8020,0,1
8030,0,1
8040,0,1
8050,0,1
8060,0,1
8070,0,1
8080,0,1
8090,0,1
8100,0,1
8110,0,1
8120,0,1
8130,0,1
8140,0,1
8150,0,1
8160,0,1
8170,0,1
8180,0,1
8190,0,1
8200,0,1
8210,0,1
8220,0,1
8230,0,1
8240,0,1
8250,0,1
8260,0,1
8270,0,1
8280,0,1
8290,0,1
8300,0,1
8310,0,1
8320,0,1
8330,0,1
8340,0,1
8350,0,1
8360,0,1
8370,0,1
8380,0,1
8390,0,1
8400,0,1
8410,0,1
8420,0,1
8430,0,1
8440,0,1
8450,0,1
8460,0,1
8470,0,1
8480,0,1
8490,0,1
8500,0,1
8510,0,1
8520,0,1
8530,0,1
8540,0,1
8550,0,1
8560,0,1
8570,0,1
8580,0,1
8590,0,1
8600,0,1
8610,0,1
8620,0,1
8630,0,1
8640,0,1
8650,0,1
8660,0,1
8670,0,1
8680,0,1
8690,0,1
8700,0,1
8710,0,1
8720,0,1
8730,0,1
8740,0,1
8750,0,1
8760,0,1
8770,0,1
8780,0,1
8790,0,1
8800,0,1
8810,0,1
8820,0,1
8830,0,1
8840,0,1
8850,0,1
8860,0,1
8870,0,1
8880,0,1
8890,0,1
8900,0,1
8910,0,1
8920,0,1
8930,0,1
8940,0,1
8950,0,1
8960,0,1
8970,0,1
8980,0,1
8990,0,1
9000,0,1
9010,0,1
9020,0,1
9030,0,1
9040,0,1
9050,0,1
9060,0,1
9070,0,1
9080,0,1
9090,0,1
9100,0,1
9110,0,1
9120,0,1
9130,0,1
9140,0,1
9150,0,1
9160,0,1
9170,0,1
9180,0,1
9190,0,1
9200,0,1
9210,0,1
9220,0,1
9230,0,1
9240,0,1
9250,0,1
9260,0,1
9270,0,1
9280,0,1
9290,0,1
9300,0,1
9310,0,1
9320,0,1
9330,0,1
9340,0,1
9350,0,1
9360,0,1
9370,0,1
9380,0,1
9390,0,1
9400,0,1
9410,0,1
9420,0,1
9430,0,1
9440,0,1
9450,0,1
9460,0,1
9470,0,1
9480,0,1
9490,0,1
9500,0,1
9510,0,1
9520,0,1
9530,0,1
9540,0,1
9550,0,1
9560,0,1
9570,0,1
9580,0,1
9590,0,1
9600,0,1
9610,0,1
9620,0,1
9630,0,1
9640,0,1
9650,0,1
9660,0,1
9670,0,1
9680,0,1
9690,0,1
9700,0,1
9710,0,1
9720,0,1
9730,0,1
9740,0,1
9750,0,1
9760,0,1
9770,0,1
9780,0,1
9790,0,1
9800,0,1
9810,0,1
9820,0,1
9830,0,1
9840,0,1
9850,0,1
9860,0,1
9870,0,1
9880,0,1
9890,0,1
9900,0,1
9910,0,1
9920,0,1
9930,0,1
9940,0,1
9950,0,1
9960,0,1
9970,0,1
9980,0,1
9990,0,1
