0,0.499923,0.499851
10,0.499023,0.499347
20,0.49647,0.50147
30,0.497375,0.501147
40,0.496098,0.498844
50,0.495938,0.501122
60,0.493751,0.49925
70,0.491842,0.499599
80,0.489615,0.497361
90,0.492986,0.495996
100,0.494693,0.495637
110,0.49347,0.494171
120,0.485371,0.492681
130,0.483178,0.493814
140,0.484014,0.493903
150,0.483532,0.494606
160,0.483186,0.493888
170,0.479341,0.494053
180,0.488645,0.493491
190,0.492551,0.493015
200,0.495652,0.49255
210,0.492265,0.493574
220,0.494107,0.491182
230,0.495368,0.489155
240,0.486914,0.49009
250,0.491562,0.487215
260,0.493532,0.48717
270,0.495084,0.487981
280,0.494169,0.488182
290,0.496896,0.488261
300,0.495446,0.487833
310,0.497033,0.487949
320,0.491999,0.486812
330,0.483234,0.487265
340,0.486096,0.489511
350,0.479743,0.489393
360,0.486837,0.488415
370,0.489288,0.488177
380,0.491221,0.487597
390,0.485314,0.488974
400,0.490647,0.490179
410,0.485428,0.48982
420,0.488308,0.486018
430,0.490696,0.484251
440,0.491597,0.484566
450,0.4852,0.483859
460,0.484992,0.486081
470,0.47509,0.485352
480,0.475573,0.487948
490,0.478455,0.487835
500,0.492077,0.488595
510,0.491652,0.487018
520,0.491645,0.486651
530,0.484778,0.487415
540,0.490276,0.489379
550,0.496259,0.489538
560,0.494531,0.490538
570,0.494705,0.492014
580,0.490401,0.4926
590,0.487603,0.49305
600,0.486889,0.49441
610,0.491023,0.494895
620,0.487905,0.494884
630,0.491283,0.494655
640,0.491115,0.495244
650,0.49204,0.494397
660,0.488299,0.494371
670,0.485157,0.496345
680,0.482256,0.496317
690,0.483229,0.498363
700,0.474104,0.498273
710,0.472502,0.499873
720,0.470504,0.500893
730,0.459948,0.502736
740,0.462518,0.504673
750,0.466157,0.505294
760,0.47201,0.506119
770,0.480299,0.505295
780,0.478477,0.504635
790,0.483528,0.503116
800,0.476281,0.502624
810,0.477364,0.503794
820,0.481955,0.502871
830,0.484822,0.50135
840,0.482869,0.503121
850,0.47411,0.505237
860,0.480603,0.503554
870,0.483644,0.502031
880,0.485099,0.499611
890,0.48571,0.499303
900,0.485418,0.499988
910,0.477795,0.497935
920,0.480254,0.49665
930,0.476162,0.49589
940,0.476892,0.495829
950,0.472231,0.495472
960,0.472256,0.496812
970,0.473399,0.494629
980,0.473493,0.493695
990,0.476335,0.491899
1000,0.469608,0.492046
1010,0.472942,0.490154
1020,0.4709,0.489513
1030,0.473927,0.49064
1040,0.474291,0.489643
1050,0.466155,0.490333
1060,0.465261,0.491013
1070,0.466605,0.488008
1080,0.460137,0.48717
1090,0.47561,0.488576
1100,0.46889,0.488576
1110,0.467314,0.488649
1120,0.469986,0.488945
1130,0.474073,0.490096
1140,0.469427,0.489946
1150,0.468778,0.488534
1160,0.466427,0.486632
1170,0.463982,0.484925
1180,0.470566,0.485781
1190,0.469188,0.488183
1200,0.472272,0.486994
1210,0.460938,0.487985
1220,0.456157,0.485146
1230,0.46242,0.484846
1240,0.460848,0.483419
1250,0.45442,0.482141
1260,0.45552,0.480583
1270,0.453246,0.480692
1280,0.454972,0.478513
1290,0.455155,0.475569
1300,0.461488,0.475437
1310,0.458078,0.473927
1320,0.457418,0.474655
1330,0.455368,0.474096
1340,0.453915,0.470786
1350,0.454015,0.469276
1360,0.454703,0.469665
1370,0.450309,0.468926
1380,0.449755,0.467776
1390,0.457458,0.465008
1400,0.452013,0.463006
1410,0.453644,0.46237
1420,0.452389,0.463604
1430,0.450794,0.462037
1440,0.448195,0.46039
1450,0.438476,0.458978
1460,0.444926,0.454926
1470,0.453789,0.451694
1480,0.451799,0.4517
1490,0.455407,0.451298
1500,0.45457,0.450551
1510,0.45037,0.446875
1520,0.44685,0.44701
1530,0.44785,0.444903
1540,0.448676,0.442076
1550,0.44738,0.440847
1560,0.448763,0.438471
1570,0.446316,0.438372
1580,0.446472,0.439094
1590,0.446664,0.437876
1600,0.443337,0.436631
1610,0.436633,0.433963
1620,0.4372,0.431521
1630,0.442152,0.428964
1640,0.433878,0.426368
1650,0.436135,0.425195
1660,0.441875,0.422863
1670,0.438442,0.419535
1680,0.440184,0.419133
1690,0.432697,0.416307
1700,0.43394,0.414413
1710,0.441119,0.412993
1720,0.446288,0.412516
1730,0.447608,0.410104
1740,0.438392,0.410341
1750,0.441024,0.409323
1760,0.434191,0.408729
1770,0.433999,0.408074
1780,0.431364,0.409151
1790,0.43073,0.407624
1800,0.425782,0.407298
1810,0.41661,0.404623
1820,0.40871,0.400739
1830,0.406328,0.399986
1840,0.407501,0.398466
1850,0.409157,0.39418
1860,0.407505,0.395543
1870,0.407505,0.393281
1880,0.406618,0.391811
1890,0.404071,0.393022
1900,0.40509,0.391552
1910,0.404845,0.389951
1920,0.407258,0.388378
1930,0.407446,0.383731
1940,0.40626,0.38117
1950,0.411179,0.379422
1960,0.407408,0.378679
1970,0.404758,0.377323
1980,0.4011,0.374686
1990,0.397807,0.370781
2000,0.399296,0.371335
2010,0.399785,0.368946
2020,0.396898,0.366842
2030,0.395121,0.365772
2040,0.395055,0.364641
2050,0.391831,0.364432
2060,0.393249,0.36318
2070,0.392686,0.363738
2080,0.390237,0.364145
2090,0.392419,0.364658
2100,0.391348,0.360262
2110,0.386211,0.359322
2120,0.385625,0.357628
2130,0.375552,0.354653
2140,0.373582,0.354429
2150,0.37927,0.350395
2160,0.377911,0.34928
2170,0.378369,0.348995
2180,0.376516,0.347313
2190,0.374962,0.345813
2200,0.370619,0.34501
2210,0.372234,0.343686
2220,0.373632,0.343639
2230,0.368765,0.342587
2240,0.365368,0.343228
2250,0.364161,0.342894
2260,0.362094,0.342156
2270,0.360281,0.342944
2280,0.356335,0.340833
2290,0.360058,0.34204
2300,0.354396,0.341271
2310,0.349247,0.341989
2320,0.352314,0.339638
2330,0.351348,0.341246
2340,0.355269,0.34062
2350,0.349532,0.341047
2360,0.360471,0.339119
2370,0.357188,0.339411
2380,0.354468,0.339703
2390,0.355313,0.338473
2400,0.357281,0.339214
2410,0.363229,0.339487
2420,0.36375,0.338825
2430,0.362437,0.336355
2440,0.367566,0.3342
2450,0.364836,0.333738
2460,0.366769,0.332852
2470,0.36484,0.331405
2480,0.363053,0.328515
2490,0.354797,0.327852
2500,0.352908,0.329816
2510,0.352949,0.329745
2520,0.35245,0.329075
2530,0.349914,0.326501
2540,0.348381,0.323307
2550,0.348645,0.321861
2560,0.345608,0.321058
2570,0.343381,0.318593
2580,0.349759,0.316905
2590,0.346049,0.315533
2600,0.342343,0.312832
2610,0.342341,0.312347
2620,0.340292,0.309603
2630,0.336616,0.30995
2640,0.336821,0.308993
2650,0.334711,0.305922
2660,0.33202,0.303466
2670,0.331884,0.30133
2680,0.328255,0.299972
2690,0.325956,0.297523
2700,0.32678,0.296418
2710,0.324152,0.294979
2720,0.321074,0.292612
2730,0.32326,0.290916
2740,0.317018,0.28796
2750,0.314577,0.284535
2760,0.315766,0.283461
2770,0.315574,0.280157
2780,0.316298,0.27814
2790,0.312355,0.275914
2800,0.311349,0.27464
2810,0.30685,0.271802
2820,0.30295,0.270246
2830,0.300513,0.268845
2840,0.298559,0.267296
2850,0.299836,0.267164
2860,0.297953,0.266241
2870,0.298463,0.265598
2880,0.300649,0.264968
2890,0.302507,0.264009
2900,0.295808,0.262493
2910,0.299321,0.263301
2920,0.300045,0.261224
2930,0.303028,0.258072
2940,0.303957,0.25914
2950,0.303536,0.257359
2960,0.299876,0.257106
2970,0.29908,0.253718
2980,0.297648,0.253672
2990,0.292308,0.251499
3000,0.291968,0.25054
3010,0.292636,0.249348
3020,0.289055,0.251042
3030,0.289554,0.251112
3040,0.284759,0.248602
3050,0.284786,0.249497
3060,0.288251,0.248454
3070,0.284992,0.245601
3080,0.285367,0.245886
3090,0.281377,0.244093
3100,0.279775,0.243607
3110,0.278242,0.24019
3120,0.27818,0.239797
3130,0.27614,0.239484
3140,0.271868,0.234854
3150,0.272811,0.234984
3160,0.272924,0.233163
3170,0.269097,0.231308
3180,0.265465,0.229533
3190,0.26756,0.2298
3200,0.266522,0.226698
3210,0.266192,0.228791
3220,0.259531,0.226653
3230,0.25859,0.2249
3240,0.261159,0.225153
3250,0.263162,0.223632
3260,0.263794,0.223241
3270,0.264148,0.22167
3280,0.262522,0.218577
3290,0.261628,0.21734
3300,0.262238,0.217061
3310,0.260057,0.212571
3320,0.25803,0.213033
3330,0.257051,0.210573
3340,0.254288,0.208805
3350,0.259454,0.209946
3360,0.25616,0.206902
3370,0.251481,0.205541
3380,0.249977,0.203604
3390,0.253185,0.204386
3400,0.252185,0.202138
3410,0.249713,0.201487
3420,0.248826,0.198826
3430,0.248469,0.1987
3440,0.246781,0.197658
3450,0.243789,0.194491
3460,0.244715,0.194996
3470,0.242458,0.193316
3480,0.240307,0.193808
3490,0.239014,0.192617
3500,0.236233,0.190269
3510,0.236147,0.187739
3520,0.234342,0.184989
3530,0.233298,0.182785
3540,0.23036,0.182189
3550,0.226918,0.179564
3560,0.229601,0.179476
3570,0.223638,0.176636
3580,0.224327,0.175526
3590,0.22099,0.173868
3600,0.220432,0.171552
3610,0.216255,0.168859
3620,0.214913,0.168007
3630,0.211705,0.165291
3640,0.209431,0.164768
3650,0.206807,0.162095
3660,0.203677,0.159612
3670,0.203741,0.159494
3680,0.204383,0.157311
3690,0.200389,0.154975
3700,0.200992,0.153947
3710,0.197161,0.151552
3720,0.197426,0.152415
3730,0.196586,0.150657
3740,0.195215,0.148811
3750,0.192977,0.148852
3760,0.191867,0.14599
3770,0.192467,0.144601
3780,0.191933,0.143427
3790,0.190378,0.142374
3800,0.188265,0.142174
3810,0.186424,0.139629
3820,0.183846,0.137742
3830,0.183456,0.136545
3840,0.181277,0.134878
3850,0.178119,0.133329
3860,0.173901,0.13105
3870,0.174791,0.131247
3880,0.171378,0.12945
3890,0.169234,0.127013
3900,0.169657,0.12667
3910,0.165553,0.124913
3920,0.163365,0.123791
3930,0.161976,0.123354
3940,0.159113,0.121853
3950,0.160802,0.121334
3960,0.156488,0.120619
3970,0.159419,0.119747
3980,0.157899,0.119587
3990,0.155579,0.118086
4000,0.154331,0.117272
4010,0.15544,0.117623
4020,0.154161,0.115822
4030,0.15185,0.113861
4040,0.1531,0.113086
4050,0.150625,0.112208
4060,0.148847,0.111675
4070,0.148243,0.112042
4080,0.144396,0.110505
4090,0.146032,0.11004
4100,0.142916,0.10928
4110,0.144965,0.107703
4120,0.15059,0.108629
4130,0.148657,0.108083
4140,0.149032,0.107388
4150,0.145842,0.105977
4160,0.14529,0.105269
4170,0.142534,0.103574
4180,0.140972,0.102894
4190,0.138846,0.100724
4200,0.138713,0.0995276
4210,0.13754,0.0977176
4220,0.136747,0.0972447
4230,0.132647,0.0943343
4240,0.129648,0.0927002
4250,0.129159,0.0925234
4260,0.128327,0.0909711
4270,0.126892,0.0912074
4280,0.125192,0.0896108
4290,0.122709,0.0873181
4300,0.123101,0.0870668
4310,0.123389,0.0873337
4320,0.123029,0.0873639
4330,0.119793,0.0853358
4340,0.119043,0.0831633
4350,0.118605,0.0830542
4360,0.113789,0.0797557
4370,0.112867,0.0796885
4380,0.111699,0.0795371
4390,0.112159,0.0795274
4400,0.110929,0.0777921
4410,0.109804,0.0773393
4420,0.108727,0.0764062
4430,0.107654,0.0753727
4440,0.107904,0.0758973
4450,0.105143,0.0738374
4460,0.103444,0.0731045
4470,0.103532,0.0721956
4480,0.104156,0.0730945
4490,0.102285,0.072679
4500,0.0991072,0.0712951
4510,0.0965963,0.0691041
4520,0.0965684,0.0692755
4530,0.0942298,0.0684559
4540,0.0922132,0.0663896
4550,0.0918578,0.0656766
4560,0.0893278,0.0641739
4570,0.0891187,0.063158
4580,0.0882832,0.0622148
4590,0.0865208,0.0611468
4600,0.0871808,0.0610361
4610,0.0868832,0.0600245
4620,0.0852726,0.059042
4630,0.0871664,0.0597526
4640,0.0873688,0.0589724
4650,0.0848317,0.0575149
4660,0.0843817,0.0576493
4670,0.0836788,0.0572649
4680,0.081823,0.0566003
4690,0.0824145,0.0564512
4700,0.0802732,0.0553264
4710,0.0803537,0.0550363
4720,0.0779157,0.0528944
4730,0.0770098,0.052643
4740,0.0744718,0.0509283
4750,0.0733257,0.0492502
4760,0.0732324,0.048319
4770,0.072573,0.0473038
4780,0.068846,0.0450636
4790,0.0695296,0.0456928
4800,0.0670341,0.0444837
4810,0.0675054,0.0443644
4820,0.0649075,0.0434044
4830,0.0622233,0.0420157
4840,0.0621866,0.0420237
4850,0.0605488,0.0406206
4860,0.0597428,0.0402786
4870,0.0583303,0.039286
4880,0.0591663,0.0388752
4890,0.0585257,0.0387128
4900,0.0572859,0.0379129
4910,0.0564444,0.0373776
4920,0.0559812,0.0366228
4930,0.0552698,0.0360141
4940,0.0556177,0.0363502
4950,0.0546006,0.0355395
4960,0.0551695,0.0357936
4970,0.0545601,0.0356554
4980,0.0519676,0.0341475
4990,0.0524045,0.033958
5000,0.0518987,0.0335222
5010,0.0522228,0.0342208
5020,0.0519188,0.0336982
5030,0.0504084,0.0327549
5040,0.0511323,0.0335174
5050,0.0509706,0.0331384
5060,0.0493744,0.0319024
5070,0.0492285,0.0319878
5080,0.0493882,0.0320656
5090,0.0480029,0.0313422
5100,0.0460971,0.0300792
5110,0.0454682,0.0297226
5120,0.0441044,0.0290434
5130,0.0432154,0.028504
5140,0.044196,0.0287185
5150,0.0419524,0.0275766
5160,0.041605,0.0273889
5170,0.0402998,0.0265367
5180,0.0391962,0.0260865
5190,0.039348,0.0263031
5200,0.0396145,0.0263626
5210,0.0389721,0.0263256
5220,0.0378794,0.025194
5230,0.038364,0.0253178
5240,0.0369663,0.0245636
5250,0.0381183,0.0250068
5260,0.0371805,0.0242981
5270,0.0358377,0.0233274
5280,0.0359437,0.0232628
5290,0.0347579,0.0226712
5300,0.034057,0.0222544
5310,0.0333802,0.0216803
5320,0.0334022,0.0216471
5330,0.0326235,0.0212881
5340,0.0321822,0.0209242
5350,0.0309403,0.0203901
5360,0.0313068,0.0201953
5370,0.0293102,0.0189736
5380,0.0289457,0.0188834
5390,0.0298556,0.01919
5400,0.0292505,0.0187073
5410,0.0285988,0.0182953
5420,0.0265531,0.0170599
5430,0.0265623,0.0171142
5440,0.0257348,0.016218
5450,0.0244588,0.0155152
5460,0.0240737,0.0154663
5470,0.0233039,0.0151743
5480,0.0232705,0.0150814
5490,0.0230713,0.0149859
5500,0.0230453,0.0150736
5510,0.022356,0.0147464
5520,0.021448,0.0140445
5530,0.0213927,0.0139718
5540,0.0210496,0.0135556
5550,0.0213862,0.0138757
5560,0.0215687,0.0136848
5570,0.0205302,0.0129314
5580,0.0199298,0.0126519
5590,0.019745,0.0126336
5600,0.0192156,0.0123912
5610,0.019133,0.01236
5620,0.0185699,0.0119512
5630,0.0179976,0.011666
5640,0.0179948,0.0115647
5650,0.0183581,0.0119113
5660,0.0185884,0.0121473
5670,0.0183607,0.0119155
5680,0.0174575,0.0112848
5690,0.0177537,0.0114369
5700,0.0165525,0.0105344
5710,0.0164501,0.0104278
5720,0.0162514,0.0103153
5730,0.0154794,0.00988088
5740,0.0154647,0.00984973
5750,0.0148376,0.00952075
5760,0.0144718,0.00929318
5770,0.0139582,0.00898086
5780,0.013056,0.00845718
5790,0.0126376,0.00807727
5800,0.0125105,0.00786212
5810,0.0112688,0.00715399
5820,0.0101889,0.00641855
5830,0.00985852,0.00617285
5840,0.00907201,0.00564174
5850,0.00844329,0.00531191
5860,0.00879511,0.00551408
5870,0.00827842,0.00516375
5880,0.00808782,0.00500644
5890,0.00775066,0.00478377
5900,0.00708116,0.0043465
5910,0.00613712,0.00376389
5920,0.00595143,0.00367488
5930,0.00537332,0.00332202
5940,0.00529759,0.00330493
5950,0.0052766,0.00327137
5960,0.00507869,0.00313735
5970,0.00461588,0.0028351
5980,0.00460758,0.00282521
5990,0.00472963,0.00292707
6000,0.00437345,0.0026892
6010,0.00414097,0.00253376
6020,0.00430584,0.00265809
6030,0.00386012,0.00239494
6040,0.0036595,0.00229784
6050,0.00369638,0.00232389
6060,0.00350213,0.00218031
6070,0.00328127,0.00207123
6080,0.00313638,0.00193942
6090,0.00285963,0.0017796
6100,0.00277803,0.00171738
6110,0.00288881,0.00176838
6120,0.00274243,0.00167362
6130,0.00249275,0.00152113
6140,0.00208907,0.00128468
6150,0.00200877,0.00125118
6160,0.00194677,0.00121213
6170,0.00173707,0.00108324
6180,0.00190865,0.00119472
6190,0.00193088,0.00121155
6200,0.00171829,0.00107291
6210,0.00158652,0.000990192
6220,0.00145068,0.000911332
6230,0.00143373,0.000892855
6240,0.00159185,0.00098742
6250,0.00148651,0.000929338
6260,0.0014091,0.000858756
6270,0.00146031,0.000891217
6280,0.00126883,0.000779872
6290,0.00114152,0.000703062
6300,0.00128753,0.000785403
6310,0.00133008,0.000804265
6320,0.0013256,0.000809246
6330,0.00140011,0.000850045
6340,0.00127024,0.000767118
6350,0.00105888,0.00063992
6360,0.0011107,0.000672004
6370,0.00100763,0.000607032
6380,0.000827256,0.000499451
6390,0.000818795,0.000489238
6400,0.000841695,0.000504295
6410,0.000655701,0.000395892
6420,0.000512528,0.000310851
6430,0.00051532,0.000311548
6440,0.000452776,0.000269442
6450,0.000529408,0.000315674
6460,0.0005434,0.000323173
6470,0.00046057,0.000277349
6480,0.00026428,0.000161053
6490,0.000217263,0.000132068
6500,0.000127307,7.74397e-05
6510,0.000125862,7.77017e-05
6520,0.000133732,8.26791e-05
6530,0.000125383,7.67962e-05
6540,8.35182e-05,5.15505e-05
6550,5.64557e-05,3.46884e-05
6560,8.80153e-05,5.48344e-05
6570,6.68878e-05,4.15733e-05
6580,5.23526e-05,3.27084e-05
6590,2.17267e-05,1.33769e-05
6600,2.06323e-05,1.27278e-05
6610,1.94499e-05,1.2009e-05
6620,9.72595e-06,6.01281e-06
6630,0,0
6640,0,0
6650,0,0
6660,0,0
6670,0,0
6680,0,0
6690,0,0
6700,0,0
6710,0,0
6720,0,0
6730,0,0
6740,0,0
6750,0,0
6760,0,0
6770,0,0
6780,0,0
6790,0,0
6800,0,0
6810,0,0
6820,0,0
6830,0,0
6840,0,0
6850,0,0
6860,0,0
6870,0,0
6880,0,0
6890,0,0
6900,0,0
6910,0,0
6920,0,0
6930,0,0
6940,0,0
6950,0,0
6960,0,0
6970,0,0
6980,0,0
6990,0,0
7000,0,0
7010,0,0
7020,0,0
7030,0,0
7040,0,0
7050,0,0
7060,0,0
7070,0,0
7080,0,0
7090,0,0
7100,0,0
7110,0,0
7120,0,0
7130,0,0
7140,0,0
7150,0,0
7160,0,0
7170,0,0
7180,0,0
7190,0,0
7200,0,0
7210,0,0
7220,0,0
7230,0,0
7240,0,0
7250,0,0
7260,0,0
7270,0,0
7280,0,0
7290,0,0
7300,0,0
7310,0,0
7320,0,0
7330,0,0
7340,0,0
7350,0,0
7360,0,0
7370,0,0
7380,0,0
7390,0,0
7400,0,0
7410,0,0
7420,0,0
7430,0,0
7440,0,0
7450,0,0
7460,0,0
7470,0,0
7480,0,0
7490,0,0
7500,0,0
7510,0,0
7520,0,0
7530,0,0
7540,0,0
7550,0,0
7560,0,0
7570,0,0
7580,0,0
7590,0,0
7600,0,0
7610,0,0
7620,0,0
7630,0,0
7640,0,0
7650,0,0
7660,0,0
7670,0,0
7680,0,0
7690,0,0
7700,0,0
7710,0,0
7720,0,0
7730,0,0
7740,0,0
7750,0,0
7760,0,0
7770,0,0
7780,0,0
7790,0,0
7800,0,0
7810,0,0
7820,0,0
7830,0,0
7840,0,0
7850,0,0
7860,0,0
7870,0,0
7880,0,0
7890,0,0
7900,0,0
7910,0,0
7920,0,0
7930,0,0
7940,0,0
7950,0,0
7960,0,0
7970,0,0
7980,0,0
7990,0,0
8000,0,0
8010,0,0
8020,0,0
8030,0,0
8040,0,0
8050,0,0
8060,0,0
8070,0,0
8080,0,0
8090,0,0
8100,0,0
8110,0,0
8120,0,0
8130,0,0
8140,0,0
8150,0,0
8160,0,0
8170,0,0
8180,0,0
8190,0,0
8200,0,0
8210,0,0
8220,0,0
8230,0,0
8240,0,0
8250,0,0
8260,0,0
8270,0,0
8280,0,0
8290,0,0
8300,0,0
8310,0,0
8320,0,0
8330,0,0
8340,0,0
8350,0,0
8360,0,0
8370,0,0
8380,0,0
8390,0,0
8400,0,0
8410,0,0
8420,0,0
8430,0,0
8440,0,0
8450,0,0
8460,0,0
8470,0,0
8480,0,0
8490,0,0
8500,0,0
8510,0,0
8520,0,0
8530,0,0
8540,0,0
8550,0,0
8560,0,0
8570,0,0
8580,0,0
8590,0,0
8600,0,0
8610,0,0
8620,0,0
8630,0,0
8640,0,0
8650,0,0
8660,0,0
8670,0,0
8680,0,0
8690,0,0
8700,0,0
8710,0,0
8720,0,0
8730,0,0
8740,0,0
8750,0,0
8760,0,0
8770,0,0
8780,0,0
8790,0,0
8800,0,0
8810,0,0
8820,0,0
8830,0,0
8840,0,0
8850,0,0
8860,0,0
8870,0,0
8880,0,0
8890,0,0
8900,0,0
8910,0,0
8920,0,0
8930,0,0
8940,0,0
8950,0,0
8960,0,0
8970,0,0
8980,0,0
8990,0,0
9000,0,0
9010,0,0
9020,0,0
9030,0,0
9040,0,0
9050,0,0
9060,0,0
9070,0,0
9080,0,0
9090,0,0
9100,0,0
9110,0,0
9120,0,0
9130,0,0
9140,0,0
9150,0,0
9160,0,0
9170,0,0
9180,0,0
9190,0,0
9200,0,0
9210,0,0
9220,0,0
9230,0,0
9240,0,0
9250,0,0
9260,0,0
9270,0,0
9280,0,0
9290,0,0
9300,0,0
9310,0,0
9320,0,0
9330,0,0
9340,0,0
9350,0,0
9360,0,0
9370,0,0
9380,0,0
9390,0,0
9400,0,0
9410,0,0
9420,0,0
9430,0,0
9440,0,0
9450,0,0
9460,0,0
9470,0,0
9480,0,0
9490,0,0
9500,0,0
9510,0,0
9520,0,0
9530,0,0
9540,0,0
9550,0,0
9560,0,0
9570,0,0
9580,0,0
9590,0,0
9600,0,0
9610,0,0
9620,0,0
9630,0,0
9640,0,0
9650,0,0
9660,0,0
9670,0,0
9680,0,0
9690,0,0
9700,0,0
9710,0,0
9720,0,0
9730,0,0
9740,0,0
9750,0,0
9760,0,0
9770,0,0
9780,0,0
9790,0,0
9800,0,0
9810,0,0
9820,0,0
9830,0,0
9840,0,0
9850,0,0
9860,0,0
9870,0,0
9880,0,0
9890,0,0
9900,0,0
9910,0,0
9920,0,0
9930,0,0
9940,0,0
9950,0,0
9960,0,0
9970,0,0
9980,0,0
9990,0,0
