0,0.499999,0.499973
100,0.497947,0.499259
200,0.491356,0.498896
300,0.486084,0.498378
400,0.473133,0.498985
500,0.488363,0.498741
600,0.49218,0.498614
700,0.490795,0.499788
800,0.468312,0.499491
900,0.472871,0.499212
1000,0.460126,0.498149
1100,0.466536,0.497441
1200,0.470419,0.496664
1300,0.46713,0.496474
1400,0.485331,0.496219
1500,0.485255,0.494972
1600,0.492197,0.493404
1700,0.488467,0.492294
1800,0.494621,0.490872
1900,0.478392,0.490284
2000,0.493609,0.488985
2100,0.494713,0.487492
2200,0.477143,0.485775
2300,0.477083,0.484109
2400,0.487359,0.482257
2500,0.485203,0.480423
2600,0.49168,0.478088
2700,0.482382,0.476144
2800,0.46446,0.472886
2900,0.474685,0.470459
3000,0.474807,0.467703
3100,0.467788,0.46518
3200,0.47948,0.461024
3300,0.467545,0.457226
3400,0.478656,0.453651
3500,0.464633,0.449092
3600,0.466322,0.44462
3700,0.478823,0.441142
3800,0.485153,0.436814
3900,0.476326,0.43212
4000,0.466487,0.428485
4100,0.465025,0.424104
4200,0.460676,0.419774
4300,0.454052,0.414511
4400,0.460041,0.409891
4500,0.452869,0.405404
4600,0.457478,0.399808
4700,0.470106,0.394875
4800,0.466039,0.390363
4900,0.460054,0.386273
5000,0.463739,0.382528
5100,0.460521,0.379372
5200,0.453003,0.3771
5300,0.436614,0.374984
5400,0.438326,0.373762
5500,0.447116,0.372969
5600,0.461944,0.371701
5700,0.456053,0.371069
5800,0.462931,0.369604
5900,0.456154,0.369355
6000,0.435874,0.369239
6100,0.434316,0.370187
6200,0.442569,0.370894
6300,0.45356,0.371362
6400,0.458472,0.372782
6500,0.451033,0.373796
6600,0.450385,0.374741
6700,0.450876,0.375579
6800,0.45554,0.376346
6900,0.443299,0.377635
7000,0.458996,0.379005
7100,0.462153,0.37944
7200,0.449383,0.379198
7300,0.462488,0.379296
7400,0.460873,0.379056
7500,0.446559,0.377619
7600,0.466473,0.37642
7700,0.456163,0.375231
7800,0.453286,0.373523
7900,0.45253,0.371361
8000,0.443053,0.369544
8100,0.440266,0.36738
8200,0.43073,0.365164
8300,0.427576,0.362856
8400,0.437402,0.361046
8500,0.433478,0.360132
8600,0.438201,0.359821
8700,0.424504,0.359562
8800,0.416667,0.359201
8900,0.407654,0.359018
9000,0.414749,0.358293
9100,0.411624,0.357519
9200,0.409997,0.356794
9300,0.410102,0.355921
9400,0.404054,0.355079
9500,0.405789,0.355006
9600,0.413528,0.354486
9700,0.410225,0.353901
9800,0.423086,0.3525
9900,0.406388,0.350305
10000,0.405222,0.346588
10100,0.39687,0.342352
10200,0.38684,0.336997
10300,0.396626,0.331632
10400,0.380739,0.325514
10500,0.390457,0.318942
10600,0.373232,0.311816
10700,0.364265,0.304238
10800,0.355617,0.296419
10900,0.355848,0.28816
11000,0.362966,0.28032
11100,0.350265,0.271681
11200,0.344382,0.263543
11300,0.345107,0.255559
11400,0.339492,0.247696
11500,0.322956,0.241337
11600,0.324827,0.234651
11700,0.327277,0.227741
11800,0.330037,0.221171
11900,0.311375,0.21568
12000,0.31111,0.210361
12100,0.318043,0.205506
12200,0.324198,0.20148
12300,0.312985,0.197064
12400,0.312723,0.193788
12500,0.31859,0.190531
12600,0.299291,0.188734
12700,0.308081,0.187384
12800,0.305356,0.186156
12900,0.300403,0.185172
13000,0.307746,0.184346
13100,0.303918,0.183278
13200,0.311009,0.182624
13300,0.298897,0.182213
13400,0.309967,0.182145
13500,0.308506,0.182466
13600,0.319606,0.183508
13700,0.308421,0.184551
13800,0.310334,0.185274
13900,0.315413,0.186617
14000,0.318771,0.188572
14100,0.320378,0.191102
14200,0.312671,0.193574
14300,0.320935,0.196128
14400,0.327569,0.198466
14500,0.323525,0.20076
14600,0.335152,0.203029
14700,0.335229,0.205434
14800,0.325365,0.208005
14900,0.33926,0.210753
15000,0.340261,0.213821
15100,0.353539,0.216878
15200,0.354096,0.220403
15300,0.353637,0.224581
15400,0.347975,0.228681
15500,0.349663,0.233018
15600,0.348456,0.237351
15700,0.358935,0.241134
15800,0.349356,0.244448
15900,0.359243,0.248035
16000,0.373892,0.251628
16100,0.366528,0.254948
16200,0.356322,0.25752
16300,0.353304,0.259781
16400,0.36975,0.261895
16500,0.379738,0.263732
16600,0.381519,0.266241
16700,0.38075,0.268455
16800,0.373082,0.269843
16900,0.373654,0.270852
17000,0.379339,0.271491
17100,0.394665,0.271583
17200,0.389928,0.271381
17300,0.392118,0.270992
17400,0.388414,0.270982
17500,0.392818,0.270333
17600,0.388958,0.269059
17700,0.392272,0.268029
17800,0.389377,0.268292
17900,0.394927,0.268189
18000,0.39382,0.26809
18100,0.377553,0.26861
18200,0.390694,0.269414
18300,0.382483,0.270135
18400,0.39286,0.271065
18500,0.399447,0.271281
18600,0.393402,0.271692
18700,0.39071,0.272792
18800,0.391184,0.274345
18900,0.403047,0.276192
19000,0.404745,0.278437
19100,0.402747,0.281269
19200,0.407772,0.284118
19300,0.398293,0.287369
19400,0.409818,0.290634
19500,0.40136,0.294138
19600,0.4111,0.297908
19700,0.424202,0.301332
19800,0.415931,0.30424
19900,0.408038,0.307114
20000,0.420337,0.309236
20100,0.41775,0.31168
20200,0.408017,0.313738
20300,0.404241,0.316344
20400,0.40369,0.318922
20500,0.403708,0.320777
20600,0.422286,0.322309
20700,0.421612,0.323633
20800,0.416424,0.324329
20900,0.424881,0.324276
21000,0.419696,0.323381
21100,0.422009,0.322257
21200,0.417316,0.321898
21300,0.421224,0.321465
21400,0.433727,0.320036
21500,0.429435,0.317705
21600,0.421639,0.315002
21700,0.416397,0.312222
21800,0.408446,0.309918
21900,0.402173,0.30773
22000,0.402506,0.305648
22100,0.420363,0.303831
22200,0.409437,0.301533
22300,0.400481,0.299461
22400,0.395193,0.297488
22500,0.395499,0.294571
22600,0.389396,0.291721
22700,0.387904,0.289953
22800,0.375357,0.287877
22900,0.370725,0.285726
23000,0.373089,0.283709
23100,0.385126,0.281126
23200,0.367769,0.278744
23300,0.365615,0.275529
23400,0.363119,0.271951
23500,0.35726,0.268742
23600,0.341378,0.265288
23700,0.33922,0.260802
23800,0.337074,0.255472
23900,0.332366,0.250558
24000,0.329168,0.245342
24100,0.323603,0.240495
24200,0.31725,0.234614
24300,0.310703,0.229748
24400,0.319231,0.224452
24500,0.302162,0.218685
24600,0.289966,0.21285
24700,0.294943,0.207096
24800,0.286874,0.201603
24900,0.276225,0.196215
25000,0.27572,0.190999
25100,0.264291,0.185148
25200,0.263556,0.180046
25300,0.26639,0.175231
25400,0.268463,0.170426
25500,0.255861,0.166074
25600,0.253986,0.162134
25700,0.245878,0.158361
25800,0.240999,0.154737
25900,0.236739,0.151079
26000,0.247407,0.147359
26100,0.24737,0.144055
26200,0.23091,0.140613
26300,0.221544,0.137235
26400,0.22976,0.135278
26500,0.231303,0.133317
26600,0.215058,0.131326
26700,0.217322,0.129393
26800,0.220239,0.127804
26900,0.227546,0.126229
27000,0.214338,0.124901
27100,0.215402,0.123351
27200,0.214708,0.122297
27300,0.210639,0.121272
27400,0.208639,0.120012
27500,0.209052,0.119466
27600,0.195415,0.118687
27700,0.197607,0.118328
27800,0.206102,0.117865
27900,0.213007,0.117466
28000,0.218804,0.117176
28100,0.210001,0.116977
28200,0.214349,0.116667
28300,0.219061,0.116714
28400,0.229438,0.116675
28500,0.231679,0.117157
28600,0.226664,0.118071
28700,0.243747,0.119799
28800,0.245348,0.122129
28900,0.247015,0.124741
29000,0.240375,0.127697
29100,0.239067,0.130832
29200,0.253039,0.134218
29300,0.245037,0.137908
29400,0.250679,0.14218
29500,0.248366,0.146217
29600,0.243568,0.150415
29700,0.250051,0.154283
29800,0.264641,0.159241
29900,0.26687,0.164219
30000,0.267847,0.169157
30100,0.283299,0.173591
30200,0.287064,0.177202
30300,0.276117,0.181086
30400,0.272557,0.185216
30500,0.295597,0.188139
30600,0.30304,0.190907
30700,0.300096,0.192555
30800,0.289739,0.1946
30900,0.309423,0.195561
31000,0.318231,0.196569
31100,0.299274,0.197817
31200,0.309601,0.198117
31300,0.314825,0.197592
31400,0.312921,0.195962
31500,0.314025,0.194694
31600,0.316962,0.193258
31700,0.309091,0.191185
31800,0.29253,0.188738
31900,0.295636,0.187299
32000,0.298079,0.185712
32100,0.300333,0.184471
32200,0.295199,0.184203
32300,0.299246,0.185322
32400,0.300334,0.18746
32500,0.323075,0.191726
32600,0.309201,0.197378
32700,0.312579,0.204381
32800,0.317589,0.212893
32900,0.353419,0.221814
33000,0.353537,0.232615
33100,0.357257,0.243968
33200,0.368965,0.256762
33300,0.366204,0.269941
33400,0.383629,0.284581
33500,0.395085,0.299697
33600,0.414372,0.315637
33700,0.424329,0.33225
33800,0.404328,0.349124
33900,0.407766,0.36572
34000,0.418228,0.382424
34100,0.430605,0.398915
34200,0.428311,0.415696
34300,0.438951,0.433333
34400,0.434528,0.450619
34500,0.437074,0.467844
34600,0.456658,0.485414
34700,0.445151,0.501255
34800,0.429121,0.516154
34900,0.428664,0.530558
35000,0.439331,0.545979
35100,0.441049,0.559973
35200,0.437348,0.573258
35300,0.430273,0.586471
35400,0.428681,0.59906
35500,0.421278,0.610459
35600,0.41953,0.62193
35700,0.399944,0.633513
35800,0.397236,0.643843
35900,0.401151,0.654387
36000,0.405575,0.664489
36100,0.40395,0.674614
36200,0.402189,0.684136
36300,0.383258,0.692617
36400,0.37726,0.700279
36500,0.36821,0.70783
36600,0.371044,0.713871
36700,0.368372,0.720618
36800,0.367436,0.726603
36900,0.36242,0.732073
37000,0.34926,0.73754
37100,0.371809,0.74161
37200,0.351309,0.745294
37300,0.354735,0.74866
37400,0.352421,0.750743
37500,0.345904,0.753872
37600,0.335832,0.756386
37700,0.345438,0.759008
37800,0.344586,0.761682
37900,0.334468,0.76324
38000,0.327675,0.765461
38100,0.324221,0.767955
38200,0.327167,0.769386
38300,0.330288,0.771264
38400,0.321242,0.773956
38500,0.310509,0.776623
38600,0.31172,0.779121
38700,0.308308,0.781499
38800,0.307497,0.78436
38900,0.315945,0.787051
39000,0.299852,0.790681
39100,0.300395,0.793226
39200,0.296976,0.796242
39300,0.320098,0.799304
39400,0.300088,0.801904
39500,0.304732,0.80515
39600,0.310458,0.807996
39700,0.303893,0.810859
39800,0.303819,0.813365
39900,0.299042,0.815557
40000,0.289451,0.818397
40100,0.283694,0.820815
40200,0.286899,0.82211
40300,0.281304,0.824132
40400,0.265096,0.825751
40500,0.279318,0.82672
40600,0.282406,0.827684
40700,0.288824,0.828886
40800,0.285661,0.829584
40900,0.277417,0.830196
41000,0.273513,0.830503
41100,0.286692,0.831244
41200,0.268697,0.831253
41300,0.263837,0.831518
41400,0.266016,0.832157
41500,0.25989,0.832173
41600,0.262296,0.831987
41700,0.275259,0.832567
41800,0.274293,0.832989
41900,0.275256,0.833313
42000,0.270916,0.833526
42100,0.271844,0.834174
42200,0.265909,0.834504
42300,0.269891,0.835513
42400,0.253781,0.836405
42500,0.245001,0.836671
42600,0.248822,0.836976
42700,0.252123,0.837241
42800,0.263378,0.837763
42900,0.255094,0.83849
43000,0.259899,0.839142
43100,0.259967,0.839518
43200,0.250793,0.839641
43300,0.270112,0.839649
43400,0.247007,0.839298
43500,0.242619,0.83948
43600,0.251089,0.838996
43700,0.250069,0.83896
43800,0.256998,0.839393
43900,0.255456,0.839864
44000,0.255192,0.83992
44100,0.255816,0.839987
44200,0.252471,0.840012
44300,0.256997,0.839965
44400,0.256781,0.840232
44500,0.253366,0.8397
44600,0.252267,0.839459
44700,0.250298,0.839345
44800,0.247418,0.839687
44900,0.248084,0.839941
45000,0.249104,0.840471
45100,0.274578,0.840669
45200,0.272559,0.840566
45300,0.265976,0.840828
45400,0.269191,0.841002
45500,0.272252,0.841644
45600,0.259476,0.841807
45700,0.267401,0.842753
45800,0.276458,0.843325
45900,0.281264,0.843447
46000,0.281039,0.842592
46100,0.279506,0.841574
46200,0.277081,0.840149
46300,0.285295,0.838186
46400,0.279713,0.835826
46500,0.276558,0.833931
46600,0.273708,0.831615
46700,0.275286,0.82888
46800,0.297093,0.826216
46900,0.277034,0.823856
47000,0.308139,0.820784
47100,0.312816,0.8181
47200,0.305439,0.815536
47300,0.306679,0.812846
47400,0.310685,0.809843
47500,0.314826,0.80609
47600,0.323842,0.80233
47700,0.319362,0.798414
47800,0.32422,0.794712
47900,0.346916,0.790484
48000,0.350521,0.786126
48100,0.336772,0.782005
48200,0.358825,0.777797
48300,0.360738,0.774356
48400,0.370939,0.769486
48500,0.370495,0.764856
48600,0.365295,0.760475
48700,0.35833,0.755437
48800,0.371744,0.75136
48900,0.385464,0.746734
49000,0.373975,0.742447
49100,0.383448,0.737792
49200,0.38183,0.73384
49300,0.388704,0.728081
49400,0.409691,0.722158
49500,0.417535,0.715763
49600,0.415715,0.70919
49700,0.42314,0.702267
49800,0.428973,0.695512
49900,0.426091,0.688452
50000,0.430339,0.681206
50100,0.441209,0.673563
50200,0.441652,0.665601
50300,0.448261,0.657529
50400,0.440322,0.650343
50500,0.452223,0.643359
50600,0.459112,0.636792
50700,0.463749,0.630113
50800,0.438163,0.624399
50900,0.437023,0.618654
51000,0.442133,0.613407
51100,0.46383,0.607916
51200,0.461519,0.603302
51300,0.450023,0.599224
51400,0.47006,0.595173
51500,0.469677,0.591415
51600,0.48008,0.58899
51700,0.473191,0.586735
51800,0.475866,0.584997
51900,0.479543,0.58347
52000,0.46752,0.582505
52100,0.475954,0.582349
52200,0.471408,0.582052
52300,0.470658,0.580486
52400,0.483581,0.579267
52500,0.4774,0.577511
52600,0.470548,0.576632
52700,0.472123,0.574504
52800,0.482402,0.571991
52900,0.47675,0.57004
53000,0.477883,0.56744
53100,0.472945,0.565227
53200,0.47449,0.561558
53300,0.470249,0.558415
53400,0.470857,0.555071
53500,0.470632,0.551133
53600,0.472585,0.547701
53700,0.477995,0.543407
53800,0.488389,0.539455
53900,0.472213,0.535862
54000,0.476189,0.531687
54100,0.483074,0.527218
54200,0.4835,0.522804
54300,0.465646,0.518011
54400,0.47359,0.511839
54500,0.47624,0.507014
54600,0.467989,0.502262
54700,0.466273,0.497091
54800,0.470004,0.49164
54900,0.475616,0.48692
55000,0.470683,0.482356
55100,0.48488,0.476512
55200,0.474231,0.471243
55300,0.483979,0.465518
55400,0.480227,0.459548
55500,0.482143,0.453468
55600,0.485535,0.44697
55700,0.478419,0.441941
55800,0.481413,0.435508
55900,0.467925,0.429524
56000,0.480857,0.424118
56100,0.471934,0.41858
56200,0.466707,0.414248
56300,0.457496,0.410642
56400,0.458177,0.407101
56500,0.468555,0.404591
56600,0.457651,0.401917
56700,0.463145,0.399547
56800,0.467996,0.397832
56900,0.468955,0.396038
57000,0.458431,0.394304
57100,0.457243,0.392323
57200,0.449752,0.391245
57300,0.465012,0.391159
57400,0.45695,0.391158
57500,0.464784,0.391973
57600,0.466799,0.393242
57700,0.466238,0.394845
57800,0.460292,0.397144
57900,0.470514,0.400204
58000,0.46874,0.402948
58100,0.478232,0.406081
58200,0.476584,0.409259
58300,0.476641,0.412013
58400,0.460999,0.416433
58500,0.479685,0.420901
58600,0.476607,0.424812
58700,0.476039,0.42965
58800,0.466085,0.434369
58900,0.460538,0.439374
59000,0.479442,0.44354
59100,0.471038,0.448565
59200,0.477157,0.452959
59300,0.48792,0.45759
59400,0.491731,0.461423
59500,0.495054,0.466075
59600,0.48785,0.470181
59700,0.48191,0.474191
59800,0.488375,0.478073
59900,0.49349,0.481507
60000,0.479788,0.48515
60100,0.493039,0.488859
60200,0.488955,0.491934
60300,0.489336,0.494708
60400,0.4868,0.497068
60500,0.492113,0.498832
60600,0.491406,0.500616
60700,0.482956,0.502905
60800,0.470181,0.504051
60900,0.451618,0.50568
61000,0.459589,0.506878
61100,0.486978,0.508425
61200,0.490983,0.510258
61300,0.490149,0.512024
61400,0.482233,0.513512
61500,0.490989,0.515884
61600,0.492349,0.518274
61700,0.483205,0.520612
61800,0.469854,0.52226
61900,0.457529,0.523512
62000,0.461209,0.524469
62100,0.458185,0.525624
62200,0.458857,0.527323
62300,0.461521,0.528936
62400,0.452657,0.530421
62500,0.47071,0.531356
62600,0.461933,0.532076
62700,0.450601,0.533684
62800,0.465969,0.535368
62900,0.470788,0.53778
63000,0.463994,0.540495
63100,0.476934,0.544254
63200,0.478824,0.547388
63300,0.472091,0.551136
63400,0.463142,0.554797
63500,0.472226,0.558878
63600,0.464885,0.562983
63700,0.457811,0.567641
63800,0.449839,0.572277
63900,0.450747,0.577263
64000,0.452626,0.582409
64100,0.459362,0.589177
64200,0.451904,0.595378
64300,0.467213,0.602098
64400,0.463039,0.609013
64500,0.462806,0.615993
64600,0.449291,0.621896
64700,0.458854,0.627786
64800,0.456725,0.632758
64900,0.448403,0.637358
65000,0.428021,0.642218
65100,0.433561,0.645234
65200,0.454547,0.647763
65300,0.445692,0.649668
65400,0.443797,0.650595
65500,0.44408,0.651157
65600,0.446574,0.651634
65700,0.427885,0.651778
65800,0.443117,0.653234
65900,0.443067,0.653551
66000,0.451328,0.653203
66100,0.454379,0.652272
66200,0.434843,0.651116
66300,0.455617,0.649937
66400,0.454762,0.648483
66500,0.451055,0.646381
66600,0.443992,0.644498
66700,0.448243,0.642871
66800,0.450322,0.64098
66900,0.456667,0.638908
67000,0.446194,0.637149
67100,0.465912,0.634686
67200,0.46121,0.632878
67300,0.461287,0.630556
67400,0.467089,0.627722
67500,0.459751,0.625293
67600,0.463216,0.62249
67700,0.454455,0.619365
67800,0.450074,0.615941
67900,0.460608,0.612662
68000,0.442446,0.609741
68100,0.442108,0.606279
68200,0.452925,0.602903
68300,0.464893,0.599614
68400,0.474685,0.596391
68500,0.476255,0.592979
68600,0.477309,0.590143
68700,0.453546,0.587427
68800,0.461362,0.584832
68900,0.482761,0.582199
69000,0.472009,0.580129
69100,0.48495,0.579187
69200,0.47261,0.578015
69300,0.469822,0.576092
69400,0.471602,0.574683
69500,0.47209,0.573722
69600,0.46378,0.572652
69700,0.471387,0.57256
69800,0.465226,0.573435
69900,0.476251,0.573083
70000,0.47803,0.573466
70100,0.471084,0.574128
70200,0.460606,0.576078
70300,0.473076,0.576848
70400,0.482208,0.577956
70500,0.477352,0.580886
70600,0.485413,0.582719
70700,0.47828,0.584102
70800,0.475245,0.586082
70900,0.467427,0.587893
71000,0.468355,0.589335
71100,0.470071,0.590702
71200,0.46581,0.591796
71300,0.47047,0.592279
71400,0.452343,0.593338
71500,0.477438,0.593297
71600,0.476269,0.593693
71700,0.480103,0.593408
71800,0.466012,0.59313
71900,0.471566,0.592634
72000,0.466534,0.592195
72100,0.463891,0.591381
72200,0.455385,0.589097
72300,0.460768,0.586156
72400,0.466067,0.584539
72500,0.454726,0.581854
72600,0.4574,0.580166
72700,0.455208,0.577555
72800,0.464754,0.574664
72900,0.46433,0.571942
73000,0.478757,0.569204
73100,0.467388,0.566828
73200,0.461866,0.565601
73300,0.47398,0.563202
73400,0.480771,0.562364
73500,0.475062,0.56132
73600,0.476214,0.560979
73700,0.475451,0.561243
73800,0.478463,0.561181
73900,0.476295,0.561011
74000,0.480639,0.562331
74100,0.480703,0.564872
74200,0.473839,0.566001
74300,0.484925,0.56799
74400,0.47645,0.570351
74500,0.466574,0.572291
74600,0.482298,0.573474
74700,0.482313,0.576102
74800,0.477803,0.57842
74900,0.47603,0.580674
75000,0.478565,0.582015
75100,0.475709,0.58459
75200,0.474201,0.585659
75300,0.474402,0.587183
75400,0.472879,0.588708
75500,0.47241,0.590536
75600,0.469221,0.591366
75700,0.47477,0.5925
75800,0.480216,0.592563
75900,0.473027,0.593176
76000,0.468032,0.59365
76100,0.476927,0.593597
76200,0.460676,0.592409
76300,0.459001,0.591851
76400,0.437313,0.591672
76500,0.450517,0.589419
76600,0.463373,0.587728
76700,0.455622,0.585021
76800,0.456283,0.582106
76900,0.458959,0.579018
77000,0.462238,0.576022
77100,0.471425,0.573995
77200,0.474654,0.571895
77300,0.486611,0.57004
77400,0.470956,0.568366
77500,0.452827,0.567268
77600,0.462946,0.566165
77700,0.461387,0.56585
77800,0.479667,0.566021
77900,0.47163,0.566534
78000,0.472296,0.567217
78100,0.486719,0.567835
78200,0.482199,0.567971
78300,0.442512,0.569015
78400,0.462206,0.569998
78500,0.468543,0.571542
78600,0.463872,0.573416
78700,0.464365,0.575411
78800,0.455188,0.577901
78900,0.440004,0.581006
79000,0.437522,0.584333
79100,0.439373,0.58924
79200,0.423492,0.593501
79300,0.425923,0.59774
79400,0.434597,0.60272
79500,0.431559,0.607472
79600,0.428749,0.612304
79700,0.416798,0.618369
79800,0.428669,0.623636
79900,0.43959,0.628603
80000,0.437017,0.634513
80100,0.437285,0.63999
80200,0.42476,0.646195
80300,0.421792,0.651855
80400,0.422983,0.657369
80500,0.421711,0.663469
80600,0.392786,0.669427
80700,0.392525,0.67543
80800,0.38395,0.681379
80900,0.374776,0.686354
81000,0.380432,0.691934
81100,0.375458,0.696976
81200,0.372192,0.701805
81300,0.373678,0.707126
81400,0.35944,0.712169
81500,0.35587,0.717641
81600,0.35902,0.722754
81700,0.34611,0.727978
81800,0.349051,0.733052
81900,0.33722,0.738786
82000,0.333239,0.743929
82100,0.326721,0.749067
82200,0.321568,0.754191
82300,0.320818,0.75966
82400,0.320564,0.765568
82500,0.316544,0.771261
82600,0.299122,0.776996
82700,0.291153,0.782932
82800,0.284605,0.789211
82900,0.273933,0.795821
83000,0.268654,0.802222
83100,0.259977,0.80817
83200,0.24755,0.814954
83300,0.237582,0.822007
83400,0.230319,0.828614
83500,0.218517,0.835388
83600,0.218479,0.842355
83700,0.207874,0.84923
83800,0.210905,0.856206
83900,0.204685,0.862983
84000,0.206256,0.869368
84100,0.206717,0.875624
84200,0.195709,0.881611
84300,0.176217,0.887252
84400,0.167611,0.892189
84500,0.155728,0.896904
84600,0.148712,0.901586
84700,0.143179,0.906125
84800,0.142879,0.910304
84900,0.14137,0.913647
85000,0.136718,0.917211
85100,0.13063,0.920264
85200,0.126608,0.923457
85300,0.116279,0.926496
85400,0.114555,0.929229
85500,0.112192,0.931571
85600,0.10736,0.934167
85700,0.107364,0.936158
85800,0.105634,0.938113
85900,0.101169,0.940147
86000,0.0979434,0.941922
86100,0.0943995,0.943755
86200,0.0905663,0.945218
86300,0.0902135,0.946501
86400,0.0877779,0.947707
86500,0.0875346,0.949079
86600,0.0826491,0.950396
86700,0.0803906,0.951691
86800,0.0793819,0.952741
86900,0.0775413,0.954029
87000,0.0759794,0.95516
87100,0.0768182,0.956195
87200,0.0732234,0.956994
87300,0.0745439,0.957681
87400,0.0722223,0.95823
87500,0.0708402,0.958839
87600,0.0700347,0.959352
87700,0.070421,0.959405
87800,0.0685437,0.959773
87900,0.0640069,0.960257
88000,0.0630892,0.960531
88100,0.0649147,0.960663
88200,0.0641159,0.960862
88300,0.0627962,0.961097
88400,0.0631992,0.961447
88500,0.0631047,0.962038
88600,0.0610668,0.962601
88700,0.0606808,0.963052
88800,0.0607747,0.963686
88900,0.0585344,0.96408
89000,0.0589866,0.964475
89100,0.058505,0.965142
89200,0.0566739,0.965986
89300,0.0578289,0.966643
89400,0.0563184,0.9675
89500,0.0534311,0.968568
89600,0.0521423,0.969422
89700,0.0499789,0.970541
89800,0.0462755,0.97176
89900,0.045139,0.972828
90000,0.0432133,0.974037
90100,0.0406409,0.975207
90200,0.0387132,0.976148
90300,0.0377613,0.977304
90400,0.0356677,0.978258
90500,0.0336833,0.979494
90600,0.031833,0.980514
90700,0.0301993,0.981461
90800,0.0281823,0.982416
90900,0.0277003,0.983497
91000,0.0276674,0.984347
91100,0.02554,0.985386
91200,0.0248765,0.986382
91300,0.0267312,0.987089
91400,0.0235601,0.987868
91500,0.0221248,0.988491
91600,0.0273596,0.989075
91700,0.02143,0.989447
91800,0.0190795,0.989942
91900,0.0194141,0.990178
92000,0.0172783,0.990551
92100,0.0184768,0.990751
92200,0.0265489,0.991074
92300,0.019146,0.99112
92400,0.0225949,0.991112
92500,0.0219849,0.991177
92600,0.0179346,0.991186
92700,0.0176941,0.99114
92800,0.0182863,0.991071
92900,0.0185119,0.990946
93000,0.0198367,0.990675
93100,0.0226961,0.990367
93200,0.0210127,0.99005
93300,0.0180893,0.989874
93400,0.0190312,0.989527
93500,0.0196981,0.989027
93600,0.0205114,0.988659
93700,0.021046,0.98819
93800,0.0217477,0.988008
93900,0.0210531,0.987896
94000,0.0210664,0.987595
94100,0.0216026,0.98721
94200,0.0215683,0.986932
94300,0.0227369,0.9869
94400,0.0225524,0.986764
94500,0.0233689,0.986711
94600,0.0224241,0.986639
94700,0.0223494,0.986681
94800,0.0216596,0.986735
94900,0.0206507,0.986859
95000,0.0211538,0.986891
95100,0.0205111,0.987062
95200,0.0205888,0.9873
95300,0.0195666,0.987681
95400,0.0186388,0.988112
95500,0.0181199,0.988584
95600,0.0168903,0.989059
95700,0.0165126,0.989561
95800,0.0156647,0.990062
95900,0.0150724,0.990585
96000,0.013754,0.991176
96100,0.0127041,0.991733
96200,0.0118881,0.992247
96300,0.010895,0.992776
96400,0.0102625,0.993386
96500,0.00941823,0.993859
96600,0.00871022,0.9943
96700,0.00799083,0.994746
96800,0.00725164,0.995236
96900,0.00658086,0.995722
97000,0.00584852,0.996217
97100,0.00532021,0.996618
97200,0.00470078,0.997005
97300,0.00408028,0.997425
97400,0.00347931,0.997748
97500,0.00319678,0.998012
97600,0.00278339,0.99826
97700,0.00245651,0.998453
97800,0.00218135,0.99867
97900,0.00193821,0.998796
98000,0.00169346,0.998941
98100,0.00155174,0.999059
98200,0.00146345,0.99914
98300,0.00121439,0.99925
98400,0.00107427,0.999333
98500,0.000880665,0.999449
98600,0.000753222,0.99954
98700,0.000639135,0.999608
98800,0.000514957,0.999684
98900,0.000423616,0.999735
99000,0.000300999,0.999807
99100,0.000277759,0.999829
99200,0.000269401,0.999835
99300,0.0002412,0.999851
99400,0.000194189,0.99988
99500,0.00019277,0.999883
99600,0.000192975,0.999881
99700,0.000160239,0.999901
99800,0.000139217,0.999914
99900,0.000112934,0.999929
