0,0.499999,0.500006
100,0.499231,0.500632
200,0.492938,0.500429
300,0.490663,0.500358
400,0.485502,0.500971
500,0.484069,0.500549
600,0.49098,0.499883
700,0.498864,0.499984
800,0.491043,0.498263
900,0.491533,0.497323
1000,0.477337,0.496841
1100,0.473333,0.496007
1200,0.477822,0.495627
1300,0.493507,0.495322
1400,0.484065,0.495394
1500,0.480018,0.495575
1600,0.474733,0.495156
1700,0.49629,0.495357
1800,0.493408,0.496202
1900,0.496699,0.496277
2000,0.496647,0.496198
2100,0.491044,0.496346
2200,0.49557,0.497082
2300,0.489338,0.497073
2400,0.484014,0.496383
2500,0.483517,0.496472
2600,0.494554,0.496191
2700,0.483501,0.495675
2800,0.493952,0.495773
2900,0.490588,0.495323
3000,0.488712,0.495418
3100,0.494968,0.495138
3200,0.477774,0.495335
3300,0.469493,0.494975
3400,0.481607,0.494255
3500,0.489032,0.49356
3600,0.484717,0.492795
3700,0.486028,0.492071
3800,0.492883,0.490952
3900,0.471246,0.490508
4000,0.480783,0.490014
4100,0.495077,0.489564
4200,0.491036,0.488738
4300,0.490529,0.488515
4400,0.476229,0.487112
4500,0.477524,0.486449
4600,0.471705,0.485699
4700,0.495931,0.483798
4800,0.48296,0.482159
4900,0.480484,0.480564
5000,0.479294,0.479143
5100,0.477279,0.476628
5200,0.488182,0.475228
5300,0.479241,0.47298
5400,0.467907,0.470757
5500,0.480097,0.468279
5600,0.472661,0.466088
5700,0.475322,0.462837
5800,0.482255,0.459221
5900,0.47182,0.456162
6000,0.4886,0.453378
6100,0.480543,0.450162
6200,0.468238,0.44817
6300,0.485124,0.446896
6400,0.486922,0.445994
6500,0.474346,0.445228
6600,0.479839,0.445465
6700,0.468995,0.445546
6800,0.465882,0.446047
6900,0.471926,0.445799
7000,0.475901,0.446245
7100,0.469203,0.446219
7200,0.475133,0.446447
7300,0.463494,0.446305
7400,0.463246,0.445495
7500,0.477214,0.444938
7600,0.475848,0.443957
7700,0.484941,0.442625
7800,0.473005,0.441693
7900,0.473438,0.440744
8000,0.483751,0.439521
8100,0.480752,0.43745
8200,0.483333,0.435068
8300,0.483067,0.43212
8400,0.472118,0.429193
8500,0.467515,0.425142
8600,0.470781,0.420823
8700,0.46719,0.415611
8800,0.466782,0.410647
8900,0.474422,0.406324
9000,0.463389,0.401313
9100,0.467915,0.396904
9200,0.438832,0.392327
9300,0.455742,0.388685
9400,0.456244,0.385686
9500,0.466015,0.382023
9600,0.451699,0.378179
9700,0.457576,0.375216
9800,0.44257,0.373342
9900,0.434647,0.371992
10000,0.446686,0.371419
10100,0.455358,0.369968
10200,0.459773,0.368665
10300,0.456713,0.367552
10400,0.458246,0.365536
10500,0.447108,0.363801
10600,0.449859,0.362169
10700,0.439861,0.360338
10800,0.430753,0.358084
10900,0.454102,0.356426
11000,0.446391,0.354157
11100,0.449432,0.351844
11200,0.420615,0.349134
11300,0.430418,0.3473
11400,0.427498,0.344507
11500,0.437235,0.342564
11600,0.437887,0.340738
11700,0.431791,0.339887
11800,0.436678,0.337857
11900,0.435558,0.335647
12000,0.437538,0.333771
12100,0.43397,0.331208
12200,0.424316,0.328974
12300,0.432965,0.327404
12400,0.432791,0.325651
12500,0.433406,0.324309
12600,0.420962,0.322739
12700,0.430374,0.321258
12800,0.416109,0.319873
12900,0.41289,0.318821
13000,0.409033,0.317064
13100,0.396669,0.315895
13200,0.384173,0.314579
13300,0.388804,0.313454
13400,0.401069,0.311932
13500,0.398175,0.309994
13600,0.400276,0.308164
13700,0.414384,0.305539
13800,0.410154,0.302996
13900,0.407165,0.300616
14000,0.401241,0.298217
14100,0.417814,0.295574
14200,0.418014,0.293708
14300,0.409418,0.291778
14400,0.408508,0.290817
14500,0.406429,0.289899
14600,0.394269,0.288933
14700,0.395071,0.288336
14800,0.385956,0.287379
14900,0.39566,0.287326
15000,0.385447,0.286672
15100,0.38792,0.286581
15200,0.389467,0.28505
15300,0.384512,0.285476
15400,0.39182,0.284787
15500,0.398598,0.284128
15600,0.399812,0.284019
15700,0.398238,0.283982
15800,0.401502,0.283603
15900,0.407259,0.283758
16000,0.400917,0.28402
16100,0.39951,0.283414
16200,0.404421,0.283056
16300,0.391336,0.283462
16400,0.39981,0.28313
16500,0.396459,0.283299
16600,0.394837,0.283507
16700,0.396942,0.284261
16800,0.400997,0.284474
16900,0.400397,0.284365
17000,0.40212,0.28471
17100,0.416368,0.285205
17200,0.403351,0.286128
17300,0.409008,0.287015
17400,0.414431,0.289247
17500,0.417747,0.291329
17600,0.418399,0.294155
17700,0.421979,0.296881
17800,0.420594,0.301108
17900,0.419104,0.305928
18000,0.425604,0.310834
18100,0.417122,0.315447
18200,0.424601,0.320233
18300,0.442595,0.324601
18400,0.439405,0.329168
18500,0.440936,0.333385
18600,0.433136,0.336781
18700,0.440113,0.340556
18800,0.444488,0.343697
18900,0.431006,0.34715
19000,0.431797,0.350149
19100,0.435181,0.351736
19200,0.438126,0.353911
19300,0.42814,0.355138
19400,0.427989,0.357066
19500,0.426914,0.359026
19600,0.42446,0.359769
19700,0.432246,0.359685
19800,0.431952,0.359789
19900,0.427978,0.359326
20000,0.430865,0.357993
20100,0.422769,0.356533
20200,0.41602,0.353907
20300,0.4173,0.351686
20400,0.422175,0.349162
20500,0.411702,0.346286
20600,0.416151,0.342461
20700,0.42109,0.338346
20800,0.415582,0.334165
20900,0.420823,0.330222
21000,0.407466,0.32551
21100,0.416246,0.321373
21200,0.409865,0.317161
21300,0.410682,0.312298
21400,0.400298,0.307699
21500,0.409594,0.303811
21600,0.400876,0.298873
21700,0.392229,0.293512
21800,0.394535,0.288294
21900,0.39048,0.282423
22000,0.379462,0.277128
22100,0.365167,0.272101
22200,0.364693,0.267315
22300,0.353236,0.262825
22400,0.351571,0.258868
22500,0.349899,0.254377
22600,0.355912,0.250579
22700,0.346503,0.245477
22800,0.354694,0.240947
22900,0.344559,0.236067
23000,0.348776,0.232174
23100,0.337503,0.228352
23200,0.3467,0.224181
23300,0.338135,0.221053
23400,0.346637,0.217924
23500,0.338502,0.214162
23600,0.334397,0.211424
23700,0.323272,0.208864
23800,0.325851,0.205986
23900,0.332031,0.20402
24000,0.331527,0.202318
24100,0.318832,0.201275
24200,0.330024,0.200046
24300,0.32966,0.198206
24400,0.322897,0.196918
24500,0.326995,0.196307
24600,0.331976,0.195879
24700,0.329514,0.196323
24800,0.334116,0.197222
24900,0.343058,0.198423
25000,0.340799,0.201106
25100,0.334927,0.204259
25200,0.348646,0.208674
25300,0.344818,0.213771
25400,0.345024,0.219307
25500,0.336833,0.225302
25600,0.339782,0.231133
25700,0.341444,0.237178
25800,0.350368,0.243422
25900,0.348046,0.249338
26000,0.375523,0.255416
26100,0.374241,0.262064
26200,0.362721,0.26778
26300,0.378934,0.273727
26400,0.394196,0.279031
26500,0.37805,0.283743
26600,0.383966,0.288711
26700,0.387439,0.293383
26800,0.38802,0.297184
26900,0.395523,0.300474
27000,0.396402,0.303015
27100,0.41393,0.303798
27200,0.412216,0.304345
27300,0.399121,0.304794
27400,0.392708,0.303725
27500,0.397099,0.30268
27600,0.39679,0.300774
27700,0.40337,0.297545
27800,0.402378,0.294731
27900,0.37145,0.291149
28000,0.368402,0.287671
28100,0.369201,0.284095
28200,0.373745,0.280307
28300,0.382676,0.276975
28400,0.376045,0.27324
28500,0.372062,0.269593
28600,0.365903,0.266012
28700,0.355377,0.262831
28800,0.354468,0.259441
28900,0.344364,0.256638
29000,0.341952,0.254037
29100,0.350553,0.251232
29200,0.364533,0.24894
29300,0.361871,0.246409
29400,0.362257,0.244438
29500,0.356987,0.241918
29600,0.359517,0.239419
29700,0.364207,0.237229
29800,0.365018,0.235032
29900,0.3597,0.232415
30000,0.347017,0.230398
30100,0.335899,0.228956
30200,0.325637,0.226965
30300,0.335132,0.226819
30400,0.338502,0.225908
30500,0.333278,0.224875
30600,0.334408,0.223724
30700,0.321113,0.223021
30800,0.325133,0.222049
30900,0.330261,0.221243
31000,0.323422,0.220016
31100,0.3211,0.218304
31200,0.31628,0.216939
31300,0.311706,0.215516
31400,0.320437,0.213807
31500,0.328429,0.212433
31600,0.324355,0.21084
31700,0.309977,0.209819
31800,0.311297,0.208534
31900,0.319968,0.207701
32000,0.308875,0.207406
32100,0.303287,0.205947
32200,0.300475,0.204737
32300,0.307206,0.203927
32400,0.305839,0.202632
32500,0.29965,0.202049
32600,0.310599,0.200044
32700,0.305007,0.198502
32800,0.286763,0.197371
32900,0.292069,0.196705
33000,0.292244,0.194836
33100,0.284415,0.193775
33200,0.278749,0.192547
33300,0.278474,0.190575
33400,0.288254,0.189217
33500,0.28649,0.187263
33600,0.270699,0.185451
33700,0.262213,0.183983
33800,0.269457,0.182911
33900,0.272811,0.181213
34000,0.261608,0.179657
34100,0.262191,0.177677
34200,0.258501,0.17589
34300,0.257515,0.174652
34400,0.264545,0.173503
34500,0.273983,0.171715
34600,0.271274,0.169682
34700,0.260021,0.167898
34800,0.260912,0.165094
34900,0.26707,0.163188
35000,0.253327,0.160492
35100,0.256334,0.158152
35200,0.246218,0.156109
35300,0.243908,0.153375
35400,0.257967,0.15079
35500,0.25702,0.148709
35600,0.255625,0.147046
35700,0.238773,0.14508
35800,0.244298,0.143645
35900,0.232855,0.141871
36000,0.241165,0.140072
36100,0.245796,0.138868
36200,0.239685,0.137605
36300,0.242322,0.136394
36400,0.246324,0.135091
36500,0.241863,0.134619
36600,0.224831,0.134539
36700,0.226611,0.134547
36800,0.221456,0.13436
36900,0.227207,0.135544
37000,0.226941,0.136559
37100,0.247177,0.137618
37200,0.246342,0.139047
37300,0.237317,0.140216
37400,0.243956,0.141022
37500,0.238277,0.141469
37600,0.240951,0.142217
37700,0.254862,0.143271
37800,0.250136,0.144358
37900,0.258158,0.145213
38000,0.256999,0.146777
38100,0.257039,0.14801
38200,0.24085,0.14922
38300,0.24314,0.150202
38400,0.23805,0.150861
38500,0.249233,0.151099
38600,0.241778,0.151222
38700,0.233038,0.151548
38800,0.236149,0.151779
38900,0.23518,0.152332
39000,0.232763,0.152458
39100,0.241338,0.152349
39200,0.240828,0.152117
39300,0.232637,0.151625
39400,0.23425,0.151407
39500,0.240959,0.150931
39600,0.252732,0.150309
39700,0.245714,0.149639
39800,0.243237,0.148555
39900,0.240252,0.147763
40000,0.225817,0.147044
40100,0.223808,0.146848
40200,0.214412,0.145832
40300,0.212532,0.144769
40400,0.206198,0.143262
40500,0.210122,0.142395
40600,0.215045,0.141652
40700,0.208983,0.140289
40800,0.206641,0.139232
40900,0.198296,0.137315
41000,0.202192,0.135681
41100,0.200867,0.133742
41200,0.199292,0.131277
41300,0.197536,0.128691
41400,0.193097,0.12631
41500,0.187401,0.123566
41600,0.185666,0.120827
41700,0.179106,0.117303
41800,0.172615,0.113764
41900,0.171136,0.109928
42000,0.168773,0.106656
42100,0.167734,0.102951
42200,0.160067,0.10009
42300,0.152409,0.0968809
42400,0.162828,0.0940741
42500,0.151164,0.091162
42600,0.144966,0.0877869
42700,0.142956,0.084957
42800,0.140205,0.0819525
42900,0.129142,0.0784661
43000,0.125376,0.0756887
43100,0.117733,0.0727073
43200,0.122172,0.0698962
43300,0.107236,0.0674888
43400,0.10561,0.0655629
43500,0.103714,0.0635817
43600,0.0967012,0.0618779
43700,0.0980017,0.0603703
43800,0.0966844,0.0589496
43900,0.094003,0.0578039
44000,0.09091,0.0566181
44100,0.090874,0.0554605
44200,0.0873292,0.0546537
44300,0.0872964,0.0534984
44400,0.0881849,0.0524888
44500,0.0848419,0.0513253
44600,0.0813447,0.0500299
44700,0.0811684,0.0487739
44800,0.0783394,0.0475137
44900,0.0771151,0.0463396
45000,0.0737656,0.0451429
45100,0.0708602,0.0439642
45200,0.0713809,0.0424507
45300,0.069657,0.0410483
45400,0.0699607,0.0399719
45500,0.0711331,0.0388176
45600,0.0666717,0.0379127
45700,0.0635844,0.0371098
45800,0.0618253,0.0360715
45900,0.062238,0.0354844
46000,0.0580352,0.0349241
46100,0.0573998,0.0342781
46200,0.0560279,0.033788
46300,0.0557065,0.0331285
46400,0.0534292,0.0321648
46500,0.0514172,0.0313444
46600,0.0500268,0.0305964
46700,0.0492204,0.0295893
46800,0.0488382,0.0289124
46900,0.0469715,0.028111
47000,0.0444401,0.0272884
47100,0.0431621,0.0265012
47200,0.0423246,0.0257946
47300,0.0415774,0.0250865
47400,0.0403916,0.0244897
47500,0.0384388,0.02364
47600,0.0363352,0.0228144
47700,0.0356932,0.021911
47800,0.0354303,0.0209295
47900,0.0340807,0.0201296
48000,0.0330481,0.0193199
48100,0.0315055,0.0184566
48200,0.0293795,0.0175019
48300,0.0286269,0.0167229
48400,0.0270344,0.0159976
48500,0.0251979,0.0151073
48600,0.0243151,0.0144447
48700,0.023485,0.0138583
48800,0.0231442,0.0132748
48900,0.0221217,0.0127625
49000,0.0290387,0.0123125
49100,0.0286442,0.0121497
49200,0.0257106,0.0117671
49300,0.0257238,0.0114588
49400,0.0287503,0.011181
49500,0.0255126,0.0110801
49600,0.0223466,0.0109639
49700,0.0240205,0.0109922
49800,0.0264698,0.0110504
49900,0.0238028,0.0113831
50000,0.0271116,0.0117099
50100,0.0255677,0.0120865
50200,0.0264304,0.0126564
50300,0.0279015,0.0131767
50400,0.0280617,0.01368
50500,0.0279746,0.0141992
50600,0.0308204,0.0148628
50700,0.03053,0.0155963
50800,0.032242,0.0162713
50900,0.0329792,0.0171063
51000,0.0343491,0.0179312
51100,0.0350265,0.0187961
51200,0.034481,0.019477
51300,0.0362937,0.0201525
51400,0.0361891,0.0208409
51500,0.0374211,0.0215025
51600,0.0381822,0.0220155
51700,0.0381811,0.0223543
51800,0.037194,0.0223638
51900,0.0374226,0.0225247
52000,0.0369835,0.0224666
52100,0.0369252,0.0223349
52200,0.0355574,0.0222827
52300,0.0356166,0.0219471
52400,0.0349296,0.0217204
52500,0.0344748,0.0211452
52600,0.0324358,0.0206219
52700,0.0307218,0.0199462
52800,0.0307485,0.0193792
52900,0.0292026,0.0185362
53000,0.0286461,0.0175221
53100,0.0265845,0.0164653
53200,0.0249225,0.0155863
53300,0.024598,0.0145808
53400,0.0220086,0.0137446
53500,0.0207652,0.0129399
53600,0.0195089,0.0119751
53700,0.0183187,0.011211
53800,0.0171087,0.0104122
53900,0.0158579,0.0095988
54000,0.0146637,0.00889958
54100,0.0155173,0.00824659
54200,0.0139273,0.00759076
54300,0.0116301,0.00696397
54400,0.0109914,0.00644378
54500,0.0101177,0.00592202
54600,0.00988511,0.00555583
54700,0.00981065,0.00524001
54800,0.0088346,0.00496247
54900,0.00854539,0.00480145
55000,0.00806445,0.00456364
55100,0.00747743,0.0043802
55200,0.00721107,0.00425445
55300,0.00698529,0.00412068
55400,0.00690803,0.00396943
55500,0.00691682,0.00381203
55600,0.00648462,0.00375271
55700,0.00641493,0.00369987
55800,0.00586568,0.00355197
55900,0.00585453,0.00346037
56000,0.00600858,0.0033961
56100,0.00572698,0.00333632
56200,0.0056385,0.00329115
56300,0.00545873,0.00326271
56400,0.00553836,0.00324063
56500,0.00530332,0.00314284
56600,0.00508202,0.00298572
56700,0.00493304,0.00285627
56800,0.00486274,0.00272132
56900,0.00443949,0.00267141
57000,0.00434961,0.00251071
57100,0.00417406,0.00243922
57200,0.00399716,0.00236021
57300,0.00387983,0.00236159
57400,0.00377773,0.00230832
57500,0.00346205,0.00214488
57600,0.00332384,0.00210938
57700,0.00334128,0.00207691
57800,0.00328881,0.00199657
57900,0.0031353,0.00191282
58000,0.00356265,0.00183939
58100,0.00294032,0.00176122
58200,0.00278625,0.0016477
58300,0.00259086,0.00159831
58400,0.00259582,0.00150425
58500,0.00234766,0.00138963
58600,0.00229712,0.00128058
58700,0.00211414,0.00122885
58800,0.00200422,0.00117924
58900,0.00188559,0.00112848
59000,0.00174053,0.00105096
59100,0.00170787,0.000988489
59200,0.00158121,0.000945476
59300,0.00150497,0.000894223
59400,0.00140283,0.000854168
59500,0.00138404,0.00084664
59600,0.00124115,0.00075109
59700,0.00123724,0.000758749
59800,0.001126,0.000701622
59900,0.00108908,0.000683828
60000,0.00101554,0.000652158
60100,0.000955141,0.000623981
60200,0.000891662,0.00057957
60300,0.000880096,0.000554182
60400,0.000811418,0.000521934
60500,0.000763416,0.000491076
60600,0.000730324,0.000460163
60700,0.000634121,0.000405923
60800,0.000587053,0.000369916
60900,0.00050618,0.000312109
61000,0.000454043,0.000284452
61100,0.000425542,0.000263791
61200,0.00033446,0.000207311
61300,0.000257593,0.000159594
61400,0.000217215,0.000135984
61500,0.000194106,0.000122814
61600,0.000141099,8.831e-05
61700,0.000103954,6.67924e-05
61800,5.76257e-05,3.66195e-05
61900,3.25155e-05,2.04406e-05
62000,1.4977e-05,9.41191e-06
62100,6.63792e-06,4.16958e-06
62200,3.54836e-07,2.20514e-07
62300,0,0
62400,0,0
62500,0,0
62600,0,0
62700,0,0
62800,0,0
62900,0,0
63000,0,0
63100,0,0
63200,0,0
63300,0,0
63400,0,0
63500,0,0
63600,0,0
63700,0,0
63800,0,0
63900,0,0
64000,0,0
64100,0,0
64200,0,0
64300,0,0
64400,0,0
64500,0,0
64600,0,0
64700,0,0
64800,0,0
64900,0,0
65000,0,0
65100,0,0
65200,0,0
65300,0,0
65400,0,0
65500,0,0
65600,0,0
65700,0,0
65800,0,0
65900,0,0
66000,0,0
66100,0,0
66200,0,0
66300,0,0
66400,0,0
66500,0,0
66600,0,0
66700,0,0
66800,0,0
66900,0,0
67000,0,0
67100,0,0
67200,0,0
67300,0,0
67400,0,0
67500,0,0
67600,0,0
67700,0,0
67800,0,0
67900,0,0
68000,0,0
68100,0,0
68200,0,0
68300,0,0
68400,0,0
68500,0,0
68600,0,0
68700,0,0
68800,0,0
68900,0,0
69000,0,0
69100,0,0
69200,0,0
69300,0,0
69400,0,0
69500,0,0
69600,0,0
69700,0,0
69800,0,0
69900,0,0
70000,0,0
70100,0,0
70200,0,0
70300,0,0
70400,0,0
70500,0,0
70600,0,0
70700,0,0
70800,0,0
70900,0,0
71000,0,0
71100,0,0
71200,0,0
71300,0,0
71400,0,0
71500,0,0
71600,0,0
71700,0,0
71800,0,0
71900,0,0
72000,0,0
72100,0,0
72200,0,0
72300,0,0
72400,0,0
72500,0,0
72600,0,0
72700,0,0
72800,0,0
72900,0,0
73000,0,0
73100,0,0
73200,0,0
73300,0,0
73400,0,0
73500,0,0
73600,0,0
73700,0,0
73800,0,0
73900,0,0
74000,0,0
74100,0,0
74200,0,0
74300,0,0
74400,0,0
74500,0,0
74600,0,0
74700,0,0
74800,0,0
74900,0,0
75000,0,0
75100,0,0
75200,0,0
75300,0,0
75400,0,0
75500,0,0
75600,0,0
75700,0,0
75800,0,0
75900,0,0
76000,0,0
76100,0,0
76200,0,0
76300,0,0
76400,0,0
76500,0,0
76600,0,0
76700,0,0
76800,0,0
76900,0,0
77000,0,0
77100,0,0
77200,0,0
77300,0,0
77400,0,0
77500,0,0
77600,0,0
77700,0,0
77800,0,0
77900,0,0
78000,0,0
78100,0,0
78200,0,0
78300,0,0
78400,0,0
78500,0,0
78600,0,0
78700,0,0
78800,0,0
78900,0,0
79000,0,0
79100,0,0
79200,0,0
79300,0,0
79400,0,0
79500,0,0
79600,0,0
79700,0,0
79800,0,0
79900,0,0
80000,0,0
80100,0,0
80200,0,0
80300,0,0
80400,0,0
80500,0,0
80600,0,0
80700,0,0
80800,0,0
80900,0,0
81000,0,0
81100,0,0
81200,0,0
81300,0,0
81400,0,0
81500,0,0
81600,0,0
81700,0,0
81800,0,0
81900,0,0
82000,0,0
82100,0,0
82200,0,0
82300,0,0
82400,0,0
82500,0,0
82600,0,0
82700,0,0
82800,0,0
82900,0,0
83000,0,0
83100,0,0
83200,0,0
83300,0,0
83400,0,0
83500,0,0
83600,0,0
83700,0,0
83800,0,0
83900,0,0
84000,0,0
84100,0,0
84200,0,0
84300,0,0
84400,0,0
84500,0,0
84600,0,0
84700,0,0
84800,0,0
84900,0,0
85000,0,0
85100,0,0
85200,0,0
85300,0,0
85400,0,0
85500,0,0
85600,0,0
85700,0,0
85800,0,0
85900,0,0
86000,0,0
86100,0,0
86200,0,0
86300,0,0
86400,0,0
86500,0,0
86600,0,0
86700,0,0
86800,0,0
86900,0,0
87000,0,0
87100,0,0
87200,0,0
87300,0,0
87400,0,0
87500,0,0
87600,0,0
87700,0,0
87800,0,0
87900,0,0
88000,0,0
88100,0,0
88200,0,0
88300,0,0
88400,0,0
88500,0,0
88600,0,0
88700,0,0
88800,0,0
88900,0,0
89000,0,0
89100,0,0
89200,0,0
89300,0,0
89400,0,0
89500,0,0
89600,0,0
89700,0,0
89800,0,0
89900,0,0
90000,0,0
90100,0,0
90200,0,0
90300,0,0
90400,0,0
90500,0,0
90600,0,0
90700,0,0
90800,0,0
90900,0,0
91000,0,0
91100,0,0
91200,0,0
91300,0,0
91400,0,0
91500,0,0
91600,0,0
91700,0,0
91800,0,0
91900,0,0
92000,0,0
92100,0,0
92200,0,0
92300,0,0
92400,0,0
92500,0,0
92600,0,0
92700,0,0
92800,0,0
92900,0,0
93000,0,0
93100,0,0
93200,0,0
93300,0,0
93400,0,0
93500,0,0
93600,0,0
93700,0,0
93800,0,0
93900,0,0
94000,0,0
94100,0,0
94200,0,0
94300,0,0
94400,0,0
94500,0,0
94600,0,0
94700,0,0
94800,0,0
94900,0,0
95000,0,0
95100,0,0
95200,0,0
95300,0,0
95400,0,0
95500,0,0
95600,0,0
95700,0,0
95800,0,0
95900,0,0
96000,0,0
96100,0,0
96200,0,0
96300,0,0
96400,0,0
96500,0,0
96600,0,0
96700,0,0
96800,0,0
96900,0,0
97000,0,0
97100,0,0
97200,0,0
97300,0,0
97400,0,0
97500,0,0
97600,0,0
97700,0,0
97800,0,0
97900,0,0
98000,0,0
98100,0,0
98200,0,0
98300,0,0
98400,0,0
98500,0,0
98600,0,0
98700,0,0
98800,0,0
98900,0,0
99000,0,0
99100,0,0
99200,0,0
99300,0,0
99400,0,0
99500,0,0
99600,0,0
99700,0,0
99800,0,0
99900,0,0
