0,0.499999,0.500008
100,0.496232,0.500679
200,0.489352,0.500898
300,0.485591,0.500964
400,0.488699,0.501352
500,0.495607,0.501454
600,0.492965,0.500749
700,0.485338,0.499786
800,0.497433,0.498696
900,0.488682,0.498447
1000,0.484855,0.497066
1100,0.492505,0.495739
1200,0.484288,0.495245
1300,0.482605,0.494141
1400,0.490979,0.492882
1500,0.492772,0.491968
1600,0.489261,0.491612
1700,0.492991,0.491359
1800,0.479578,0.490691
1900,0.493334,0.490054
2000,0.490875,0.489681
2100,0.486028,0.489073
2200,0.490799,0.4881
2300,0.483336,0.488505
2400,0.489639,0.488867
2500,0.495618,0.489618
2600,0.491801,0.489702
2700,0.494798,0.490424
2800,0.495749,0.49142
2900,0.493131,0.492532
3000,0.490759,0.493613
3100,0.493026,0.494018
3200,0.483969,0.495786
3300,0.493704,0.497158
3400,0.47922,0.498151
3500,0.491504,0.498771
3600,0.490012,0.500025
3700,0.480447,0.501207
3800,0.480812,0.501852
3900,0.486253,0.503167
4000,0.4933,0.504822
4100,0.48941,0.506505
4200,0.493526,0.508671
4300,0.490963,0.510539
4400,0.482012,0.512753
4500,0.479875,0.514845
4600,0.488301,0.517682
4700,0.487504,0.519337
4800,0.484908,0.521494
4900,0.476046,0.522754
5000,0.482024,0.523811
5100,0.457297,0.524844
5200,0.462802,0.526434
5300,0.476166,0.527349
5400,0.489701,0.528459
5500,0.485291,0.529465
5600,0.489345,0.530692
5700,0.487429,0.531135
5800,0.48205,0.531
5900,0.458261,0.531431
6000,0.482066,0.531678
6100,0.491167,0.532359
6200,0.486392,0.533188
6300,0.490286,0.534158
6400,0.492814,0.534707
6500,0.492251,0.534726
6600,0.484179,0.535157
6700,0.493429,0.535835
6800,0.485377,0.536346
6900,0.490754,0.536837
7000,0.464733,0.536885
7100,0.489587,0.537293
7200,0.487858,0.537921
7300,0.466995,0.53805
7400,0.485752,0.537948
7500,0.49376,0.538114
7600,0.483798,0.53824
7700,0.483102,0.537281
7800,0.464879,0.537666
7900,0.470692,0.537674
8000,0.465652,0.538203
8100,0.479367,0.53797
8200,0.479691,0.538413
8300,0.480887,0.538879
8400,0.485721,0.538749
8500,0.478455,0.538911
8600,0.489359,0.539441
8700,0.479213,0.539728
8800,0.48231,0.54078
8900,0.491462,0.541651
9000,0.493659,0.543793
9100,0.480134,0.545066
9200,0.474684,0.546883
9300,0.487086,0.547808
9400,0.489305,0.549657
9500,0.482756,0.550063
9600,0.485957,0.551255
9700,0.482087,0.552203
9800,0.491124,0.553064
9900,0.476499,0.55501
10000,0.482174,0.55615
10100,0.47586,0.557397
10200,0.475846,0.557939
10300,0.474361,0.557737
10400,0.48931,0.557482
10500,0.483689,0.557082
10600,0.487498,0.556879
10700,0.480015,0.556532
10800,0.491041,0.556492
10900,0.486185,0.55541
11000,0.491274,0.554035
11100,0.479944,0.553623
11200,0.480063,0.55292
11300,0.481443,0.551424
11400,0.486825,0.548954
11500,0.489421,0.547472
11600,0.487921,0.546073
11700,0.48343,0.546044
11800,0.489869,0.545016
11900,0.476267,0.544638
12000,0.486276,0.54365
12100,0.49301,0.542876
12200,0.477109,0.542884
12300,0.454711,0.542894
12400,0.446366,0.542117
12500,0.455419,0.541785
12600,0.469398,0.541271
12700,0.480651,0.540055
12800,0.488714,0.53927
12900,0.477397,0.538648
13000,0.487154,0.537894
13100,0.486578,0.537448
13200,0.491943,0.537358
13300,0.493132,0.536619
13400,0.477492,0.536282
13500,0.492287,0.535603
13600,0.493424,0.534788
13700,0.493488,0.533402
13800,0.479211,0.532237
13900,0.495506,0.530483
14000,0.496924,0.528742
14100,0.493082,0.526312
14200,0.474747,0.52436
14300,0.488459,0.522262
14400,0.493211,0.519767
14500,0.493443,0.517911
14600,0.484253,0.516317
14700,0.481865,0.514611
14800,0.483173,0.511992
14900,0.493323,0.509783
15000,0.493665,0.508853
15100,0.488427,0.507894
15200,0.493641,0.506999
15300,0.486673,0.506046
15400,0.484788,0.505096
15500,0.491515,0.504681
15600,0.492736,0.503878
15700,0.490348,0.503669
15800,0.496871,0.503824
15900,0.491718,0.50477
16000,0.484969,0.505106
16100,0.482294,0.505512
16200,0.471005,0.506486
16300,0.475125,0.506833
16400,0.48439,0.50664
16500,0.483663,0.507259
16600,0.488762,0.507225
16700,0.484313,0.507486
16800,0.478478,0.507793
16900,0.478194,0.507732
17000,0.491115,0.507882
17100,0.487424,0.507819
17200,0.492013,0.506883
17300,0.488997,0.507068
17400,0.488849,0.507509
17500,0.496345,0.507787
17600,0.491676,0.50746
17700,0.493389,0.506387
17800,0.488777,0.50577
17900,0.490634,0.505416
18000,0.495881,0.504644
18100,0.492439,0.504417
18200,0.48267,0.50342
18300,0.480628,0.503293
18400,0.484652,0.502441
18500,0.47855,0.502033
18600,0.496338,0.501603
18700,0.473208,0.50167
18800,0.490188,0.501474
18900,0.479265,0.501536
19000,0.478714,0.500855
19100,0.487583,0.500563
19200,0.469299,0.500025
19300,0.47483,0.49998
19400,0.489352,0.499612
19500,0.477373,0.500251
19600,0.494672,0.500333
19700,0.4844,0.500914
19800,0.489422,0.501095
19900,0.496473,0.501306
20000,0.485343,0.50156
20100,0.486062,0.502292
20200,0.487906,0.502188
20300,0.491106,0.502985
20400,0.489606,0.503023
20500,0.487569,0.50314
20600,0.496233,0.503538
20700,0.483605,0.504268
20800,0.48675,0.503797
20900,0.493332,0.50403
21000,0.493166,0.504817
21100,0.491571,0.505244
21200,0.485423,0.505296
21300,0.482714,0.505141
21400,0.48442,0.505527
21500,0.495238,0.506231
21600,0.495932,0.506105
21700,0.492361,0.505589
21800,0.487448,0.505688
21900,0.476953,0.504932
22000,0.480671,0.504119
22100,0.484232,0.503445
22200,0.485328,0.502551
22300,0.476047,0.501928
22400,0.48583,0.500846
22500,0.495302,0.50005
22600,0.487784,0.499224
22700,0.495982,0.498417
22800,0.495373,0.497669
22900,0.483661,0.497439
23000,0.473507,0.497301
23100,0.479784,0.497133
23200,0.496944,0.495954
23300,0.491873,0.495646
23400,0.490288,0.495809
23500,0.495197,0.495403
23600,0.48779,0.494205
23700,0.488206,0.492933
23800,0.494311,0.493285
23900,0.493954,0.49271
24000,0.484703,0.491323
24100,0.493031,0.489903
24200,0.494797,0.489254
24300,0.493117,0.488672
24400,0.48988,0.488171
24500,0.471553,0.488458
24600,0.489518,0.487483
24700,0.489693,0.487646
24800,0.486386,0.487674
24900,0.489698,0.487071
25000,0.496291,0.486953
25100,0.488582,0.486196
25200,0.495978,0.484789
25300,0.479722,0.484137
25400,0.498135,0.483004
25500,0.487386,0.482777
25600,0.491984,0.482925
25700,0.498356,0.48254
25800,0.489318,0.482569
25900,0.492854,0.481923
26000,0.494976,0.481998
26100,0.48535,0.481599
26200,0.472256,0.481525
26300,0.486939,0.480771
26400,0.490426,0.480123
26500,0.48846,0.47858
26600,0.492311,0.477916
26700,0.48358,0.477368
26800,0.471853,0.477238
26900,0.475055,0.476016
27000,0.47862,0.475689
27100,0.490088,0.474394
27200,0.485196,0.472802
27300,0.492499,0.472079
27400,0.480988,0.471601
27500,0.48617,0.47013
27600,0.47912,0.468875
27700,0.482499,0.468275
27800,0.482932,0.466937
27900,0.485949,0.465131
28000,0.472972,0.464479
28100,0.475926,0.462912
28200,0.48343,0.461266
28300,0.489073,0.460812
28400,0.472031,0.459945
28500,0.467191,0.459009
28600,0.478452,0.458409
28700,0.474315,0.457749
28800,0.473303,0.457022
28900,0.47012,0.457216
29000,0.475834,0.457455
29100,0.479657,0.458119
29200,0.486833,0.458131
29300,0.48713,0.458235
29400,0.489364,0.459093
29500,0.484268,0.459595
29600,0.488041,0.459606
29700,0.480857,0.459941
29800,0.486832,0.460743
29900,0.492174,0.460799
30000,0.489826,0.461571
30100,0.489703,0.462771
30200,0.493294,0.463213
30300,0.488816,0.463261
30400,0.479788,0.464316
30500,0.491693,0.465215
30600,0.490466,0.466223
30700,0.489219,0.467053
30800,0.485275,0.468125
30900,0.484395,0.468663
31000,0.484988,0.468543
31100,0.482773,0.46941
31200,0.495383,0.469363
31300,0.476097,0.469493
31400,0.480794,0.469105
31500,0.484796,0.469137
31600,0.477996,0.46851
31700,0.467849,0.468411
31800,0.487707,0.467878
31900,0.485472,0.4665
32000,0.491195,0.465326
32100,0.483987,0.464227
32200,0.48912,0.462711
32300,0.468716,0.460694
32400,0.476234,0.45944
32500,0.475572,0.457684
32600,0.475525,0.45566
32700,0.478925,0.454519
32800,0.468374,0.452505
32900,0.456917,0.451449
33000,0.476118,0.450531
33100,0.467108,0.449511
33200,0.462703,0.449233
33300,0.4804,0.44815
33400,0.475433,0.446536
33500,0.484664,0.445054
33600,0.478778,0.444256
33700,0.474803,0.443195
33800,0.481009,0.441797
33900,0.48167,0.440677
34000,0.48572,0.4401
34100,0.476882,0.438802
34200,0.480087,0.437348
34300,0.467093,0.437002
34400,0.46169,0.435648
34500,0.46655,0.434405
34600,0.474844,0.433312
34700,0.484007,0.431646
34800,0.470086,0.429792
34900,0.472498,0.427799
35000,0.483159,0.425707
35100,0.468159,0.423906
35200,0.47012,0.422992
35300,0.456125,0.421963
35400,0.464626,0.419912
35500,0.468823,0.418232
35600,0.46485,0.417166
35700,0.469206,0.415443
35800,0.474104,0.413529
35900,0.475378,0.412059
36000,0.478409,0.411196
36100,0.471272,0.410674
36200,0.476711,0.409551
36300,0.47054,0.408251
36400,0.470517,0.406597
36500,0.468976,0.406094
36600,0.464862,0.404625
36700,0.458794,0.403822
36800,0.468551,0.402836
36900,0.472323,0.40199
37000,0.470669,0.400912
37100,0.464499,0.399355
37200,0.477012,0.397419
37300,0.470997,0.396247
37400,0.472628,0.395638
37500,0.472888,0.394249
37600,0.474411,0.392316
37700,0.468895,0.390635
37800,0.467263,0.38864
37900,0.471641,0.388181
38000,0.463297,0.387621
38100,0.472003,0.386702
38200,0.466286,0.386029
38300,0.455473,0.38454
38400,0.465839,0.383514
38500,0.469216,0.383954
38600,0.458676,0.384111
38700,0.446687,0.385121
38800,0.461891,0.385248
38900,0.459325,0.386186
39000,0.4747,0.386546
39100,0.464015,0.387412
39200,0.462273,0.386997
39300,0.457935,0.387422
39400,0.460094,0.387733
39500,0.470097,0.387832
39600,0.452503,0.389097
39700,0.470348,0.389324
39800,0.454959,0.388872
39900,0.444388,0.388894
40000,0.466247,0.388801
40100,0.463718,0.388613
40200,0.464247,0.387547
40300,0.4693,0.387246
40400,0.46331,0.38524
40500,0.458959,0.383617
40600,0.45864,0.38184
40700,0.46953,0.381189
40800,0.463043,0.379831
40900,0.461955,0.378491
41000,0.457329,0.376848
41100,0.452707,0.375625
41200,0.440566,0.37414
41300,0.453086,0.372991
41400,0.46212,0.371522
41500,0.461369,0.369971
41600,0.457767,0.369653
41700,0.458073,0.368738
41800,0.461561,0.368502
41900,0.452225,0.368313
42000,0.459799,0.367508
42100,0.461624,0.367851
42200,0.462721,0.367731
42300,0.456155,0.367611
42400,0.452353,0.366836
42500,0.461509,0.366284
42600,0.463303,0.36578
42700,0.457609,0.364928
42800,0.454249,0.364891
42900,0.446941,0.364788
43000,0.433041,0.364288
43100,0.438405,0.364281
43200,0.450085,0.363894
43300,0.441465,0.36255
43400,0.42412,0.361158
43500,0.44771,0.359319
43600,0.452118,0.35688
43700,0.444955,0.355814
43800,0.448742,0.353787
43900,0.45036,0.352283
44000,0.444792,0.350943
44100,0.442901,0.349796
44200,0.44528,0.348822
44300,0.449485,0.348537
44400,0.449705,0.348495
44500,0.452196,0.348032
44600,0.455964,0.347662
44700,0.453965,0.347806
44800,0.454542,0.347627
44900,0.450156,0.347731
45000,0.448252,0.347572
45100,0.450738,0.347951
45200,0.444674,0.348942
45300,0.457241,0.349925
45400,0.450076,0.351446
45500,0.442858,0.353387
45600,0.441603,0.355364
45700,0.45742,0.358222
45800,0.460722,0.359869
45900,0.4555,0.362571
46000,0.427499,0.364405
46100,0.45784,0.366723
46200,0.449631,0.369087
46300,0.46244,0.370605
46400,0.466054,0.372253
46500,0.468005,0.374028
46600,0.462144,0.375399
46700,0.468792,0.377178
46800,0.465645,0.378777
46900,0.467013,0.380236
47000,0.452883,0.381958
47100,0.450771,0.383423
47200,0.449465,0.38441
47300,0.463728,0.385638
47400,0.45846,0.385928
47500,0.451341,0.385035
47600,0.458453,0.384559
47700,0.466691,0.383867
47800,0.47033,0.384184
47900,0.458994,0.384286
48000,0.441145,0.384591
48100,0.444615,0.385182
48200,0.473229,0.384994
48300,0.46831,0.384686
48400,0.459447,0.384292
48500,0.460883,0.38377
48600,0.455442,0.383388
48700,0.455949,0.3836
48800,0.47157,0.383508
48900,0.459423,0.382924
49000,0.467712,0.383279
49100,0.463043,0.383094
49200,0.470465,0.383511
49300,0.463559,0.384303
49400,0.469639,0.385369
49500,0.465601,0.386584
49600,0.460818,0.38682
49700,0.458499,0.387701
49800,0.46818,0.388152
49900,0.469758,0.388525
50000,0.465373,0.38936
50100,0.469819,0.389527
50200,0.472105,0.390275
50300,0.467167,0.390684
50400,0.464544,0.391396
50500,0.456474,0.391285
50600,0.474423,0.390913
50700,0.474039,0.391072
50800,0.47463,0.390458
50900,0.474722,0.390698
51000,0.466695,0.390728
51100,0.47323,0.391182
51200,0.466134,0.391172
51300,0.463298,0.391485
51400,0.455591,0.391791
51500,0.470331,0.392379
51600,0.472164,0.392655
51700,0.449745,0.392954
51800,0.447703,0.392588
51900,0.468968,0.392602
52000,0.463754,0.393087
52100,0.467741,0.393515
52200,0.461759,0.393054
52300,0.46841,0.392838
52400,0.470309,0.393248
52500,0.46444,0.39329
52600,0.461989,0.39324
52700,0.465234,0.394144
52800,0.450938,0.394257
52900,0.467549,0.393351
53000,0.469244,0.392566
53100,0.467714,0.391858
53200,0.468275,0.391386
53300,0.471248,0.390839
53400,0.457852,0.390839
53500,0.465859,0.390675
53600,0.467808,0.39088
53700,0.468687,0.390805
53800,0.474391,0.390373
53900,0.45885,0.390163
54000,0.466479,0.390762
54100,0.466516,0.392147
54200,0.464525,0.39342
54300,0.471721,0.394892
54400,0.469202,0.395978
54500,0.469993,0.397704
54600,0.475503,0.399812
54700,0.471348,0.401769
54800,0.472318,0.402936
54900,0.468476,0.403132
55000,0.474916,0.403887
55100,0.470737,0.405392
55200,0.477929,0.405825
55300,0.475465,0.407074
55400,0.470868,0.407927
55500,0.479429,0.40832
55600,0.474424,0.409245
55700,0.467438,0.409272
55800,0.475879,0.40981
55900,0.466173,0.410413
56000,0.475813,0.410884
56100,0.475224,0.411177
56200,0.470395,0.411466
56300,0.477637,0.411308
56400,0.473161,0.41169
56500,0.476814,0.412806
56600,0.479566,0.413515
56700,0.475964,0.415518
56800,0.483352,0.416976
56900,0.476981,0.417889
57000,0.477107,0.419732
57100,0.47661,0.420553
57200,0.47206,0.422018
57300,0.476754,0.422417
57400,0.476517,0.422213
57500,0.480416,0.423059
57600,0.475745,0.423278
57700,0.465408,0.42262
57800,0.459384,0.421487
57900,0.470644,0.420318
58000,0.456725,0.418979
58100,0.458181,0.417341
58200,0.467058,0.416032
58300,0.477791,0.415257
58400,0.476509,0.414
58500,0.478573,0.412267
58600,0.480085,0.41024
58700,0.472305,0.408924
58800,0.475662,0.407428
58900,0.467128,0.405495
59000,0.466207,0.404284
59100,0.479004,0.402608
59200,0.473014,0.40183
59300,0.469153,0.401424
59400,0.46421,0.400599
59500,0.464981,0.399694
59600,0.467888,0.39896
59700,0.471506,0.398251
59800,0.467956,0.39809
59900,0.452333,0.397692
60000,0.463971,0.396574
60100,0.47529,0.395294
60200,0.46759,0.394242
60300,0.467097,0.392992
60400,0.461019,0.392368
60500,0.468401,0.391284
60600,0.459739,0.390518
60700,0.470506,0.389461
60800,0.464558,0.388938
60900,0.463569,0.388078
61000,0.455037,0.387599
61100,0.455375,0.386786
61200,0.460133,0.385866
61300,0.4676,0.38547
61400,0.450043,0.385551
61500,0.465065,0.385659
61600,0.453711,0.385298
61700,0.457237,0.384695
61800,0.462969,0.385069
61900,0.46596,0.385386
62000,0.469622,0.385719
62100,0.458568,0.385874
62200,0.47017,0.386229
62300,0.470419,0.386295
62400,0.470964,0.386086
62500,0.464324,0.386504
62600,0.442184,0.385777
62700,0.438289,0.384937
62800,0.45347,0.38425
62900,0.447912,0.382623
63000,0.451126,0.381885
63100,0.464802,0.381291
63200,0.462025,0.380339
63300,0.463344,0.379704
63400,0.466537,0.37868
63500,0.455138,0.377965
63600,0.461973,0.377837
63700,0.449332,0.376874
63800,0.456055,0.375754
63900,0.448414,0.375209
64000,0.460142,0.374276
64100,0.464732,0.374266
64200,0.465004,0.374486
64300,0.469162,0.37436
64400,0.447582,0.37565
64500,0.461232,0.376818
64600,0.462714,0.377887
64700,0.4627,0.379546
64800,0.47091,0.379932
64900,0.46358,0.380845
65000,0.459205,0.38172
65100,0.469038,0.382576
65200,0.461384,0.382825
65300,0.461311,0.38386
65400,0.462439,0.385201
65500,0.462068,0.386275
65600,0.463026,0.38757
65700,0.466984,0.388137
65800,0.474849,0.389308
65900,0.458613,0.390112
66000,0.460352,0.390267
66100,0.460064,0.390585
66200,0.470552,0.391127
66300,0.464439,0.390551
66400,0.470944,0.390699
66500,0.464261,0.390137
66600,0.470842,0.390126
66700,0.458621,0.390222
66800,0.465959,0.389307
66900,0.467477,0.389294
67000,0.464841,0.388825
67100,0.464596,0.388968
67200,0.453431,0.387722
67300,0.470177,0.386789
67400,0.467694,0.386085
67500,0.455859,0.385444
67600,0.467455,0.38424
67700,0.470466,0.383062
67800,0.457661,0.382625
67900,0.457449,0.382171
68000,0.449799,0.380865
68100,0.444389,0.37886
68200,0.464925,0.377751
68300,0.459413,0.375771
68400,0.462479,0.374588
68500,0.460837,0.373903
68600,0.443701,0.373402
68700,0.4538,0.372547
68800,0.458622,0.370931
68900,0.456238,0.370256
69000,0.446718,0.369037
69100,0.443312,0.368149
69200,0.439123,0.366411
69300,0.449961,0.365331
69400,0.457982,0.364636
69500,0.449122,0.363062
69600,0.447098,0.361691
69700,0.460545,0.361432
69800,0.450223,0.360275
69900,0.449093,0.359539
70000,0.450985,0.35879
70100,0.435443,0.358104
70200,0.422804,0.358113
70300,0.441899,0.358334
70400,0.450949,0.359277
70500,0.45883,0.359697
70600,0.447181,0.360578
70700,0.447573,0.361136
70800,0.455062,0.361533
70900,0.455228,0.361966
71000,0.449447,0.361951
71100,0.453103,0.362866
71200,0.452701,0.362262
71300,0.449828,0.362593
71400,0.456132,0.362677
71500,0.455327,0.362749
71600,0.457984,0.362938
71700,0.451664,0.363207
71800,0.458155,0.362618
71900,0.455627,0.362237
72000,0.434114,0.362411
72100,0.454372,0.363206
72200,0.434485,0.363117
72300,0.43489,0.363344
72400,0.44543,0.363654
72500,0.452942,0.364433
72600,0.453332,0.366067
72700,0.447925,0.365966
72800,0.452566,0.366952
72900,0.464765,0.368411
73000,0.46209,0.369791
73100,0.456466,0.370813
73200,0.461117,0.371154
73300,0.444082,0.370748
73400,0.451269,0.371162
73500,0.458458,0.371504
73600,0.459483,0.371094
73700,0.461323,0.370228
73800,0.452328,0.369905
73900,0.443762,0.36891
74000,0.430878,0.368211
74100,0.427203,0.367832
74200,0.443185,0.367535
74300,0.447524,0.36738
74400,0.452305,0.366722
74500,0.448934,0.366685
74600,0.443088,0.365823
74700,0.457938,0.365375
74800,0.44091,0.364806
74900,0.454654,0.364255
75000,0.449601,0.364139
75100,0.446923,0.36351
75200,0.443374,0.36279
75300,0.446538,0.362591
75400,0.44633,0.362889
75500,0.460072,0.363427
75600,0.458571,0.363243
75700,0.46153,0.363365
75800,0.456319,0.364111
75900,0.457031,0.365087
76000,0.452235,0.365472
76100,0.451759,0.36587
76200,0.460674,0.366232
76300,0.457527,0.366692
76400,0.462517,0.367323
76500,0.456353,0.367579
76600,0.45295,0.368275
76700,0.456879,0.368304
76800,0.447047,0.368306
76900,0.461859,0.369076
77000,0.446627,0.370218
77100,0.463707,0.371643
77200,0.463825,0.372445
77300,0.463447,0.373957
77400,0.470802,0.375475
77500,0.463706,0.376594
77600,0.45623,0.377478
77700,0.470852,0.378796
77800,0.463726,0.379755
77900,0.462206,0.380319
78000,0.469349,0.381992
78100,0.4657,0.382845
78200,0.460084,0.384126
78300,0.464975,0.384926
78400,0.46157,0.384894
78500,0.464016,0.386239
78600,0.471178,0.387663
78700,0.460762,0.388156
78800,0.462163,0.389018
78900,0.456802,0.389524
79000,0.459066,0.390013
79100,0.46743,0.389854
79200,0.466019,0.389858
79300,0.468047,0.389219
79400,0.47211,0.388284
79500,0.46946,0.387961
79600,0.470934,0.386761
79700,0.468498,0.386489
79800,0.46269,0.386114
79900,0.470282,0.385684
80000,0.462757,0.38456
80100,0.463795,0.383825
80200,0.462947,0.383826
80300,0.460109,0.384205
80400,0.469622,0.384677
80500,0.463939,0.383958
80600,0.46295,0.383848
80700,0.452839,0.38443
80800,0.459269,0.383959
80900,0.469602,0.384328
81000,0.456043,0.385097
81100,0.447216,0.385161
81200,0.469724,0.386116
81300,0.45425,0.38686
81400,0.474874,0.386762
81500,0.467153,0.386854
81600,0.468378,0.387751
81700,0.461445,0.388228
81800,0.467692,0.389024
81900,0.469071,0.389877
82000,0.465572,0.390408
82100,0.476765,0.391551
82200,0.466586,0.392453
82300,0.476624,0.39332
82400,0.463825,0.393486
82500,0.464681,0.394253
82600,0.458049,0.394364
82700,0.455053,0.394942
82800,0.454273,0.395613
82900,0.461326,0.395879
83000,0.456684,0.395958
83100,0.459434,0.396345
83200,0.460133,0.396944
83300,0.468399,0.396554
83400,0.470694,0.396971
83500,0.46124,0.397014
83600,0.471706,0.396938
83700,0.470117,0.396533
83800,0.469926,0.397698
83900,0.474008,0.398024
84000,0.467791,0.397657
84100,0.469417,0.398416
84200,0.450957,0.398366
84300,0.439186,0.399314
84400,0.463227,0.399076
84500,0.459651,0.398806
84600,0.451447,0.398615
84700,0.464826,0.398354
84800,0.471854,0.39822
84900,0.469085,0.398027
85000,0.472344,0.397977
85100,0.470244,0.398022
85200,0.464543,0.398297
85300,0.470422,0.39771
85400,0.453451,0.397399
85500,0.472251,0.39692
85600,0.470156,0.396134
85700,0.453949,0.395578
85800,0.45911,0.394861
85900,0.466222,0.393998
86000,0.46142,0.393246
86100,0.462747,0.393054
86200,0.470596,0.392598
86300,0.451694,0.391586
86400,0.452903,0.392087
86500,0.474357,0.391588
86600,0.4561,0.391058
86700,0.461615,0.390179
86800,0.473234,0.389211
86900,0.468165,0.389098
87000,0.463513,0.388809
87100,0.464811,0.389505
87200,0.464325,0.389843
87300,0.466339,0.390043
87400,0.461674,0.390045
87500,0.450193,0.389308
87600,0.463569,0.388798
87700,0.454858,0.388272
87800,0.462006,0.388301
87900,0.467382,0.38778
88000,0.466915,0.387272
88100,0.464216,0.387643
88200,0.460942,0.387014
88300,0.467004,0.387678
88400,0.476147,0.388623
88500,0.473165,0.388919
88600,0.45508,0.389553
88700,0.46545,0.390982
88800,0.464094,0.392764
88900,0.448771,0.394371
89000,0.468399,0.395467
89100,0.474339,0.396172
89200,0.470615,0.397872
89300,0.4691,0.39869
89400,0.456071,0.400136
89500,0.470175,0.401567
89600,0.465684,0.402969
89700,0.481747,0.404547
89800,0.473081,0.405947
89900,0.473437,0.407261
90000,0.472376,0.408103
90100,0.465655,0.410275
90200,0.442859,0.411388
90300,0.472199,0.41167
90400,0.467962,0.411777
90500,0.472983,0.4122
90600,0.47355,0.41188
90700,0.477752,0.411075
90800,0.470273,0.410327
90900,0.470286,0.408961
91000,0.471649,0.407293
91100,0.46576,0.405458
91200,0.457217,0.40367
91300,0.4625,0.401672
91400,0.461594,0.399522
91500,0.456544,0.396801
91600,0.447985,0.393796
91700,0.455532,0.390845
91800,0.455864,0.387728
91900,0.448783,0.383978
92000,0.459851,0.380801
92100,0.455831,0.377549
92200,0.45937,0.373756
92300,0.449314,0.369412
92400,0.438997,0.36537
92500,0.427232,0.361569
92600,0.416735,0.357288
92700,0.421867,0.352678
92800,0.423823,0.34785
92900,0.429602,0.343496
93000,0.434204,0.339552
93100,0.434479,0.335719
93200,0.430864,0.332134
93300,0.436795,0.328199
93400,0.428538,0.324153
93500,0.426328,0.321067
93600,0.422891,0.31902
93700,0.422912,0.315873
93800,0.420898,0.313903
93900,0.429689,0.311313
94000,0.412,0.308671
94100,0.422608,0.306595
94200,0.423109,0.305956
94300,0.406557,0.305431
94400,0.418587,0.304017
94500,0.416447,0.304003
94600,0.417109,0.304361
94700,0.42101,0.305235
94800,0.419437,0.30574
94900,0.420984,0.305557
95000,0.418122,0.306933
95100,0.414362,0.308756
95200,0.421606,0.30974
95300,0.425861,0.310838
95400,0.423406,0.31142
95500,0.414528,0.312396
95600,0.426531,0.312752
95700,0.420463,0.31307
95800,0.427609,0.314379
95900,0.420179,0.314834
96000,0.422464,0.315239
96100,0.415107,0.315132
96200,0.413384,0.315106
96300,0.413902,0.315089
96400,0.420195,0.315157
96500,0.413551,0.314892
96600,0.430057,0.31609
96700,0.419581,0.316502
96800,0.423123,0.316849
96900,0.43382,0.317732
97000,0.43008,0.318495
97100,0.426443,0.319571
97200,0.429232,0.32033
97300,0.428275,0.321271
97400,0.428968,0.321954
97500,0.423664,0.322773
97600,0.43223,0.323684
97700,0.428541,0.324293
97800,0.42502,0.324856
97900,0.432187,0.325496
98000,0.42074,0.326363
98100,0.44221,0.327419
98200,0.43426,0.328857
98300,0.433691,0.328956
98400,0.439007,0.329918
98500,0.43374,0.33086
98600,0.433293,0.331622
98700,0.433135,0.331949
98800,0.431135,0.332875
98900,0.428423,0.333519
99000,0.433149,0.333229
99100,0.425537,0.333271
99200,0.416403,0.332942
99300,0.431067,0.332553
99400,0.425887,0.333223
99500,0.433582,0.333747
99600,0.43652,0.333421
99700,0.432973,0.334753
99800,0.427264,0.33578
99900,0.414541,0.33609
