0,0.499906,0.501302
10,0.498728,0.501504
20,0.492854,0.501059
30,0.493341,0.503249
40,0.49485,0.504654
50,0.493545,0.50452
60,0.492421,0.505238
70,0.484901,0.505726
80,0.488654,0.504444
90,0.487901,0.500992
100,0.486614,0.501153
110,0.49551,0.501834
120,0.493423,0.502048
130,0.497583,0.501652
140,0.494395,0.500692
150,0.498418,0.500557
160,0.489047,0.500096
170,0.486166,0.501921
180,0.483016,0.501473
190,0.492277,0.501621
200,0.489696,0.50331
210,0.491691,0.50153
220,0.490403,0.501656
230,0.487053,0.501341
240,0.483566,0.503076
250,0.489646,0.504324
260,0.484816,0.505419
270,0.487339,0.506057
280,0.488607,0.504978
290,0.477241,0.504061
300,0.479615,0.503896
310,0.483989,0.503391
320,0.479132,0.503402
330,0.486625,0.502106
340,0.486978,0.50341
350,0.491827,0.505098
360,0.490344,0.504388
370,0.487604,0.504327
380,0.492909,0.5033
390,0.484639,0.502208
400,0.484004,0.503247
410,0.484697,0.504316
420,0.490344,0.504793
430,0.485418,0.507187
440,0.495217,0.509586
450,0.492789,0.506859
460,0.486311,0.508247
470,0.476922,0.507962
480,0.482541,0.509244
490,0.474017,0.50931
500,0.47529,0.511278
510,0.467821,0.510266
520,0.470925,0.51008
530,0.467516,0.511666
540,0.471105,0.511137
550,0.475206,0.513467
560,0.482589,0.512097
570,0.477572,0.510519
580,0.481016,0.509696
590,0.488537,0.50886
600,0.489443,0.508978
610,0.485261,0.51132
620,0.4901,0.512177
630,0.482674,0.512822
640,0.486172,0.515579
650,0.48758,0.516727
660,0.481083,0.517304
670,0.481715,0.518532
680,0.482635,0.519407
690,0.482893,0.520628
700,0.48197,0.519846
710,0.474514,0.520166
720,0.479224,0.520666
730,0.478632,0.522741
740,0.479381,0.521847
750,0.468519,0.522588
760,0.470998,0.523623
770,0.476937,0.522848
780,0.478712,0.521418
790,0.473094,0.517964
800,0.478883,0.517973
810,0.475563,0.518054
820,0.477513,0.519846
830,0.477331,0.520046
840,0.474733,0.523631
850,0.464156,0.522178
860,0.46372,0.523239
870,0.456964,0.524469
880,0.451641,0.524595
890,0.452355,0.522833
900,0.453078,0.523925
910,0.451273,0.523141
920,0.448768,0.523526
930,0.449123,0.52588
940,0.443814,0.52578
950,0.453122,0.527248
960,0.456552,0.526093
970,0.451717,0.526631
980,0.45084,0.524465
990,0.447167,0.526694
1000,0.447048,0.528665
1010,0.44682,0.529168
1020,0.44581,0.529481
1030,0.445701,0.530943
1040,0.451024,0.532814
1050,0.453383,0.535646
1060,0.448965,0.537164
1070,0.443184,0.537983
1080,0.437487,0.539006
1090,0.442338,0.538666
1100,0.449127,0.536234
1110,0.457686,0.533623
1120,0.458719,0.531757
1130,0.462728,0.532749
1140,0.461813,0.533576
1150,0.462751,0.534384
1160,0.464546,0.536676
1170,0.460265,0.535186
1180,0.459336,0.535064
1190,0.458917,0.536349
1200,0.46544,0.536298
1210,0.468628,0.536075
1220,0.465549,0.538227
1230,0.457628,0.53895
1240,0.45819,0.540186
1250,0.466644,0.540151
1260,0.474998,0.541279
1270,0.47421,0.543751
1280,0.475416,0.545418
1290,0.469145,0.544174
1300,0.468498,0.544682
1310,0.469319,0.544074
1320,0.468128,0.541553
1330,0.460964,0.543746
1340,0.465276,0.543398
1350,0.467238,0.542107
1360,0.45344,0.542738
1370,0.467331,0.54357
1380,0.47336,0.545303
1390,0.474311,0.545966
1400,0.467626,0.546233
1410,0.459446,0.547056
1420,0.451592,0.54612
1430,0.45894,0.5482
1440,0.455473,0.548704
1450,0.466038,0.549371
1460,0.457078,0.550112
1470,0.45085,0.548938
1480,0.457028,0.548437
1490,0.466207,0.54798
1500,0.470951,0.54773
1510,0.472755,0.545033
1520,0.469508,0.545469
1530,0.471511,0.548651
1540,0.465125,0.547744
1550,0.472834,0.546489
1560,0.466051,0.546547
1570,0.467923,0.547412
1580,0.472983,0.546418
1590,0.469053,0.547308
1600,0.465125,0.547236
1610,0.469832,0.546949
1620,0.472034,0.546321
1630,0.466643,0.545626
1640,0.464477,0.548201
1650,0.471166,0.550603
1660,0.472881,0.550122
1670,0.471498,0.549389
1680,0.470066,0.552717
1690,0.472655,0.551989
1700,0.468988,0.555157
1710,0.473713,0.555806
1720,0.466768,0.557086
1730,0.469749,0.558339
1740,0.467816,0.560199
1750,0.473224,0.561307
1760,0.463359,0.563306
1770,0.459684,0.563498
1780,0.472043,0.562818
1790,0.469181,0.565179
1800,0.469785,0.564682
1810,0.468374,0.564035
1820,0.472419,0.565497
1830,0.472784,0.567666
1840,0.46769,0.567975
1850,0.466699,0.567513
1860,0.469234,0.56787
1870,0.467918,0.568551
1880,0.465607,0.568809
1890,0.468363,0.569824
1900,0.465259,0.568861
1910,0.464176,0.570493
1920,0.464044,0.568837
1930,0.469772,0.570365
1940,0.471151,0.57252
1950,0.465507,0.572512
1960,0.461474,0.573234
1970,0.462583,0.575751
1980,0.462741,0.576451
1990,0.463433,0.576154
2000,0.460671,0.577788
2010,0.461834,0.5781
2020,0.467828,0.576606
2030,0.468905,0.578001
2040,0.465105,0.578014
2050,0.457626,0.58011
2060,0.461847,0.582586
2070,0.466059,0.583302
2080,0.461296,0.584646
2090,0.463568,0.584785
2100,0.4628,0.586217
2110,0.459078,0.587408
2120,0.456236,0.588275
2130,0.458279,0.589509
2140,0.4637,0.59119
2150,0.457406,0.594096
2160,0.456032,0.594375
2170,0.461456,0.593527
2180,0.466318,0.594441
2190,0.464665,0.596764
2200,0.455852,0.597224
2210,0.457545,0.597007
2220,0.462044,0.600092
2230,0.460118,0.602789
2240,0.466349,0.602489
2250,0.458255,0.600896
2260,0.466979,0.600907
2270,0.463634,0.60374
2280,0.459013,0.605393
2290,0.457162,0.605821
2300,0.461279,0.605617
2310,0.465469,0.604264
2320,0.459799,0.603079
2330,0.454016,0.602945
2340,0.45276,0.603212
2350,0.456659,0.603363
2360,0.456578,0.603632
2370,0.459266,0.603047
2380,0.458542,0.602578
2390,0.454372,0.603408
2400,0.45847,0.603552
2410,0.456276,0.602951
2420,0.461721,0.603739
2430,0.454918,0.604887
2440,0.462412,0.606081
2450,0.453351,0.606911
2460,0.4539,0.60795
2470,0.451401,0.609447
2480,0.460828,0.612485
2490,0.46211,0.613057
2500,0.459599,0.612859
2510,0.460628,0.613306
2520,0.461038,0.613701
2530,0.459079,0.615843
2540,0.464478,0.616291
2550,0.460295,0.6195
2560,0.457662,0.624354
2570,0.458847,0.6241
2580,0.458646,0.624349
2590,0.458073,0.624729
2600,0.46152,0.624892
2610,0.456321,0.625457
2620,0.458812,0.625835
2630,0.459435,0.625996
2640,0.452598,0.627717
2650,0.455014,0.628782
2660,0.452871,0.631568
2670,0.454961,0.630881
2680,0.448734,0.633501
2690,0.451256,0.631792
2700,0.451498,0.63139
2710,0.453686,0.63234
2720,0.453844,0.633085
2730,0.44672,0.634371
2740,0.44224,0.634605
2750,0.433729,0.6345
2760,0.424637,0.635754
2770,0.429674,0.634909
2780,0.426446,0.635604
2790,0.433529,0.63722
2800,0.423124,0.63979
2810,0.428212,0.64212
2820,0.431511,0.642097
2830,0.427564,0.64377
2840,0.434662,0.645882
2850,0.431656,0.645136
2860,0.422495,0.649024
2870,0.416092,0.649192
2880,0.411468,0.650072
2890,0.405584,0.652509
2900,0.416951,0.656616
2910,0.418315,0.656852
2920,0.423623,0.659236
2930,0.416013,0.659868
2940,0.423426,0.6588
2950,0.421128,0.659137
2960,0.415467,0.663242
2970,0.414946,0.664706
2980,0.416806,0.665154
2990,0.419709,0.665213
3000,0.421256,0.66974
3010,0.427084,0.670272
3020,0.425713,0.667954
3030,0.417149,0.670211
3040,0.412988,0.671879
3050,0.425753,0.671184
3060,0.42539,0.670673
3070,0.425213,0.671077
3080,0.427097,0.67429
3090,0.418864,0.674149
3100,0.420548,0.671914
3110,0.407105,0.674946
3120,0.406849,0.677588
3130,0.411915,0.67797
3140,0.407216,0.6797
3150,0.410026,0.681309
3160,0.405835,0.68248
3170,0.402523,0.684068
3180,0.396578,0.687366
3190,0.393863,0.689122
3200,0.395682,0.68833
3210,0.396462,0.687902
3220,0.395942,0.687759
3230,0.388818,0.68897
3240,0.385075,0.689283
3250,0.382664,0.689217
3260,0.381574,0.689923
3270,0.385201,0.691246
3280,0.389538,0.691918
3290,0.383238,0.691231
3300,0.386071,0.691094
3310,0.375613,0.693912
3320,0.378254,0.694252
3330,0.377862,0.691188
3340,0.378267,0.691434
3350,0.374538,0.690108
3360,0.368109,0.693045
3370,0.375575,0.694855
3380,0.374871,0.693987
3390,0.37323,0.694758
3400,0.366287,0.696842
3410,0.366704,0.698345
3420,0.365844,0.700181
3430,0.363495,0.702434
3440,0.363907,0.700672
3450,0.364994,0.699037
3460,0.366722,0.699623
3470,0.373542,0.698533
3480,0.371179,0.698812
3490,0.366924,0.699773
3500,0.361501,0.702294
3510,0.357855,0.703684
3520,0.354635,0.705433
3530,0.357238,0.702808
3540,0.365199,0.704051
3550,0.36102,0.705324
3560,0.357883,0.705553
3570,0.35488,0.708634
3580,0.351785,0.708847
3590,0.347801,0.710469
3600,0.346667,0.710898
3610,0.345522,0.711701
3620,0.35094,0.711055
3630,0.348655,0.71093
3640,0.351611,0.709648
3650,0.34693,0.709553
3660,0.349012,0.709197
3670,0.346762,0.713743
3680,0.340985,0.714135
3690,0.342876,0.714461
3700,0.341552,0.71552
3710,0.342282,0.716035
3720,0.342255,0.716531
3730,0.341052,0.716806
3740,0.338897,0.717306
3750,0.337462,0.719888
3760,0.335199,0.718852
3770,0.335017,0.719529
3780,0.337122,0.71909
3790,0.333805,0.719661
3800,0.327797,0.720361
3810,0.324809,0.721919
3820,0.326768,0.724616
3830,0.321104,0.725537
3840,0.322299,0.725615
3850,0.323025,0.724539
3860,0.327236,0.725981
3870,0.326412,0.727886
3880,0.32291,0.729015
3890,0.322248,0.729923
3900,0.323571,0.72959
3910,0.324589,0.729277
3920,0.320026,0.732752
3930,0.321164,0.733837
3940,0.319939,0.734494
3950,0.321185,0.735584
3960,0.315568,0.737271
3970,0.31453,0.739822
3980,0.314659,0.739999
3990,0.312255,0.740996
4000,0.307175,0.741762
4010,0.3032,0.744787
4020,0.301231,0.7462
4030,0.3026,0.745701
4040,0.298955,0.747383
4050,0.299231,0.747801
4060,0.292313,0.749806
4070,0.289713,0.754202
4080,0.287212,0.756208
4090,0.292696,0.755665
4100,0.289933,0.757625
4110,0.285426,0.757813
4120,0.278385,0.761824
4130,0.280371,0.762656
4140,0.282954,0.764135
4150,0.282798,0.765768
4160,0.279336,0.768878
4170,0.275795,0.770543
4180,0.269588,0.774725
4190,0.263572,0.775045
4200,0.263803,0.776124
4210,0.256059,0.777941
4220,0.255137,0.779215
4230,0.252067,0.780615
4240,0.247866,0.783236
4250,0.245942,0.786214
4260,0.243738,0.787574
4270,0.243496,0.788127
4280,0.241598,0.789431
4290,0.236663,0.792091
4300,0.237957,0.792483
4310,0.235222,0.792514
4320,0.232444,0.795135
4330,0.2295,0.796365
4340,0.229901,0.795764
4350,0.228605,0.796304
4360,0.225618,0.797831
4370,0.224928,0.799239
4380,0.224097,0.800239
4390,0.223317,0.801247
4400,0.224271,0.801629
4410,0.223818,0.803466
4420,0.226027,0.803238
4430,0.224332,0.805658
4440,0.222192,0.80673
4450,0.223879,0.806967
4460,0.221871,0.807363
4470,0.21829,0.809312
4480,0.216811,0.810567
4490,0.21359,0.812069
4500,0.215088,0.812058
4510,0.212859,0.814424
4520,0.211446,0.816706
4530,0.21095,0.815915
4540,0.2092,0.817257
4550,0.205446,0.82098
4560,0.203749,0.822418
4570,0.202712,0.824015
4580,0.199825,0.826565
4590,0.199593,0.827646
4600,0.197428,0.829488
4610,0.195814,0.830374
4620,0.195395,0.832879
4630,0.192897,0.836167
4640,0.189728,0.838908
4650,0.191124,0.839079
4660,0.190169,0.840799
4670,0.188772,0.840784
4680,0.186039,0.842063
4690,0.184719,0.843558
4700,0.182731,0.845278
4710,0.181511,0.84589
4720,0.17814,0.847852
4730,0.178576,0.849221
4740,0.176859,0.851573
4750,0.175209,0.851706
4760,0.175659,0.853526
4770,0.174628,0.854501
4780,0.171278,0.857184
4790,0.168669,0.859347
4800,0.170279,0.859471
4810,0.167939,0.860389
4820,0.163654,0.862308
4830,0.16288,0.863046
4840,0.160228,0.864659
4850,0.158506,0.866441
4860,0.158019,0.868041
4870,0.154222,0.870143
4880,0.155138,0.872243
4890,0.152995,0.872356
4900,0.152144,0.8741
4910,0.150481,0.87481
4920,0.146353,0.878166
4930,0.146067,0.880571
4940,0.144594,0.88248
4950,0.142717,0.882884
4960,0.141221,0.884804
4970,0.137648,0.887386
4980,0.135275,0.88902
4990,0.13401,0.890585
5000,0.131491,0.892909
5010,0.129679,0.895234
5020,0.127952,0.89725
5030,0.127125,0.899103
5040,0.124316,0.900242
5050,0.120853,0.902219
5060,0.119176,0.904146
5070,0.119783,0.904601
5080,0.118771,0.905387
5090,0.118062,0.906347
5100,0.116045,0.908488
5110,0.113008,0.910418
5120,0.110534,0.911458
5130,0.109193,0.913682
5140,0.106625,0.915804
5150,0.107047,0.915922
5160,0.107113,0.91723
5170,0.105334,0.918479
5180,0.103701,0.919408
5190,0.10475,0.919648
5200,0.103866,0.920633
5210,0.101645,0.922654
5220,0.100103,0.92477
5230,0.0977709,0.926392
5240,0.096403,0.927126
5250,0.0948167,0.92856
5260,0.0939491,0.930116
5270,0.092872,0.930909
5280,0.0917213,0.932578
5290,0.0921447,0.9326
5300,0.0895113,0.934811
5310,0.0873971,0.936109
5320,0.08487,0.937667
5330,0.0838257,0.93872
5340,0.0836613,0.939747
5350,0.0836292,0.939303
5360,0.0829415,0.940401
5370,0.0809138,0.941176
5380,0.0789501,0.942296
5390,0.078649,0.942988
5400,0.079402,0.942687
5410,0.0778012,0.943853
5420,0.0760743,0.9451
5430,0.0743896,0.946252
5440,0.0732454,0.947455
5450,0.0715692,0.94916
5460,0.0715476,0.948899
5470,0.0701801,0.950156
5480,0.0692116,0.950737
5490,0.0680382,0.951628
5500,0.0661088,0.95338
5510,0.0648334,0.954346
5520,0.0647886,0.954888
5530,0.0622738,0.956538
5540,0.0605402,0.957692
5550,0.0598268,0.9581
5560,0.0593478,0.958154
5570,0.0589559,0.957968
5580,0.0593337,0.958579
5590,0.0587535,0.959144
5600,0.0579125,0.959926
5610,0.0569434,0.961039
5620,0.0568806,0.961741
5630,0.0558538,0.962415
5640,0.0556095,0.962815
5650,0.0546771,0.963813
5660,0.0531337,0.964866
5670,0.0522841,0.965582
5680,0.0526784,0.96456
5690,0.0524301,0.964782
5700,0.0513859,0.96572
5710,0.0507452,0.96613
5720,0.0495522,0.967176
5730,0.0481723,0.96778
5740,0.0474806,0.968109
5750,0.0474583,0.968057
5760,0.0467977,0.96885
5770,0.0448815,0.969842
5780,0.0437756,0.970585
5790,0.0429058,0.970894
5800,0.0418769,0.971471
5810,0.0419874,0.971223
5820,0.0407651,0.972228
5830,0.0390381,0.973474
5840,0.0382155,0.973882
5850,0.0374134,0.974965
5860,0.0359506,0.975848
5870,0.0349182,0.97693
5880,0.0341237,0.977278
5890,0.0333348,0.978027
5900,0.032488,0.978599
5910,0.0325476,0.978468
5920,0.0317855,0.978962
5930,0.0306184,0.979836
5940,0.0306545,0.979661
5950,0.0296333,0.980169
5960,0.0283357,0.981031
5970,0.0271638,0.98192
5980,0.0271176,0.981975
5990,0.025886,0.98302
6000,0.0247065,0.983769
6010,0.0239245,0.984283
6020,0.0236264,0.984697
6030,0.0242113,0.984167
6040,0.0226453,0.985077
6050,0.021768,0.985668
6060,0.0206449,0.986488
6070,0.0201802,0.986635
6080,0.0195726,0.987135
6090,0.0195346,0.987445
6100,0.0181906,0.988276
6110,0.0173294,0.988698
6120,0.0166092,0.989231
6130,0.0167184,0.988994
6140,0.0160707,0.989446
6150,0.0152483,0.990031
6160,0.0154447,0.989918
6170,0.0148777,0.990201
6180,0.0145042,0.990325
6190,0.0139367,0.990799
6200,0.01313,0.991279
6210,0.0125135,0.991681
6220,0.0116243,0.992225
6230,0.0117669,0.992195
6240,0.0111353,0.992686
6250,0.0101373,0.993316
6260,0.00934147,0.99388
6270,0.00949226,0.993775
6280,0.00929319,0.993994
6290,0.00935693,0.993973
6300,0.0086177,0.99444
6310,0.00747135,0.995131
6320,0.00741781,0.995112
6330,0.00704858,0.995341
6340,0.00667364,0.995636
6350,0.00665482,0.995644
6360,0.00562742,0.996279
6370,0.00530257,0.996537
6380,0.00488998,0.996869
6390,0.00465615,0.997014
6400,0.00506972,0.996739
6410,0.00476774,0.996926
6420,0.00436605,0.997182
6430,0.00436884,0.997183
6440,0.0041651,0.997311
6450,0.00377424,0.997538
6460,0.00371451,0.997585
6470,0.00345567,0.997752
6480,0.00344163,0.997781
6490,0.00353789,0.997754
6500,0.00348821,0.997755
6510,0.00319856,0.997961
6520,0.00343943,0.997828
6530,0.00319044,0.997979
6540,0.00285503,0.998179
6550,0.00300883,0.998108
6560,0.00281015,0.99824
6570,0.0027578,0.998291
6580,0.00254546,0.998419
6590,0.00224293,0.99862
6600,0.00221817,0.998626
6610,0.00195843,0.998786
6620,0.0018784,0.998835
6630,0.00182163,0.998867
6640,0.00172671,0.998937
6650,0.00138203,0.999154
6660,0.00102684,0.999371
6670,0.0013147,0.999198
6680,0.00123772,0.999243
6690,0.00111006,0.999319
6700,0.00105034,0.999355
6710,0.00113913,0.999299
6720,0.00116566,0.999286
6730,0.00105252,0.999354
6740,0.00111215,0.999321
6750,0.00119418,0.999265
6760,0.00100934,0.999375
6770,0.00096981,0.999399
6780,0.000946739,0.999413
6790,0.0008248,0.999491
6800,0.000692327,0.999572
6810,0.000683028,0.999575
6820,0.000734032,0.999545
6830,0.00073095,0.999548
6840,0.000637409,0.999603
6850,0.000497726,0.999692
6860,0.000577679,0.999643
6870,0.00040001,0.999757
6880,0.000315957,0.999809
6890,0.000337171,0.999796
6900,0.000405415,0.999754
6910,0.000276316,0.999831
6920,0.000367458,0.999773
6930,0.000337732,0.999793
6940,0.000299543,0.999816
6950,0.000190877,0.999885
6960,0.000201842,0.999877
6970,0.000122934,0.999925
6980,0.000197413,0.999879
6990,0.000227977,0.99986
7000,0.000302291,0.999813
7010,0.000275759,0.99983
7020,0.00032579,0.999794
7030,0.000242634,0.999846
7040,0.000181356,0.999885
7050,0.00010465,0.999935
7060,6.94339e-05,0.999957
7070,0.000106825,0.999933
7080,0.000115192,0.999927
7090,0.000115341,0.999928
7100,0.000169472,0.999894
7110,0.000226191,0.999859
7120,0.000267454,0.999832
7130,0.000352784,0.999783
7140,0.000420757,0.999744
7150,0.000253846,0.999844
7160,0.000228044,0.999862
7170,0.000114561,0.99993
7180,8.23043e-05,0.99995
7190,4.2832e-05,0.999974
7200,5.45956e-05,0.999967
7210,7.09599e-05,0.999956
7220,7.88012e-05,0.999953
7230,6.29407e-05,0.999962
7240,5.05114e-05,0.999969
7250,5.31977e-05,0.999967
7260,3.40447e-05,0.999979
7270,1.63883e-05,0.99999
7280,2.70079e-05,0.999983
7290,7.48524e-06,0.999995
7300,0,1
7310,0,1
7320,0,1
7330,0,1
7340,0,1
7350,0,1
7360,0,1
7370,0,1
7380,0,1
7390,0,1
7400,0,1
7410,0,1
7420,0,1
7430,0,1
7440,0,1
7450,0,1
7460,0,1
7470,0,1
7480,0,1
7490,0,1
7500,0,1
7510,0,1
7520,0,1
7530,0,1
7540,0,1
7550,0,1
7560,0,1
7570,0,1
7580,0,1
7590,0,1
7600,0,1
7610,0,1
7620,0,1
7630,0,1
7640,0,1
7650,0,1
7660,0,1
7670,0,1
7680,0,1
7690,0,1
7700,0,1
7710,0,1
7720,0,1
7730,0,1
7740,0,1
7750,0,1
7760,0,1
7770,0,1
7780,0,1
7790,0,1
7800,0,1
7810,0,1
7820,0,1
7830,0,1
7840,0,1
7850,0,1
7860,0,1
7870,0,1
7880,0,1
7890,0,1
7900,0,1
7910,0,1
7920,0,1
7930,0,1
7940,0,1
7950,0,1
7960,0,1
7970,0,1
7980,0,1
7990,0,1
8000,0,1
8010,0,1
8020,0,1
8030,0,1
8040,0,1
8050,0,1
8060,0,1
8070,0,1
8080,0,1
8090,0,1
8100,0,1
8110,0,1
8120,0,1
8130,0,1
8140,0,1
8150,0,1
8160,0,1
8170,0,1
8180,0,1
8190,0,1
8200,0,1
8210,0,1
8220,0,1
8230,0,1
8240,0,1
8250,0,1
8260,0,1
8270,0,1
8280,0,1
8290,0,1
8300,0,1
8310,0,1
8320,0,1
8330,0,1
8340,0,1
8350,0,1
8360,0,1
8370,0,1
8380,0,1
8390,0,1
8400,0,1
8410,0,1
8420,0,1
8430,0,1
8440,0,1
8450,0,1
8460,0,1
8470,0,1
8480,0,1
8490,0,1
8500,0,1
8510,0,1
8520,0,1
8530,0,1
8540,0,1
8550,0,1
8560,0,1
8570,0,1
8580,0,1
8590,0,1
8600,0,1
8610,0,1
8620,0,1
8630,0,1
8640,0,1
8650,0,1
8660,0,1
8670,0,1
8680,0,1
8690,0,1
8700,0,1
8710,0,1
8720,0,1
8730,0,1
8740,0,1
8750,0,1
8760,0,1
8770,0,1
8780,0,1
8790,0,1
8800,0,1
8810,0,1
8820,0,1
8830,0,1
8840,0,1
8850,0,1
8860,0,1
8870,0,1
8880,0,1
8890,0,1
8900,0,1
8910,0,1
8920,0,1
8930,0,1
8940,0,1
8950,0,1
8960,0,1
8970,0,1
8980,0,1
8990,0,1
9000,0,1
9010,0,1
9020,0,1
9030,0,1
9040,0,1
9050,0,1
9060,0,1
9070,0,1
9080,0,1
9090,0,1
9100,0,1
9110,0,1
9120,0,1
9130,0,1
9140,0,1
9150,0,1
9160,0,1
9170,0,1
9180,0,1
9190,0,1
9200,0,1
9210,0,1
9220,0,1
9230,0,1
9240,0,1
9250,0,1
9260,0,1
9270,0,1
9280,0,1
9290,0,1
9300,0,1
9310,0,1
9320,0,1
9330,0,1
9340,0,1
9350,0,1
9360,0,1
9370,0,1
9380,0,1
9390,0,1
9400,0,1
9410,0,1
9420,0,1
9430,0,1
9440,0,1
9450,0,1
9460,0,1
9470,0,1
9480,0,1
9490,0,1
9500,0,1
9510,0,1
9520,0,1
9530,0,1
9540,0,1
9550,0,1
9560,0,1
9570,0,1
9580,0,1
9590,0,1
9600,0,1
9610,0,1
9620,0,1
9630,0,1
9640,0,1
9650,0,1
9660,0,1
9670,0,1
9680,0,1
9690,0,1
9700,0,1
9710,0,1
9720,0,1
9730,0,1
9740,0,1
9750,0,1
9760,0,1
9770,0,1
9780,0,1
9790,0,1
9800,0,1
9810,0,1
9820,0,1
9830,0,1
9840,0,1
9850,0,1
9860,0,1
9870,0,1
9880,0,1
9890,0,1
9900,0,1
9910,0,1
9920,0,1
9930,0,1
9940,0,1
9950,0,1
9960,0,1
9970,0,1
9980,0,1
9990,0,1
