0,0.499999,0.499887
100,0.499133,0.499746
200,0.497291,0.499486
300,0.494907,0.499713
400,0.495611,0.498673
500,0.496515,0.497944
600,0.491051,0.497669
700,0.492045,0.497629
800,0.482609,0.496692
900,0.477725,0.495874
1000,0.493234,0.495368
1100,0.467982,0.494905
1200,0.468327,0.494067
1300,0.471916,0.494165
1400,0.476761,0.493337
1500,0.479409,0.493177
1600,0.495716,0.49139
1700,0.491764,0.490509
1800,0.489165,0.488922
1900,0.489854,0.488076
2000,0.491767,0.48748
2100,0.494573,0.486761
2200,0.491956,0.485876
2300,0.494551,0.485159
2400,0.497633,0.483658
2500,0.484942,0.483208
2600,0.49578,0.482102
2700,0.493572,0.482256
2800,0.476986,0.481651
2900,0.495147,0.48155
3000,0.486622,0.481386
3100,0.477383,0.479876
3200,0.482748,0.479842
3300,0.488924,0.479739
3400,0.486544,0.479012
3500,0.475603,0.478147
3600,0.482805,0.477124
3700,0.486552,0.476354
3800,0.490199,0.476165
3900,0.491105,0.475785
4000,0.496971,0.475896
4100,0.497679,0.476004
4200,0.49193,0.475102
4300,0.478666,0.475738
4400,0.48634,0.475038
4500,0.494145,0.473963
4600,0.486615,0.4736
4700,0.475592,0.473092
4800,0.481336,0.473241
4900,0.49332,0.47287
5000,0.487377,0.47255
5100,0.472438,0.472468
5200,0.477436,0.472476
5300,0.480727,0.472114
5400,0.486757,0.471781
5500,0.485086,0.470658
5600,0.476369,0.469515
5700,0.493546,0.46797
5800,0.483453,0.466871
5900,0.488767,0.466047
6000,0.485218,0.464881
6100,0.488606,0.463349
6200,0.480264,0.462089
6300,0.480221,0.460334
6400,0.472811,0.458533
6500,0.478529,0.45701
6600,0.491873,0.455723
6700,0.491179,0.45464
6800,0.48717,0.453035
6900,0.494788,0.452416
7000,0.483055,0.451386
7100,0.481493,0.449699
7200,0.485329,0.448676
7300,0.489071,0.447938
7400,0.488871,0.447252
7500,0.473561,0.447338
7600,0.483964,0.447508
7700,0.476218,0.44768
7800,0.487754,0.447902
7900,0.484853,0.447825
8000,0.487261,0.447741
8100,0.484603,0.448318
8200,0.480481,0.449393
8300,0.484675,0.449688
8400,0.476096,0.450104
8500,0.468586,0.450537
8600,0.467381,0.450888
8700,0.485429,0.452323
8800,0.491679,0.45357
8900,0.488995,0.455105
9000,0.480376,0.456046
9100,0.486017,0.455832
9200,0.494036,0.457025
9300,0.494876,0.458693
9400,0.478808,0.459114
9500,0.491168,0.459299
9600,0.490093,0.459218
9700,0.493263,0.458456
9800,0.478914,0.457506
9900,0.483671,0.455559
10000,0.486833,0.454647
10100,0.484151,0.454081
10200,0.487299,0.453697
10300,0.478512,0.452558
10400,0.465027,0.451849
10500,0.466518,0.451755
10600,0.447661,0.450532
10700,0.453281,0.448964
10800,0.463805,0.446813
10900,0.47037,0.44526
11000,0.47563,0.442622
11100,0.484509,0.441579
11200,0.473049,0.439934
11300,0.470181,0.437488
11400,0.476005,0.436196
11500,0.467507,0.434456
11600,0.481473,0.432885
11700,0.484356,0.432178
11800,0.486151,0.431201
11900,0.481499,0.430099
12000,0.4847,0.429392
12100,0.477827,0.428589
12200,0.48025,0.428373
12300,0.488046,0.427584
12400,0.480706,0.426427
12500,0.470616,0.426826
12600,0.465447,0.426778
12700,0.481949,0.427175
12800,0.480179,0.427337
12900,0.473462,0.428018
13000,0.480149,0.429292
13100,0.484011,0.430843
13200,0.47998,0.432285
13300,0.483509,0.433474
13400,0.484794,0.434707
13500,0.485513,0.435769
13600,0.472241,0.437046
13700,0.47548,0.438339
13800,0.475434,0.43878
13900,0.479021,0.439836
14000,0.46632,0.441131
14100,0.466096,0.442074
14200,0.482234,0.443319
14300,0.474352,0.444662
14400,0.467257,0.444899
14500,0.452509,0.444608
14600,0.451079,0.444909
14700,0.454765,0.444904
14800,0.472873,0.444644
14900,0.468761,0.44341
15000,0.477018,0.442315
15100,0.469062,0.440905
15200,0.489239,0.43891
15300,0.482286,0.437395
15400,0.486516,0.435258
15500,0.488183,0.43319
15600,0.468549,0.431974
15700,0.484979,0.431408
15800,0.47831,0.42958
15900,0.481726,0.429224
16000,0.488137,0.428034
16100,0.480333,0.426673
16200,0.476131,0.425261
16300,0.48348,0.423562
16400,0.481047,0.421937
16500,0.479827,0.420392
16600,0.471149,0.419856
16700,0.45869,0.418211
16800,0.476437,0.417052
16900,0.473987,0.415683
17000,0.477337,0.414507
17100,0.480329,0.414077
17200,0.463422,0.41268
17300,0.477622,0.412708
17400,0.477147,0.411189
17500,0.479141,0.409886
17600,0.478123,0.408634
17700,0.473653,0.407544
17800,0.463377,0.405865
17900,0.472787,0.405603
18000,0.467995,0.40489
18100,0.465167,0.404671
18200,0.464948,0.404509
18300,0.473618,0.404668
18400,0.464962,0.404773
18500,0.461697,0.404218
18600,0.472317,0.40347
18700,0.45753,0.40305
18800,0.475657,0.403414
18900,0.476076,0.403229
19000,0.473015,0.40306
19100,0.473269,0.403658
19200,0.475123,0.403635
19300,0.473235,0.403636
19400,0.453773,0.404027
19500,0.465248,0.404162
19600,0.462397,0.40484
19700,0.466879,0.404396
19800,0.463961,0.404042
19900,0.474196,0.403296
20000,0.470204,0.402456
20100,0.464925,0.401756
20200,0.467623,0.400642
20300,0.477526,0.398768
20400,0.472398,0.398176
20500,0.475479,0.397533
20600,0.464026,0.396283
20700,0.465888,0.395214
20800,0.467269,0.394945
20900,0.465502,0.394383
21000,0.461514,0.393268
21100,0.461869,0.391952
21200,0.460636,0.391155
21300,0.4662,0.390231
21400,0.469609,0.389213
21500,0.470066,0.387844
21600,0.46829,0.387338
21700,0.473042,0.387198
21800,0.46205,0.387277
21900,0.469641,0.386468
22000,0.46928,0.386516
22100,0.457254,0.386181
22200,0.458878,0.385532
22300,0.454051,0.384699
22400,0.45473,0.383385
22500,0.463797,0.382214
22600,0.454757,0.381819
22700,0.468057,0.380491
22800,0.467393,0.378612
22900,0.46038,0.377505
23000,0.451711,0.376841
23100,0.464752,0.376952
23200,0.464043,0.376376
23300,0.446894,0.375708
23400,0.446836,0.375646
23500,0.456396,0.375713
23600,0.440135,0.375963
23700,0.45385,0.375626
23800,0.463448,0.37639
23900,0.452415,0.377417
24000,0.454325,0.377874
24100,0.465447,0.378501
24200,0.463407,0.379017
24300,0.459573,0.37899
24400,0.44871,0.378892
24500,0.448815,0.379443
24600,0.460377,0.379548
24700,0.462133,0.379465
24800,0.467653,0.379886
24900,0.469644,0.380838
25000,0.461686,0.381566
25100,0.461716,0.382131
25200,0.446561,0.382067
25300,0.452283,0.382022
25400,0.462576,0.381785
25500,0.461724,0.382582
25600,0.459991,0.38204
25700,0.441239,0.381511
25800,0.458285,0.380606
25900,0.463688,0.379644
26000,0.461251,0.379364
26100,0.465376,0.378447
26200,0.460009,0.37815
26300,0.458061,0.376925
26400,0.455754,0.376265
26500,0.456211,0.375431
26600,0.44826,0.3747
26700,0.441356,0.374533
26800,0.45035,0.374749
26900,0.454216,0.374386
27000,0.460407,0.374104
27100,0.457707,0.374071
27200,0.464352,0.373427
27300,0.461067,0.373747
27400,0.463204,0.373678
27500,0.458926,0.373772
27600,0.443748,0.373544
27700,0.451619,0.372545
27800,0.449156,0.373423
27900,0.455748,0.373796
28000,0.461331,0.373777
28100,0.43852,0.374091
28200,0.4588,0.373574
28300,0.457231,0.372734
28400,0.458241,0.371784
28500,0.463891,0.371627
28600,0.465947,0.371726
28700,0.448789,0.370969
28800,0.448982,0.370237
28900,0.454616,0.369375
29000,0.455911,0.368024
29100,0.446034,0.366432
29200,0.461632,0.365145
29300,0.4436,0.364074
29400,0.451978,0.362712
29500,0.451071,0.361167
29600,0.452433,0.360458
29700,0.452824,0.358629
29800,0.450704,0.357823
29900,0.448678,0.356502
30000,0.455137,0.3553
30100,0.454945,0.35463
30200,0.451776,0.353947
30300,0.448416,0.35362
30400,0.442152,0.353246
30500,0.441509,0.353125
30600,0.45429,0.353121
30700,0.448816,0.353856
30800,0.452923,0.354145
30900,0.441293,0.353924
31000,0.436843,0.355068
31100,0.449314,0.35597
31200,0.444061,0.357563
31300,0.441361,0.35891
31400,0.457349,0.360441
31500,0.448719,0.361769
31600,0.448797,0.362502
31700,0.451602,0.362831
31800,0.460885,0.363192
31900,0.46108,0.363505
32000,0.450184,0.363359
32100,0.455092,0.363556
32200,0.459178,0.363748
32300,0.464071,0.363434
32400,0.452776,0.362977
32500,0.453663,0.362836
32600,0.457373,0.362449
32700,0.450494,0.362197
32800,0.449509,0.363154
32900,0.427133,0.363061
33000,0.435509,0.36246
33100,0.449998,0.362566
33200,0.455329,0.362125
33300,0.434061,0.36186
33400,0.426471,0.360811
33500,0.428173,0.360155
33600,0.444867,0.359761
33700,0.450965,0.359577
33800,0.445988,0.359494
33900,0.450913,0.359389
34000,0.453363,0.358929
34100,0.453313,0.357837
34200,0.449602,0.35814
34300,0.441403,0.358479
34400,0.456051,0.357074
34500,0.454636,0.355853
34600,0.448365,0.35464
34700,0.454703,0.354153
34800,0.449571,0.353801
34900,0.445136,0.353217
35000,0.446934,0.353322
35100,0.446965,0.35376
35200,0.451658,0.354441
35300,0.457188,0.35473
35400,0.451585,0.355088
35500,0.454308,0.355173
35600,0.446999,0.356389
35700,0.442391,0.356942
35800,0.447068,0.355634
35900,0.443253,0.355512
36000,0.441959,0.355074
36100,0.44351,0.354826
36200,0.455665,0.354624
36300,0.454554,0.355184
36400,0.437454,0.354989
36500,0.45134,0.354108
36600,0.449888,0.353329
36700,0.44819,0.352884
36800,0.456089,0.352442
36900,0.450889,0.352091
37000,0.449233,0.351627
37100,0.454515,0.351342
37200,0.444722,0.350411
37300,0.445255,0.349908
37400,0.442157,0.349288
37500,0.444538,0.348216
37600,0.43191,0.347139
37700,0.448937,0.346196
37800,0.444434,0.345802
37900,0.448487,0.346132
38000,0.439771,0.347101
38100,0.440276,0.348258
38200,0.443987,0.348737
38300,0.436501,0.348828
38400,0.44628,0.348762
38500,0.450456,0.348964
38600,0.452412,0.349865
38700,0.4389,0.350366
38800,0.425683,0.349815
38900,0.440333,0.349537
39000,0.433407,0.349748
39100,0.439902,0.350441
39200,0.43192,0.350703
39300,0.432565,0.350886
39400,0.428998,0.351432
39500,0.442684,0.351589
39600,0.448858,0.351111
39700,0.430419,0.350817
39800,0.441583,0.350346
39900,0.450256,0.349631
40000,0.44357,0.34853
40100,0.441827,0.347148
40200,0.442056,0.346063
40300,0.444993,0.344308
40400,0.444703,0.343132
40500,0.44039,0.342698
40600,0.437123,0.341002
40700,0.415826,0.339794
40800,0.435864,0.339528
40900,0.434308,0.339126
41000,0.436789,0.337775
41100,0.441275,0.336557
41200,0.434435,0.336087
41300,0.439199,0.334776
41400,0.442542,0.33429
41500,0.440968,0.333529
41600,0.429216,0.332719
41700,0.423326,0.331733
41800,0.43557,0.330709
41900,0.434573,0.330034
42000,0.437134,0.329857
42100,0.436446,0.329261
42200,0.437238,0.329099
42300,0.429244,0.328079
42400,0.421841,0.327268
42500,0.431347,0.326597
42600,0.425093,0.326733
42700,0.423246,0.327619
42800,0.430252,0.327261
42900,0.420887,0.327739
43000,0.412637,0.327795
43100,0.424728,0.328377
43200,0.435202,0.328832
43300,0.437754,0.329488
43400,0.426797,0.32991
43500,0.438603,0.330716
43600,0.438975,0.331889
43700,0.437746,0.332658
43800,0.443721,0.33416
43900,0.44407,0.335886
44000,0.4428,0.337494
44100,0.445402,0.339219
44200,0.438255,0.340746
44300,0.441969,0.342716
44400,0.44587,0.34374
44500,0.448486,0.344899
44600,0.444076,0.346482
44700,0.445048,0.347466
44800,0.436958,0.348353
44900,0.4407,0.348608
45000,0.452194,0.349594
45100,0.449954,0.350105
45200,0.444487,0.350576
45300,0.443018,0.351336
45400,0.443388,0.351184
45500,0.443055,0.351658
45600,0.438863,0.351952
45700,0.445339,0.352013
45800,0.433771,0.352277
45900,0.442779,0.353168
46000,0.454053,0.353844
46100,0.452113,0.353955
46200,0.448241,0.354579
46300,0.454629,0.35548
46400,0.450078,0.356055
46500,0.443979,0.356065
46600,0.456528,0.356062
46700,0.452716,0.356828
46800,0.459829,0.357235
46900,0.45188,0.357251
47000,0.444556,0.357296
47100,0.432412,0.356967
47200,0.455312,0.356431
47300,0.455722,0.356025
47400,0.446638,0.35657
47500,0.452145,0.357276
47600,0.459948,0.357402
47700,0.448702,0.357606
47800,0.451574,0.357203
47900,0.445193,0.357051
48000,0.448448,0.357169
48100,0.438922,0.358563
48200,0.443711,0.358528
48300,0.439728,0.358351
48400,0.443051,0.358829
48500,0.445812,0.359881
48600,0.445215,0.3603
48700,0.45936,0.360865
48800,0.459767,0.362252
48900,0.454988,0.364135
49000,0.460924,0.365399
49100,0.446579,0.366699
49200,0.456924,0.367567
49300,0.456123,0.369429
49400,0.447719,0.37069
49500,0.456753,0.37229
49600,0.457348,0.373831
49700,0.465336,0.375375
49800,0.458337,0.376526
49900,0.45418,0.377592
50000,0.442913,0.378321
50100,0.445776,0.378763
50200,0.44914,0.379649
50300,0.461759,0.380438
50400,0.459365,0.380517
50500,0.464246,0.381511
50600,0.450936,0.382422
50700,0.46619,0.382723
50800,0.470102,0.383508
50900,0.461804,0.383713
51000,0.466446,0.38404
51100,0.461624,0.383689
51200,0.45375,0.383403
51300,0.465152,0.382988
51400,0.454903,0.383083
51500,0.462209,0.383475
51600,0.459736,0.383457
51700,0.45707,0.383236
51800,0.459443,0.382669
51900,0.468776,0.382194
52000,0.463273,0.381273
52100,0.452575,0.380669
52200,0.466949,0.379992
52300,0.454442,0.379623
52400,0.440119,0.378746
52500,0.451042,0.378396
52600,0.451953,0.376955
52700,0.455263,0.375658
52800,0.44585,0.375368
52900,0.443083,0.374259
53000,0.459296,0.373143
53100,0.454646,0.372098
53200,0.454014,0.370599
53300,0.459638,0.370306
53400,0.451033,0.370073
53500,0.442332,0.369227
53600,0.448576,0.367459
53700,0.454968,0.366842
53800,0.455108,0.365825
53900,0.45628,0.36503
54000,0.459447,0.36424
54100,0.448325,0.362878
54200,0.4573,0.362207
54300,0.455242,0.361548
54400,0.454219,0.360496
54500,0.457445,0.360034
54600,0.450806,0.359361
54700,0.454864,0.358635
54800,0.4544,0.35853
54900,0.449984,0.357633
55000,0.455875,0.356204
55100,0.452122,0.35565
55200,0.449441,0.355618
55300,0.445574,0.354766
55400,0.451992,0.354912
55500,0.455175,0.355049
55600,0.455261,0.355607
55700,0.450415,0.355174
55800,0.44059,0.356327
55900,0.452501,0.356132
56000,0.459473,0.356626
56100,0.451932,0.357415
56200,0.459546,0.357882
56300,0.456661,0.359142
56400,0.462795,0.360689
56500,0.455587,0.360945
56600,0.452333,0.362074
56700,0.45536,0.362408
56800,0.450119,0.363412
56900,0.460146,0.363855
57000,0.441048,0.363763
57100,0.446638,0.364561
57200,0.4624,0.365624
57300,0.453467,0.365796
57400,0.460135,0.366425
57500,0.446937,0.367596
57600,0.451815,0.368472
57700,0.458009,0.369332
57800,0.459894,0.370242
57900,0.457081,0.370395
58000,0.455175,0.370581
58100,0.448384,0.371575
58200,0.468973,0.373067
58300,0.46353,0.374719
58400,0.456396,0.375476
58500,0.467662,0.376176
58600,0.465568,0.377948
58700,0.466155,0.37876
58800,0.457876,0.380376
58900,0.456839,0.381768
59000,0.465738,0.383103
59100,0.466203,0.385001
59200,0.452537,0.387517
59300,0.471194,0.390031
59400,0.466724,0.391668
59500,0.471678,0.394936
59600,0.470387,0.396641
59700,0.472253,0.39801
59800,0.475628,0.399524
59900,0.475729,0.40093
60000,0.471377,0.402379
60100,0.477578,0.403619
60200,0.474114,0.405369
60300,0.473254,0.407132
60400,0.466825,0.408204
60500,0.47194,0.409437
60600,0.445207,0.410235
60700,0.449741,0.411613
60800,0.465856,0.412181
60900,0.460607,0.412795
61000,0.483216,0.412965
61100,0.474621,0.412892
61200,0.462328,0.412857
61300,0.469673,0.412961
61400,0.463,0.413292
61500,0.480262,0.413922
61600,0.463963,0.414214
61700,0.472777,0.413843
61800,0.482578,0.414532
61900,0.482442,0.414726
62000,0.482131,0.414816
62100,0.475504,0.415121
62200,0.47418,0.415812
62300,0.481826,0.416177
62400,0.475595,0.416306
62500,0.477926,0.417436
62600,0.475409,0.41765
62700,0.457728,0.418444
62800,0.473347,0.418671
62900,0.472349,0.41878
63000,0.48035,0.419363
63100,0.478593,0.41932
63200,0.469027,0.419289
63300,0.48323,0.419361
63400,0.478319,0.419815
63500,0.479558,0.419387
63600,0.479892,0.419506
63700,0.478724,0.419668
63800,0.481489,0.420761
63900,0.480555,0.421171
64000,0.476197,0.420445
64100,0.481632,0.419647
64200,0.46699,0.419663
64300,0.483446,0.419116
64400,0.458661,0.418659
64500,0.451083,0.417808
64600,0.45138,0.41796
64700,0.468268,0.417793
64800,0.483169,0.417728
64900,0.473769,0.416242
65000,0.475141,0.415794
65100,0.481368,0.415274
65200,0.479807,0.414321
65300,0.468539,0.412931
65400,0.465739,0.411657
65500,0.464278,0.410822
65600,0.475934,0.408785
65700,0.462415,0.407799
65800,0.466796,0.40673
65900,0.455949,0.404887
66000,0.449145,0.403057
66100,0.4493,0.400639
66200,0.475652,0.398634
66300,0.473787,0.396461
66400,0.475632,0.394564
66500,0.465054,0.393102
66600,0.470328,0.392224
66700,0.466715,0.391024
66800,0.464422,0.389989
66900,0.453063,0.388849
67000,0.456574,0.387828
67100,0.453929,0.386512
67200,0.45908,0.385741
67300,0.455681,0.383796
67400,0.455648,0.382676
67500,0.454564,0.381309
67600,0.446431,0.37946
67700,0.462936,0.378259
67800,0.468452,0.377922
67900,0.469482,0.378392
68000,0.455931,0.378788
68100,0.462488,0.379282
68200,0.464637,0.380769
68300,0.465312,0.382089
68400,0.468274,0.382219
68500,0.458104,0.382792
68600,0.456043,0.384531
68700,0.469712,0.386786
68800,0.472233,0.388131
68900,0.47373,0.389069
69000,0.475889,0.38977
69100,0.470966,0.390556
69200,0.462876,0.39206
69300,0.468188,0.393509
69400,0.458186,0.394503
69500,0.468028,0.395517
69600,0.461893,0.396922
69700,0.459244,0.397385
69800,0.473172,0.397903
69900,0.473485,0.398356
70000,0.463477,0.399108
70100,0.469884,0.399194
70200,0.468058,0.400093
70300,0.465896,0.400328
70400,0.456367,0.400646
70500,0.470541,0.400778
70600,0.462289,0.401688
70700,0.466448,0.401922
70800,0.462893,0.402311
70900,0.453716,0.402226
71000,0.466952,0.401968
71100,0.47379,0.40151
71200,0.46729,0.401776
71300,0.459546,0.401879
71400,0.469182,0.402419
71500,0.460627,0.402492
71600,0.463505,0.403032
71700,0.459254,0.403681
71800,0.476402,0.404753
71900,0.477431,0.405128
72000,0.476035,0.406446
72100,0.471827,0.406367
72200,0.478361,0.407384
72300,0.480869,0.40841
72400,0.48077,0.40989
72500,0.480293,0.410466
72600,0.482853,0.411791
72700,0.479116,0.412284
72800,0.483251,0.414053
72900,0.46609,0.415456
73000,0.480734,0.416989
73100,0.477125,0.418759
73200,0.478785,0.421351
73300,0.472535,0.423974
73400,0.484466,0.426334
73500,0.471684,0.42945
73600,0.471358,0.432581
73700,0.471941,0.435646
73800,0.474633,0.43847
73900,0.485618,0.441513
74000,0.48962,0.444002
74100,0.486923,0.446403
74200,0.481799,0.449314
74300,0.487003,0.451667
74400,0.489501,0.454236
74500,0.479726,0.456028
74600,0.476731,0.45725
74700,0.471588,0.458732
74800,0.490466,0.459252
74900,0.483789,0.459777
75000,0.490895,0.461602
75100,0.485329,0.46307
75200,0.49068,0.463657
75300,0.480192,0.464782
75400,0.47484,0.465022
75500,0.491521,0.466092
75600,0.49144,0.466891
75700,0.491904,0.468219
75800,0.484766,0.468866
75900,0.480384,0.469299
76000,0.480726,0.470481
76100,0.493035,0.471435
76200,0.486252,0.472856
76300,0.488073,0.473677
76400,0.491412,0.473664
76500,0.482421,0.474515
76600,0.49075,0.474793
76700,0.496676,0.475748
76800,0.497848,0.475978
76900,0.485832,0.477167
77000,0.495268,0.477462
77100,0.494447,0.478281
77200,0.487477,0.478555
77300,0.494906,0.479039
77400,0.479252,0.479541
77500,0.47954,0.480293
77600,0.491106,0.480058
77700,0.478409,0.479808
77800,0.4851,0.480887
77900,0.489846,0.480582
78000,0.490843,0.480432
78100,0.493355,0.479545
78200,0.489174,0.478334
78300,0.49785,0.478077
78400,0.49141,0.47721
78500,0.489417,0.476586
78600,0.495995,0.475292
78700,0.478128,0.474157
78800,0.487188,0.473829
78900,0.482035,0.473283
79000,0.478413,0.473012
79100,0.496609,0.472451
79200,0.494097,0.471345
79300,0.484973,0.471714
79400,0.492243,0.472749
79500,0.490025,0.47328
79600,0.493073,0.474153
79700,0.493773,0.475183
79800,0.495182,0.477002
79900,0.491104,0.478491
80000,0.494189,0.480144
80100,0.497027,0.481603
80200,0.492269,0.482812
80300,0.489419,0.484011
80400,0.486889,0.485733
80500,0.481485,0.487074
80600,0.498193,0.488017
80700,0.494564,0.488499
80800,0.490419,0.489882
80900,0.487552,0.489954
81000,0.491468,0.489864
81100,0.469039,0.48949
81200,0.460531,0.489494
81300,0.482898,0.489122
81400,0.487391,0.488278
81500,0.479783,0.4876
81600,0.492772,0.487139
81700,0.490594,0.485902
81800,0.483042,0.484329
81900,0.49145,0.483554
82000,0.489616,0.482572
82100,0.476653,0.482236
82200,0.475369,0.481737
82300,0.469174,0.482138
82400,0.474959,0.482541
82500,0.461945,0.482301
82600,0.474738,0.48263
82700,0.482661,0.482444
82800,0.48765,0.483477
82900,0.484751,0.484119
83000,0.48691,0.485128
83100,0.495272,0.486041
83200,0.49497,0.486666
83300,0.481831,0.486809
83400,0.48252,0.486913
83500,0.488319,0.488256
83600,0.482719,0.488744
83700,0.482794,0.488501
83800,0.495783,0.487568
83900,0.494235,0.486896
84000,0.490046,0.486785
84100,0.485425,0.486127
84200,0.489044,0.487258
84300,0.481646,0.486923
84400,0.498175,0.486242
84500,0.491795,0.485554
84600,0.492233,0.485067
84700,0.49037,0.48499
84800,0.492974,0.483541
84900,0.493255,0.48241
85000,0.487353,0.481577
85100,0.490892,0.479761
85200,0.484218,0.478537
85300,0.480696,0.476961
85400,0.487107,0.47567
85500,0.487921,0.475081
85600,0.492087,0.474627
85700,0.492094,0.474665
85800,0.480212,0.474373
85900,0.479773,0.473562
86000,0.491223,0.472199
86100,0.497373,0.471028
86200,0.479521,0.470485
86300,0.49007,0.468377
86400,0.487016,0.46801
86500,0.486564,0.467982
86600,0.494095,0.468142
86700,0.494819,0.468279
86800,0.489666,0.46833
86900,0.497005,0.468859
87000,0.495443,0.469785
87100,0.493124,0.471103
87200,0.497076,0.472748
87300,0.494099,0.473496
87400,0.496674,0.47438
87500,0.482722,0.475507
87600,0.495909,0.476788
87700,0.484926,0.477973
87800,0.497638,0.479059
87900,0.491849,0.480286
88000,0.497622,0.481759
88100,0.480309,0.482937
88200,0.492302,0.483933
88300,0.495821,0.485301
88400,0.490713,0.487197
88500,0.486912,0.488348
88600,0.4824,0.49048
88700,0.48977,0.490548
88800,0.495152,0.490319
88900,0.488511,0.49023
89000,0.487299,0.490685
89100,0.485285,0.491452
89200,0.482745,0.491989
89300,0.488355,0.49231
89400,0.478783,0.492136
89500,0.492335,0.492642
89600,0.484295,0.492653
89700,0.488358,0.492322
89800,0.487649,0.49172
89900,0.489265,0.491513
90000,0.485659,0.490527
90100,0.486433,0.490498
90200,0.479709,0.489593
90300,0.485681,0.489898
90400,0.491402,0.490073
90500,0.493731,0.490908
90600,0.493895,0.491821
90700,0.487467,0.492467
90800,0.483236,0.492072
90900,0.475044,0.491203
91000,0.491057,0.491847
91100,0.478825,0.492065
91200,0.491257,0.490499
91300,0.493797,0.490267
91400,0.489549,0.49069
91500,0.485193,0.491126
91600,0.49133,0.490942
91700,0.49812,0.490886
91800,0.481829,0.491872
91900,0.481995,0.491518
92000,0.49519,0.491252
92100,0.479767,0.491092
92200,0.490836,0.490218
92300,0.47737,0.488434
92400,0.485594,0.487548
92500,0.493253,0.485975
92600,0.481349,0.48445
92700,0.487297,0.48328
92800,0.484692,0.481858
92900,0.474544,0.480317
93000,0.488458,0.478709
93100,0.491892,0.477326
93200,0.477849,0.476897
93300,0.482828,0.476151
93400,0.478845,0.47588
93500,0.469975,0.475583
93600,0.473308,0.475154
93700,0.485342,0.47518
93800,0.492093,0.475333
93900,0.48249,0.475211
94000,0.480053,0.47581
94100,0.492603,0.475876
94200,0.496648,0.477938
94300,0.488209,0.479408
94400,0.489356,0.480168
94500,0.489092,0.481345
94600,0.492461,0.481573
94700,0.495234,0.481743
94800,0.49475,0.481418
94900,0.480976,0.481717
95000,0.49578,0.481927
95100,0.486562,0.482904
95200,0.489169,0.484276
95300,0.483104,0.484443
95400,0.482327,0.485536
95500,0.477819,0.486358
95600,0.476054,0.487414
95700,0.487209,0.487793
95800,0.495565,0.488435
95900,0.482737,0.489922
96000,0.478905,0.491749
96100,0.480718,0.492896
96200,0.485157,0.493923
96300,0.496268,0.494998
96400,0.492059,0.496581
96500,0.48769,0.497859
96600,0.48459,0.498737
96700,0.477445,0.501004
96800,0.471637,0.503266
96900,0.494288,0.505416
97000,0.481055,0.507119
97100,0.470139,0.509979
97200,0.492552,0.51197
97300,0.495139,0.513931
97400,0.483816,0.514997
97500,0.487101,0.516122
97600,0.488596,0.516976
97700,0.495169,0.5194
97800,0.48203,0.520259
97900,0.483013,0.522085
98000,0.485786,0.523126
98100,0.485494,0.524902
98200,0.486078,0.526677
98300,0.48034,0.528491
98400,0.481672,0.530158
98500,0.485209,0.531571
98600,0.488486,0.532358
98700,0.48331,0.533974
98800,0.493348,0.535753
98900,0.48181,0.537064
99000,0.485051,0.537655
99100,0.476488,0.53919
99200,0.470242,0.540882
99300,0.48144,0.542664
99400,0.479406,0.543393
99500,0.472937,0.544506
99600,0.488556,0.547034
99700,0.489596,0.547727
99800,0.493347,0.548202
99900,0.492451,0.549866
