0,0.499923,0.500167
10,0.498619,0.501897
20,0.498243,0.500653
30,0.494463,0.499731
40,0.484677,0.500923
50,0.48914,0.501244
60,0.498588,0.50191
70,0.497256,0.500694
80,0.492207,0.500166
90,0.495665,0.499199
100,0.495313,0.500503
110,0.49714,0.499452
120,0.487865,0.49758
130,0.481307,0.49537
140,0.482187,0.49568
150,0.475256,0.497733
160,0.484608,0.498301
170,0.47946,0.496824
180,0.481303,0.496527
190,0.489574,0.49588
200,0.481561,0.496595
210,0.480914,0.495757
220,0.4844,0.496811
230,0.473355,0.49726
240,0.470542,0.499244
250,0.476261,0.49757
260,0.471919,0.500594
270,0.481817,0.499206
280,0.483605,0.498614
290,0.484717,0.497507
300,0.480463,0.49864
310,0.484319,0.499117
320,0.491782,0.497852
330,0.489138,0.495849
340,0.491091,0.494398
350,0.486894,0.493871
360,0.480579,0.495053
370,0.481982,0.49475
380,0.48718,0.496517
390,0.472454,0.494856
400,0.473792,0.494468
410,0.474163,0.495551
420,0.467725,0.498004
430,0.472339,0.498792
440,0.473295,0.498977
450,0.468964,0.498486
460,0.461144,0.500093
470,0.460296,0.501313
480,0.462635,0.50162
490,0.461338,0.504366
500,0.466576,0.505762
510,0.474567,0.506727
520,0.478632,0.506038
530,0.479353,0.504933
540,0.473561,0.503715
550,0.477853,0.506967
560,0.47765,0.509186
570,0.481601,0.510277
580,0.479379,0.511028
590,0.481398,0.510737
600,0.486544,0.510327
610,0.484743,0.511852
620,0.481915,0.510242
630,0.48409,0.512119
640,0.47977,0.510837
650,0.479131,0.510824
660,0.474993,0.511824
670,0.477343,0.511266
680,0.482079,0.511121
690,0.484727,0.512366
700,0.477057,0.512534
710,0.471169,0.513722
720,0.480204,0.514536
730,0.483558,0.514254
740,0.488439,0.515178
750,0.477381,0.51589
760,0.474544,0.517591
770,0.470154,0.51874
780,0.462569,0.520153
790,0.471759,0.516859
800,0.461398,0.517856
810,0.455479,0.519193
820,0.459356,0.518968
830,0.466334,0.520537
840,0.463445,0.523964
850,0.466206,0.523855
860,0.462163,0.524146
870,0.460387,0.525269
880,0.463593,0.525728
890,0.459126,0.527037
900,0.461971,0.526218
910,0.458159,0.528543
920,0.456221,0.528987
930,0.46116,0.530812
940,0.461444,0.531864
950,0.455619,0.5296
960,0.453762,0.531343
970,0.455752,0.53268
980,0.459638,0.533539
990,0.453653,0.535833
1000,0.451658,0.534
1010,0.449075,0.533348
1020,0.450434,0.536594
1030,0.44589,0.538779
1040,0.451801,0.539692
1050,0.448797,0.541354
1060,0.447852,0.542669
1070,0.455104,0.543255
1080,0.461349,0.546578
1090,0.453891,0.548849
1100,0.442627,0.552141
1110,0.440066,0.55439
1120,0.42932,0.55803
1130,0.42868,0.556855
1140,0.417165,0.557678
1150,0.413889,0.558384
1160,0.409973,0.560313
1170,0.410349,0.560853
1180,0.413442,0.560415
1190,0.407907,0.561637
1200,0.407482,0.563083
1210,0.403606,0.562767
1220,0.403018,0.565255
1230,0.401877,0.56591
1240,0.409005,0.566007
1250,0.408418,0.565697
1260,0.413132,0.567203
1270,0.4093,0.569196
1280,0.409658,0.570751
1290,0.408214,0.570728
1300,0.40486,0.569593
1310,0.405603,0.569132
1320,0.402553,0.571609
1330,0.405565,0.569619
1340,0.405548,0.56885
1350,0.40372,0.570358
1360,0.403798,0.573497
1370,0.402748,0.575764
1380,0.400879,0.57488
1390,0.399251,0.577454
1400,0.392299,0.577756
1410,0.395529,0.578679
1420,0.398237,0.578289
1430,0.396778,0.579425
1440,0.401317,0.580447
1450,0.394504,0.583259
1460,0.394106,0.585351
1470,0.388562,0.587924
1480,0.3886,0.589742
1490,0.386733,0.591964
1500,0.382186,0.592124
1510,0.381249,0.593534
1520,0.380805,0.59669
1530,0.386412,0.6012
1540,0.386547,0.603576
1550,0.38298,0.605706
1560,0.38215,0.605898
1570,0.384111,0.608381
1580,0.384495,0.608748
1590,0.380395,0.611415
1600,0.379596,0.613457
1610,0.373017,0.616074
1620,0.375423,0.618061
1630,0.37169,0.622018
1640,0.371022,0.622399
1650,0.373643,0.623636
1660,0.370812,0.625237
1670,0.370932,0.626633
1680,0.374626,0.629918
1690,0.373287,0.631104
1700,0.373575,0.630654
1710,0.370875,0.631842
1720,0.369822,0.631502
1730,0.363644,0.631149
1740,0.366645,0.632104
1750,0.363508,0.633873
1760,0.363947,0.637833
1770,0.362786,0.641024
1780,0.363659,0.642814
1790,0.35718,0.645058
1800,0.35691,0.648312
1810,0.354847,0.650322
1820,0.358292,0.650877
1830,0.358502,0.653135
1840,0.355228,0.657026
1850,0.353558,0.657545
1860,0.354383,0.657588
1870,0.349966,0.659051
1880,0.350426,0.663216
1890,0.349502,0.666333
1900,0.348201,0.666921
1910,0.347316,0.66859
1920,0.344336,0.668649
1930,0.343002,0.669206
1940,0.339467,0.673169
1950,0.340316,0.675563
1960,0.335458,0.677386
1970,0.332462,0.678199
1980,0.3298,0.679871
1990,0.329647,0.682729
2000,0.327294,0.684539
2010,0.325648,0.686004
2020,0.321931,0.688365
2030,0.318797,0.692203
2040,0.318908,0.693466
2050,0.320202,0.695337
2060,0.31654,0.697604
2070,0.317427,0.70113
2080,0.317184,0.700923
2090,0.314256,0.70285
2100,0.314848,0.705873
2110,0.315105,0.705951
2120,0.312094,0.708146
2130,0.310116,0.709858
2140,0.30514,0.712054
2150,0.305284,0.713264
2160,0.303167,0.714245
2170,0.301605,0.716238
2180,0.301627,0.719109
2190,0.300881,0.720563
2200,0.297946,0.722913
2210,0.296468,0.723229
2220,0.293756,0.725037
2230,0.291963,0.725901
2240,0.285901,0.728296
2250,0.285748,0.731649
2260,0.280692,0.73303
2270,0.283558,0.732037
2280,0.282592,0.734618
2290,0.280784,0.734958
2300,0.278599,0.737871
2310,0.27831,0.737289
2320,0.276188,0.740506
2330,0.275255,0.743041
2340,0.273388,0.744032
2350,0.270794,0.746495
2360,0.269789,0.7478
2370,0.266393,0.749301
2380,0.263489,0.750369
2390,0.262507,0.751811
2400,0.260142,0.75304
2410,0.259804,0.753375
2420,0.263004,0.755723
2430,0.262361,0.759042
2440,0.259739,0.760237
2450,0.257908,0.762203
2460,0.261316,0.76369
2470,0.257376,0.766173
2480,0.257285,0.766964
2490,0.253288,0.768714
2500,0.254805,0.767675
2510,0.253774,0.769931
2520,0.25056,0.771461
2530,0.250761,0.773884
2540,0.247982,0.77586
2550,0.251136,0.776736
2560,0.245014,0.779502
2570,0.241391,0.783043
2580,0.239016,0.783923
2590,0.241264,0.784687
2600,0.237214,0.785175
2610,0.237881,0.786191
2620,0.23764,0.786916
2630,0.231274,0.7908
2640,0.232281,0.790642
2650,0.230666,0.793414
2660,0.232869,0.79597
2670,0.229787,0.795684
2680,0.23101,0.796744
2690,0.228218,0.798796
2700,0.227658,0.800518
2710,0.227207,0.800894
2720,0.224158,0.803948
2730,0.224149,0.804197
2740,0.225648,0.806114
2750,0.22064,0.808171
2760,0.22225,0.809144
2770,0.219013,0.812513
2780,0.217135,0.814278
2790,0.215953,0.814563
2800,0.210759,0.817681
2810,0.205664,0.818766
2820,0.207844,0.819653
2830,0.206345,0.820711
2840,0.204842,0.823443
2850,0.207164,0.824381
2860,0.201926,0.827132
2870,0.201,0.828538
2880,0.201844,0.828719
2890,0.197498,0.830883
2900,0.198411,0.833352
2910,0.196078,0.835509
2920,0.195286,0.836197
2930,0.192302,0.83937
2940,0.192357,0.840291
2950,0.188919,0.841539
2960,0.18684,0.843399
2970,0.188088,0.84397
2980,0.183324,0.847033
2990,0.181436,0.849713
3000,0.180808,0.84991
3010,0.178239,0.851911
3020,0.177619,0.854351
3030,0.175873,0.855834
3040,0.170607,0.857676
3050,0.167462,0.860635
3060,0.163626,0.864669
3070,0.162644,0.865476
3080,0.160695,0.86865
3090,0.160638,0.869929
3100,0.158039,0.87435
3110,0.155846,0.876016
3120,0.152652,0.87726
3130,0.1494,0.879811
3140,0.147605,0.882141
3150,0.146442,0.883772
3160,0.14636,0.885141
3170,0.141409,0.888818
3180,0.140293,0.888651
3190,0.138481,0.891992
3200,0.13578,0.893817
3210,0.136682,0.895168
3220,0.133843,0.896586
3230,0.13222,0.898531
3240,0.129958,0.901028
3250,0.126291,0.902904
3260,0.127404,0.903781
3270,0.124776,0.905571
3280,0.122142,0.905945
3290,0.118397,0.908584
3300,0.121149,0.908802
3310,0.120168,0.909862
3320,0.119199,0.910501
3330,0.118704,0.911457
3340,0.115583,0.914141
3350,0.114917,0.913782
3360,0.111392,0.916748
3370,0.109085,0.918429
3380,0.110052,0.918692
3390,0.107095,0.920611
3400,0.104482,0.923179
3410,0.10502,0.922275
3420,0.102494,0.924033
3430,0.10177,0.925864
3440,0.100081,0.927728
3450,0.0958403,0.930212
3460,0.09349,0.932058
3470,0.0937744,0.931968
3480,0.0911387,0.933517
3490,0.0882993,0.935748
3500,0.0870968,0.937058
3510,0.0849835,0.938541
3520,0.0825,0.939634
3530,0.0843259,0.939926
3540,0.0826303,0.941204
3550,0.0814499,0.941936
3560,0.0809437,0.94185
3570,0.0794655,0.943179
3580,0.0773615,0.944651
3590,0.0759245,0.945533
3600,0.0750238,0.946355
3610,0.0728894,0.948059
3620,0.0719913,0.948889
3630,0.0706257,0.950191
3640,0.0692849,0.951084
3650,0.0694696,0.95051
3660,0.0686697,0.951368
3670,0.0674876,0.952101
3680,0.0661104,0.952236
3690,0.0650134,0.953593
3700,0.0641306,0.95452
3710,0.0628797,0.955921
3720,0.0611366,0.957389
3730,0.0608445,0.95749
3740,0.058494,0.958856
3750,0.0590805,0.958298
3760,0.0586157,0.959334
3770,0.0568918,0.960538
3780,0.0551617,0.961432
3790,0.0548006,0.961722
3800,0.0535523,0.963117
3810,0.0517197,0.964199
3820,0.049943,0.965558
3830,0.0495822,0.966218
3840,0.0472075,0.967599
3850,0.0464259,0.968079
3860,0.0457942,0.968531
3870,0.0441495,0.969651
3880,0.0428896,0.970484
3890,0.0436211,0.970612
3900,0.0432715,0.9713
3910,0.043087,0.971691
3920,0.0411681,0.972616
3930,0.0403812,0.973266
3940,0.0409881,0.972775
3950,0.0393492,0.973852
3960,0.0372328,0.975139
3970,0.0369604,0.975506
3980,0.0372726,0.975135
3990,0.0354896,0.976341
4000,0.0352494,0.976717
4010,0.0337215,0.977764
4020,0.0319732,0.978972
4030,0.0317186,0.979075
4040,0.0313731,0.979175
4050,0.0296926,0.980267
4060,0.029813,0.980422
4070,0.0298111,0.980396
4080,0.0286804,0.981138
4090,0.0274441,0.982075
4100,0.0281572,0.981679
4110,0.026651,0.982815
4120,0.0252958,0.983707
4130,0.0243863,0.984219
4140,0.0232628,0.984976
4150,0.0231977,0.985123
4160,0.0226096,0.98551
4170,0.0214647,0.986349
4180,0.0203471,0.986957
4190,0.0202628,0.987142
4200,0.0199029,0.987276
4210,0.0197949,0.987396
4220,0.0200102,0.987204
4230,0.0184033,0.988271
4240,0.0177505,0.988632
4250,0.0175791,0.988819
4260,0.0168983,0.989248
4270,0.0161096,0.989719
4280,0.0161982,0.989633
4290,0.0162553,0.989801
4300,0.0154043,0.990219
4310,0.0167127,0.989474
4320,0.0153271,0.990299
4330,0.014615,0.990739
4340,0.0145114,0.990744
4350,0.0138464,0.991164
4360,0.012883,0.991858
4370,0.0127299,0.991856
4380,0.012158,0.992166
4390,0.0127584,0.991795
4400,0.0123722,0.992015
4410,0.0122177,0.992066
4420,0.0108681,0.99292
4430,0.0103292,0.993347
4440,0.0108717,0.993026
4450,0.0103048,0.993336
4460,0.00954747,0.993757
4470,0.00935838,0.993893
4480,0.00821021,0.994683
4490,0.00802996,0.99479
4500,0.00795557,0.994813
4510,0.00691555,0.995449
4520,0.00661486,0.995691
4530,0.00642176,0.995831
4540,0.00638601,0.995956
4550,0.0058831,0.99629
4560,0.00589827,0.996276
4570,0.00577101,0.996285
4580,0.0059581,0.996197
4590,0.0059452,0.996243
4600,0.00518698,0.996704
4610,0.00456399,0.997095
4620,0.00470583,0.997048
4630,0.00433777,0.99724
4640,0.00399617,0.997449
4650,0.0037904,0.99761
4660,0.00359586,0.997755
4670,0.00329078,0.997919
4680,0.00313045,0.998021
4690,0.00262554,0.99833
4700,0.0024057,0.998485
4710,0.00242298,0.99848
4720,0.0021199,0.998675
4730,0.00216531,0.998657
4740,0.00185186,0.998833
4750,0.00196862,0.998775
4760,0.0019836,0.998756
4770,0.00222923,0.998613
4780,0.00211755,0.998682
4790,0.00207589,0.998704
4800,0.00201662,0.998754
4810,0.00192248,0.998824
4820,0.00184106,0.998879
4830,0.00196048,0.99881
4840,0.00185451,0.998873
4850,0.00169485,0.998974
4860,0.00145119,0.999122
4870,0.00146345,0.999113
4880,0.00145101,0.999124
4890,0.00142801,0.999141
4900,0.00135828,0.999177
4910,0.00142338,0.999136
4920,0.00152838,0.999066
4930,0.00169353,0.998966
4940,0.00172966,0.998949
4950,0.00164732,0.998991
4960,0.00155672,0.999055
4970,0.00152624,0.999072
4980,0.00132335,0.99919
4990,0.00134881,0.999177
5000,0.00131104,0.999191
5010,0.000959944,0.999407
5020,0.000724548,0.999552
5030,0.00087205,0.999456
5040,0.00083086,0.999484
5050,0.000930943,0.999423
5060,0.00100467,0.999375
5070,0.000919684,0.99943
5080,0.000666481,0.999587
5090,0.000636247,0.999611
5100,0.000692199,0.999574
5110,0.000652401,0.9996
5120,0.00057951,0.999648
5130,0.000497617,0.999691
5140,0.000459082,0.999719
5150,0.000409011,0.99975
5160,0.000498696,0.999693
5170,0.00055566,0.999659
5180,0.000624037,0.999618
5190,0.000755667,0.999533
5200,0.000779932,0.999525
5210,0.00099678,0.999394
5220,0.00102287,0.999383
5230,0.00100141,0.999395
5240,0.0010676,0.999345
5250,0.000653455,0.999604
5260,0.000805246,0.999514
5270,0.000879385,0.999467
5280,0.00065558,0.999605
5290,0.000686704,0.999588
5300,0.000778672,0.999531
5310,0.000826746,0.999501
5320,0.00080127,0.999513
5330,0.000722026,0.999565
5340,0.000523442,0.999681
5350,0.000535392,0.999675
5360,0.000522598,0.999684
5370,0.000417068,0.999748
5380,0.000559477,0.999653
5390,0.000647424,0.999597
5400,0.000473058,0.99971
5410,0.000426796,0.999744
5420,0.000313992,0.999814
5430,0.000221751,0.999867
5440,0.00016534,0.9999
5450,0.000114718,0.999931
5460,0.000112375,0.999931
5470,7.81626e-05,0.999952
5480,6.84435e-05,0.999959
5490,5.27026e-05,0.999968
5500,3.09211e-05,0.999981
5510,4.35375e-05,0.999974
5520,4.10863e-05,0.999975
5530,1.56382e-05,0.999991
5540,1.11721e-06,0.999999
5550,0,1
5560,0,1
5570,0,1
5580,0,1
5590,0,1
5600,0,1
5610,0,1
5620,0,1
5630,0,1
5640,0,1
5650,0,1
5660,0,1
5670,0,1
5680,0,1
5690,0,1
5700,0,1
5710,0,1
5720,0,1
5730,0,1
5740,0,1
5750,0,1
5760,0,1
5770,0,1
5780,0,1
5790,0,1
5800,0,1
5810,0,1
5820,0,1
5830,0,1
5840,0,1
5850,0,1
5860,0,1
5870,0,1
5880,0,1
5890,0,1
5900,0,1
5910,0,1
5920,0,1
5930,0,1
5940,0,1
5950,0,1
5960,0,1
5970,0,1
5980,0,1
5990,0,1
6000,0,1
6010,0,1
6020,0,1
6030,0,1
6040,0,1
6050,0,1
6060,0,1
6070,0,1
6080,0,1
6090,0,1
6100,0,1
6110,0,1
6120,0,1
6130,0,1
6140,0,1
6150,0,1
6160,0,1
6170,0,1
6180,0,1
6190,0,1
6200,0,1
6210,0,1
6220,0,1
6230,0,1
6240,0,1
6250,0,1
6260,0,1
6270,0,1
6280,0,1
6290,0,1
6300,0,1
6310,0,1
6320,0,1
6330,0,1
6340,0,1
6350,0,1
6360,0,1
6370,0,1
6380,0,1
6390,0,1
6400,0,1
6410,0,1
6420,0,1
6430,0,1
6440,0,1
6450,0,1
6460,0,1
6470,0,1
6480,0,1
6490,0,1
6500,0,1
6510,0,1
6520,0,1
6530,0,1
6540,0,1
6550,0,1
6560,0,1
6570,0,1
6580,0,1
6590,0,1
6600,0,1
6610,0,1
6620,0,1
6630,0,1
6640,0,1
6650,0,1
6660,0,1
6670,0,1
6680,0,1
6690,0,1
6700,0,1
6710,0,1
6720,0,1
6730,0,1
6740,0,1
6750,0,1
6760,0,1
6770,0,1
6780,0,1
6790,0,1
6800,0,1
6810,0,1
6820,0,1
6830,0,1
6840,0,1
6850,0,1
6860,0,1
6870,0,1
6880,0,1
6890,0,1
6900,0,1
6910,0,1
6920,0,1
6930,0,1
6940,0,1
6950,0,1
6960,0,1
6970,0,1
6980,0,1
6990,0,1
7000,0,1
7010,0,1
7020,0,1
7030,0,1
7040,0,1
7050,0,1
7060,0,1
7070,0,1
7080,0,1
7090,0,1
7100,0,1
7110,0,1
7120,0,1
7130,0,1
7140,0,1
7150,0,1
7160,0,1
7170,0,1
7180,0,1
7190,0,1
7200,0,1
7210,0,1
7220,0,1
7230,0,1
7240,0,1
7250,0,1
7260,0,1
7270,0,1
7280,0,1
7290,0,1
7300,0,1
7310,0,1
7320,0,1
7330,0,1
7340,0,1
7350,0,1
7360,0,1
7370,0,1
7380,0,1
7390,0,1
7400,0,1
7410,0,1
7420,0,1
7430,0,1
7440,0,1
7450,0,1
7460,0,1
7470,0,1
7480,0,1
7490,0,1
7500,0,1
7510,0,1
7520,0,1
7530,0,1
7540,0,1
7550,0,1
7560,0,1
7570,0,1
7580,0,1
7590,0,1
7600,0,1
7610,0,1
7620,0,1
7630,0,1
7640,0,1
7650,0,1
7660,0,1
7670,0,1
7680,0,1
7690,0,1
7700,0,1
7710,0,1
7720,0,1
7730,0,1
7740,0,1
7750,0,1
7760,0,1
7770,0,1
7780,0,1
7790,0,1
7800,0,1
7810,0,1
7820,0,1
7830,0,1
7840,0,1
7850,0,1
7860,0,1
7870,0,1
7880,0,1
7890,0,1
7900,0,1
7910,0,1
7920,0,1
7930,0,1
7940,0,1
7950,0,1
7960,0,1
7970,0,1
7980,0,1
7990,0,1
8000,0,1
8010,0,1
8020,0,1
8030,0,1
8040,0,1
8050,0,1
8060,0,1
8070,0,1
8080,0,1
8090,0,1
8100,0,1
8110,0,1
8120,0,1
8130,0,1
8140,0,1
8150,0,1
8160,0,1
8170,0,1
8180,0,1
8190,0,1
8200,0,1
8210,0,1
8220,0,1
8230,0,1
8240,0,1
8250,0,1
8260,0,1
8270,0,1
8280,0,1
8290,0,1
8300,0,1
8310,0,1
8320,0,1
8330,0,1
8340,0,1
8350,0,1
8360,0,1
8370,0,1
8380,0,1
8390,0,1
8400,0,1
8410,0,1
8420,0,1
8430,0,1
8440,0,1
8450,0,1
8460,0,1
8470,0,1
8480,0,1
8490,0,1
8500,0,1
8510,0,1
8520,0,1
8530,0,1
8540,0,1
8550,0,1
8560,0,1
8570,0,1
8580,0,1
8590,0,1
8600,0,1
8610,0,1
8620,0,1
8630,0,1
8640,0,1
8650,0,1
8660,0,1
8670,0,1
8680,0,1
8690,0,1
8700,0,1
8710,0,1
8720,0,1
8730,0,1
8740,0,1
8750,0,1
8760,0,1
8770,0,1
8780,0,1
8790,0,1
8800,0,1
8810,0,1
8820,0,1
8830,0,1
8840,0,1
8850,0,1
8860,0,1
8870,0,1
8880,0,1
8890,0,1
8900,0,1
8910,0,1
8920,0,1
8930,0,1
8940,0,1
8950,0,1
8960,0,1
8970,0,1
8980,0,1
8990,0,1
9000,0,1
9010,0,1
9020,0,1
9030,0,1
9040,0,1
9050,0,1
9060,0,1
9070,0,1
9080,0,1
9090,0,1
9100,0,1
9110,0,1
9120,0,1
9130,0,1
9140,0,1
9150,0,1
9160,0,1
9170,0,1
9180,0,1
9190,0,1
9200,0,1
9210,0,1
9220,0,1
9230,0,1
9240,0,1
9250,0,1
9260,0,1
9270,0,1
9280,0,1
9290,0,1
9300,0,1
9310,0,1
9320,0,1
9330,0,1
9340,0,1
9350,0,1
9360,0,1
9370,0,1
9380,0,1
9390,0,1
9400,0,1
9410,0,1
9420,0,1
9430,0,1
9440,0,1
9450,0,1
9460,0,1
9470,0,1
9480,0,1
9490,0,1
9500,0,1
9510,0,1
9520,0,1
9530,0,1
9540,0,1
9550,0,1
9560,0,1
9570,0,1
9580,0,1
9590,0,1
9600,0,1
9610,0,1
9620,0,1
9630,0,1
9640,0,1
9650,0,1
9660,0,1
9670,0,1
9680,0,1
9690,0,1
9700,0,1
9710,0,1
9720,0,1
9730,0,1
9740,0,1
9750,0,1
9760,0,1
9770,0,1
9780,0,1
9790,0,1
9800,0,1
9810,0,1
9820,0,1
9830,0,1
9840,0,1
9850,0,1
9860,0,1
9870,0,1
9880,0,1
9890,0,1
9900,0,1
9910,0,1
9920,0,1
9930,0,1
9940,0,1
9950,0,1
9960,0,1
9970,0,1
9980,0,1
9990,0,1
