0,0.499999,0.499983
100,0.496843,0.499266
200,0.49571,0.49985
300,0.490295,0.500366
400,0.481555,0.500708
500,0.483873,0.50184
600,0.487412,0.50142
700,0.482039,0.500428
800,0.494807,0.499037
900,0.49171,0.49869
1000,0.479305,0.498919
1100,0.492196,0.497607
1200,0.486665,0.496685
1300,0.476434,0.495949
1400,0.480405,0.494789
1500,0.483661,0.493133
1600,0.478756,0.493234
1700,0.478462,0.491827
1800,0.46982,0.490101
1900,0.473851,0.489226
2000,0.483749,0.488751
2100,0.484297,0.487537
2200,0.493437,0.486933
2300,0.491031,0.486669
2400,0.494849,0.486971
2500,0.478241,0.488289
2600,0.481389,0.489787
2700,0.469651,0.491431
2800,0.471,0.493237
2900,0.487004,0.495185
3000,0.490003,0.497721
3100,0.489634,0.499978
3200,0.490794,0.502274
3300,0.483421,0.504617
3400,0.471158,0.508319
3500,0.463877,0.512001
3600,0.465648,0.515219
3700,0.470557,0.518886
3800,0.469875,0.523073
3900,0.484397,0.526722
4000,0.477158,0.529593
4100,0.474084,0.53356
4200,0.481535,0.536921
4300,0.46915,0.540537
4400,0.462956,0.543266
4500,0.486811,0.54499
4600,0.488003,0.54737
4700,0.483649,0.550088
4800,0.482945,0.551367
4900,0.489095,0.552934
5000,0.467552,0.55359
5100,0.466222,0.554601
5200,0.478354,0.556622
5300,0.476909,0.557555
5400,0.472433,0.558723
5500,0.474692,0.559951
5600,0.454927,0.561575
5700,0.461752,0.564061
5800,0.472011,0.566292
5900,0.462218,0.568946
6000,0.45791,0.57138
6100,0.471172,0.573749
6200,0.460734,0.576466
6300,0.47098,0.580081
6400,0.461254,0.583464
6500,0.455103,0.587277
6600,0.437748,0.59071
6700,0.431113,0.594453
6800,0.435944,0.59738
6900,0.431258,0.599994
7000,0.432736,0.602044
7100,0.414559,0.60403
7200,0.411482,0.604409
7300,0.420979,0.604688
7400,0.423124,0.603105
7500,0.417888,0.599455
7600,0.425445,0.594675
7700,0.430094,0.588593
7800,0.429054,0.580779
7900,0.444366,0.570118
8000,0.421584,0.557604
8100,0.403273,0.54332
8200,0.393903,0.527795
8300,0.403435,0.511086
8400,0.404662,0.493313
8500,0.392166,0.474
8600,0.384464,0.455223
8700,0.378847,0.435545
8800,0.377936,0.415182
8900,0.368036,0.394952
9000,0.351775,0.374924
9100,0.352939,0.352786
9200,0.348406,0.333033
9300,0.353723,0.311765
9400,0.337519,0.292352
9500,0.31253,0.273554
9600,0.302653,0.254042
9700,0.296893,0.23711
9800,0.284915,0.221306
9900,0.294136,0.207867
10000,0.276851,0.19491
10100,0.279986,0.182613
10200,0.264661,0.171505
10300,0.251238,0.161562
10400,0.242108,0.152814
10500,0.225341,0.145097
10600,0.221726,0.138407
10700,0.213585,0.132287
10800,0.211176,0.1272
10900,0.217245,0.123138
11000,0.206018,0.119096
11100,0.185226,0.116521
11200,0.195786,0.114601
11300,0.188328,0.113138
11400,0.180483,0.112876
11500,0.176086,0.112993
11600,0.173434,0.113514
11700,0.176506,0.11421
11800,0.178194,0.115216
11900,0.18403,0.116721
12000,0.192677,0.117612
12100,0.190502,0.118532
12200,0.186403,0.118881
12300,0.186872,0.120057
12400,0.185541,0.120601
12500,0.18463,0.121386
12600,0.18007,0.12113
12700,0.179005,0.12145
12800,0.178164,0.120821
12900,0.183039,0.119751
13000,0.180965,0.118443
13100,0.178455,0.116385
13200,0.176897,0.114467
13300,0.172886,0.111964
13400,0.169038,0.109513
13500,0.158057,0.106141
13600,0.159273,0.10272
13700,0.164297,0.0991404
13800,0.158063,0.0953422
13900,0.157842,0.091387
14000,0.162503,0.0878117
14100,0.162764,0.0844593
14200,0.145147,0.0811779
14300,0.13851,0.0778651
14400,0.155856,0.0749036
14500,0.153641,0.0720466
14600,0.149268,0.0691148
14700,0.142403,0.0666826
14800,0.143995,0.0648224
14900,0.150102,0.0634945
15000,0.152074,0.0621746
15100,0.159141,0.0614525
15200,0.164135,0.0613986
15300,0.161812,0.0622795
15400,0.160733,0.0641408
15500,0.166553,0.0672064
15600,0.172209,0.070779
15700,0.174748,0.0751881
15800,0.177117,0.0802071
15900,0.176281,0.0860205
16000,0.182639,0.0920649
16100,0.189143,0.0980257
16200,0.19494,0.104362
16300,0.200589,0.110344
16400,0.218126,0.116983
16500,0.210577,0.123238
16600,0.225942,0.129606
16700,0.239383,0.135803
16800,0.234445,0.141964
16900,0.23384,0.148381
17000,0.243491,0.15526
17100,0.258735,0.161252
17200,0.264355,0.166776
17300,0.276234,0.172218
17400,0.278413,0.177104
17500,0.289357,0.180975
17600,0.291884,0.184108
17700,0.303072,0.186275
17800,0.30861,0.188136
17900,0.293501,0.189011
18000,0.299744,0.189336
18100,0.296461,0.189662
18200,0.294974,0.190123
18300,0.302995,0.190274
18400,0.300897,0.189161
18500,0.29942,0.188047
18600,0.291468,0.187704
18700,0.289676,0.186562
18800,0.287255,0.185922
18900,0.290676,0.184975
19000,0.282485,0.183821
19100,0.291349,0.182436
19200,0.272597,0.181072
19300,0.277761,0.1801
19400,0.288538,0.179125
19500,0.284868,0.178094
19600,0.279962,0.177612
19700,0.278438,0.176997
19800,0.276637,0.176194
19900,0.268234,0.175715
20000,0.273603,0.175014
20100,0.277356,0.174446
20200,0.275395,0.174521
20300,0.268496,0.174877
20400,0.267108,0.174366
20500,0.272778,0.173877
20600,0.277101,0.173185
20700,0.287108,0.172301
20800,0.288627,0.172335
20900,0.293257,0.172609
21000,0.287113,0.172107
21100,0.293828,0.172514
21200,0.294816,0.172573
21300,0.300977,0.172352
21400,0.306594,0.173302
21500,0.300035,0.173357
21600,0.298556,0.173979
21700,0.306811,0.175378
21800,0.287266,0.177137
21900,0.286756,0.179074
22000,0.289101,0.180987
22100,0.303476,0.184194
22200,0.319684,0.187547
22300,0.305277,0.191101
22400,0.318898,0.194972
22500,0.313143,0.198885
22600,0.31065,0.202717
22700,0.312634,0.20706
22800,0.31215,0.210904
22900,0.32245,0.215263
23000,0.324792,0.21929
23100,0.330386,0.223031
23200,0.322279,0.226656
23300,0.343058,0.229655
23400,0.339739,0.233276
23500,0.357042,0.236303
23600,0.356857,0.238894
23700,0.356283,0.241356
23800,0.360657,0.242221
23900,0.349396,0.243264
24000,0.349009,0.244507
24100,0.34214,0.245027
24200,0.341746,0.244921
24300,0.342386,0.245047
24400,0.339979,0.244591
24500,0.340323,0.243553
24600,0.323983,0.242762
24700,0.326157,0.241503
24800,0.32336,0.240746
24900,0.327757,0.238984
25000,0.326891,0.237657
25100,0.320578,0.235958
25200,0.313105,0.233961
25300,0.316253,0.231768
25400,0.317533,0.229214
25500,0.315451,0.226497
25600,0.307343,0.222801
25700,0.311053,0.219318
25800,0.313288,0.215757
25900,0.305689,0.211579
26000,0.291193,0.208044
26100,0.283401,0.204697
26200,0.287786,0.20066
26300,0.274825,0.195956
26400,0.274756,0.192003
26500,0.265249,0.188163
26600,0.267672,0.184349
26700,0.25898,0.179878
26800,0.255027,0.175554
26900,0.26412,0.171482
27000,0.268292,0.167245
27100,0.250581,0.163136
27200,0.252836,0.158667
27300,0.247021,0.15465
27400,0.239602,0.150621
27500,0.247956,0.146692
27600,0.239234,0.143946
27700,0.238823,0.140987
27800,0.234933,0.137784
27900,0.232446,0.135302
28000,0.238608,0.132609
28100,0.236237,0.130436
28200,0.229352,0.128783
28300,0.236709,0.127679
28400,0.22107,0.126883
28500,0.216847,0.126115
28600,0.228734,0.126878
28700,0.226785,0.127282
28800,0.222369,0.128298
28900,0.224716,0.129982
29000,0.240791,0.13211
29100,0.240048,0.134235
29200,0.25219,0.136447
29300,0.249305,0.1385
29400,0.240963,0.140757
29500,0.237951,0.143073
29600,0.251336,0.145711
29700,0.244199,0.148787
29800,0.252729,0.151919
29900,0.258493,0.154297
30000,0.266368,0.156815
30100,0.272125,0.158958
30200,0.259754,0.161001
30300,0.282074,0.163094
30400,0.285158,0.165214
30500,0.293938,0.166293
30600,0.297611,0.167184
30700,0.285852,0.168473
30800,0.28213,0.169222
30900,0.27804,0.169245
31000,0.288998,0.169715
31100,0.280901,0.169608
31200,0.281825,0.169461
31300,0.278538,0.169428
31400,0.278188,0.170016
31500,0.276808,0.169597
31600,0.260715,0.169598
31700,0.271695,0.170059
31800,0.275037,0.170799
31900,0.284776,0.171573
32000,0.293742,0.172234
32100,0.286558,0.172478
32200,0.292947,0.172567
32300,0.289195,0.172517
32400,0.272214,0.172661
32500,0.279296,0.173323
32600,0.26966,0.174089
32700,0.266472,0.174514
32800,0.257039,0.174971
32900,0.268253,0.175217
33000,0.266033,0.175274
33100,0.260194,0.175588
33200,0.281541,0.175597
33300,0.284621,0.175597
33400,0.271587,0.175295
33500,0.284124,0.174765
33600,0.27846,0.174315
33700,0.276015,0.173411
33800,0.26704,0.172497
33900,0.266136,0.171574
34000,0.276424,0.170858
34100,0.274618,0.169925
34200,0.271145,0.168832
34300,0.267277,0.167762
34400,0.262465,0.166252
34500,0.255501,0.164964
34600,0.247922,0.163753
34700,0.244375,0.16218
34800,0.240519,0.160761
34900,0.239985,0.159494
35000,0.245233,0.158438
35100,0.238413,0.157452
35200,0.240897,0.156393
35300,0.241247,0.155201
35400,0.235715,0.153404
35500,0.23016,0.151818
35600,0.229606,0.150309
35700,0.232207,0.148876
35800,0.223038,0.148023
35900,0.222791,0.147039
36000,0.232311,0.145892
36100,0.226102,0.144266
36200,0.223644,0.142609
36300,0.226757,0.141238
36400,0.211253,0.139873
36500,0.212689,0.138601
36600,0.213615,0.137004
36700,0.211595,0.135213
36800,0.221925,0.133382
36900,0.214327,0.131441
37000,0.222518,0.129989
37100,0.203785,0.127674
37200,0.192969,0.125868
37300,0.199137,0.124344
37400,0.196418,0.122271
37500,0.198334,0.119946
37600,0.186056,0.117593
37700,0.184769,0.116021
37800,0.186557,0.114128
37900,0.180567,0.11204
38000,0.179358,0.110303
38100,0.176614,0.108703
38200,0.169537,0.106886
38300,0.174692,0.106246
38400,0.170129,0.104652
38500,0.178959,0.103026
38600,0.170234,0.101521
38700,0.169906,0.099866
38800,0.175069,0.0991576
38900,0.16999,0.0979455
39000,0.158974,0.0965183
39100,0.163142,0.0958441
39200,0.166248,0.0950177
39300,0.169747,0.0944039
39400,0.163053,0.0934518
39500,0.164657,0.0928838
39600,0.158788,0.0922488
39700,0.167808,0.0920728
39800,0.163215,0.0919081
39900,0.159056,0.0916279
40000,0.1541,0.0912959
40100,0.157219,0.0911626
40200,0.156361,0.0906385
40300,0.159454,0.0903951
40400,0.157049,0.0898904
40500,0.161876,0.0891638
40600,0.178781,0.0886162
40700,0.176715,0.0883948
40800,0.18961,0.0887142
40900,0.17883,0.0889904
41000,0.188188,0.0893192
41100,0.192659,0.0899026
41200,0.180496,0.0908308
41300,0.186008,0.0916657
41400,0.190747,0.0928734
41500,0.192246,0.0951815
41600,0.221482,0.0974051
41700,0.218306,0.100399
41800,0.21729,0.104265
41900,0.230219,0.109291
42000,0.232228,0.114728
42100,0.244015,0.120704
42200,0.250905,0.127568
42300,0.257749,0.134591
42400,0.275006,0.142921
42500,0.27654,0.150987
42600,0.278766,0.159617
42700,0.272409,0.168694
42800,0.283843,0.178161
42900,0.292456,0.187462
43000,0.306701,0.196442
43100,0.313165,0.204759
43200,0.331496,0.212772
43300,0.33347,0.219665
43400,0.327528,0.226303
43500,0.336345,0.232391
43600,0.343292,0.238549
43700,0.346545,0.243349
43800,0.362975,0.247653
43900,0.3575,0.250922
44000,0.367531,0.253785
44100,0.36645,0.255956
44200,0.376041,0.257004
44300,0.37851,0.257532
44400,0.367975,0.257868
44500,0.355233,0.257565
44600,0.359124,0.256545
44700,0.363063,0.254837
44800,0.355333,0.254308
44900,0.3581,0.253537
45000,0.351871,0.252336
45100,0.351557,0.250418
45200,0.341439,0.248778
45300,0.33772,0.247536
45400,0.34359,0.246948
45500,0.340017,0.246361
45600,0.353626,0.245743
45700,0.339912,0.245512
45800,0.343855,0.245164
45900,0.36008,0.244663
46000,0.350627,0.245206
46100,0.368645,0.245772
46200,0.371358,0.245991
46300,0.364987,0.246575
46400,0.365487,0.2469
46500,0.359647,0.247192
46600,0.374355,0.247646
46700,0.359014,0.247802
46800,0.359063,0.24744
46900,0.360681,0.246906
47000,0.351261,0.245621
47100,0.34064,0.244262
47200,0.345746,0.243812
47300,0.337944,0.242618
47400,0.334957,0.241906
47500,0.348935,0.241179
47600,0.354003,0.240286
47700,0.363995,0.239293
47800,0.358855,0.238516
47900,0.340121,0.237226
48000,0.338333,0.236724
48100,0.355141,0.236243
48200,0.344137,0.235405
48300,0.346998,0.234209
48400,0.340641,0.233855
48500,0.341494,0.233051
48600,0.325495,0.231829
48700,0.333876,0.23184
48800,0.338171,0.230673
48900,0.325364,0.230202
49000,0.319928,0.230084
49100,0.31869,0.228835
49200,0.307778,0.22762
49300,0.296519,0.227039
49400,0.299523,0.225652
49500,0.308088,0.224429
49600,0.304459,0.223399
49700,0.300136,0.221677
49800,0.3038,0.219967
49900,0.305398,0.218229
50000,0.306192,0.21671
50100,0.29609,0.215194
50200,0.291978,0.212917
50300,0.295516,0.209968
50400,0.291153,0.206675
50500,0.298195,0.203468
50600,0.299097,0.199847
50700,0.284558,0.196563
50800,0.290175,0.193444
50900,0.278954,0.189934
51000,0.274886,0.186954
51100,0.27807,0.183715
51200,0.268313,0.180461
51300,0.270882,0.177581
51400,0.261722,0.174662
51500,0.266736,0.171417
51600,0.267607,0.168362
51700,0.252874,0.164778
51800,0.257904,0.161585
51900,0.25199,0.15851
52000,0.256437,0.15604
52100,0.25364,0.153634
52200,0.245131,0.151316
52300,0.243734,0.149306
52400,0.239677,0.148088
52500,0.234149,0.146837
52600,0.235246,0.146234
52700,0.225051,0.145842
52800,0.221981,0.145619
52900,0.221166,0.146384
53000,0.217644,0.146169
53100,0.221246,0.145898
53200,0.224331,0.146003
53300,0.227205,0.146143
53400,0.227866,0.146154
53500,0.223372,0.146211
53600,0.22505,0.146254
53700,0.222223,0.147042
53800,0.221458,0.147176
53900,0.227317,0.1478
54000,0.22237,0.147937
54100,0.227718,0.147626
54200,0.228465,0.147823
54300,0.232967,0.14774
54400,0.242479,0.146715
54500,0.232841,0.145449
54600,0.238224,0.144981
54700,0.215578,0.143552
54800,0.212719,0.142289
54900,0.216276,0.14093
55000,0.205424,0.139926
55100,0.206954,0.13852
55200,0.206035,0.136457
55300,0.209602,0.134326
55400,0.197896,0.132218
55500,0.191834,0.129727
55600,0.194248,0.127488
55700,0.197237,0.124144
55800,0.18813,0.121291
55900,0.191159,0.11827
56000,0.182881,0.115077
56100,0.160596,0.111461
56200,0.155475,0.108234
56300,0.150534,0.104771
56400,0.145261,0.101412
56500,0.13837,0.0981045
56600,0.134826,0.0950128
56700,0.130695,0.0920718
56800,0.124826,0.089048
56900,0.12277,0.0858785
57000,0.116804,0.0830054
57100,0.112903,0.0795754
57200,0.106631,0.0760322
57300,0.103494,0.0722639
57400,0.0976719,0.0682027
57500,0.0920205,0.0640257
57600,0.0865731,0.0598912
57700,0.0831747,0.0556109
57800,0.0756251,0.0514563
57900,0.0711713,0.0480693
58000,0.0667593,0.0449616
58100,0.0640301,0.0418777
58200,0.060177,0.0386797
58300,0.0550775,0.0354136
58400,0.0500868,0.032295
58500,0.0455161,0.0292876
58600,0.0406652,0.0261082
58700,0.0351235,0.0232394
58800,0.0314786,0.0204537
58900,0.0274564,0.0177647
59000,0.0238576,0.0152164
59100,0.0204856,0.012856
59200,0.0167435,0.0107632
59300,0.0138202,0.0088982
59400,0.0112834,0.00720263
59500,0.00931048,0.00592468
59600,0.00792147,0.00490352
59700,0.00669348,0.00411593
59800,0.00529307,0.00328481
59900,0.00428518,0.00264143
60000,0.00371636,0.00227741
60100,0.00311226,0.00190649
60200,0.00251136,0.0015629
60300,0.00216742,0.00135575
60400,0.00189153,0.00117036
60500,0.0016909,0.00105191
60600,0.00146687,0.000917687
60700,0.00126394,0.000782093
60800,0.00105744,0.000650912
60900,0.000830409,0.000539021
61000,0.000710616,0.000447122
61100,0.000608111,0.000382659
61200,0.000527913,0.00033219
61300,0.000424506,0.000264304
61400,0.000311257,0.00020319
61500,0.000228955,0.000146388
61600,0.000174868,0.000112987
61700,0.000116081,7.26526e-05
61800,7.17588e-05,4.58696e-05
61900,4.17623e-05,2.6554e-05
62000,2.78464e-05,1.73281e-05
62100,1.08267e-05,6.91671e-06
62200,8.86707e-06,5.60525e-06
62300,1.801e-06,1.15041e-06
62400,0,0
62500,0,0
62600,0,0
62700,0,0
62800,0,0
62900,0,0
63000,0,0
63100,0,0
63200,0,0
63300,0,0
63400,0,0
63500,0,0
63600,0,0
63700,0,0
63800,0,0
63900,0,0
64000,0,0
64100,0,0
64200,0,0
64300,0,0
64400,0,0
64500,0,0
64600,0,0
64700,0,0
64800,0,0
64900,0,0
65000,0,0
65100,0,0
65200,0,0
65300,0,0
65400,0,0
65500,0,0
65600,0,0
65700,0,0
65800,0,0
65900,0,0
66000,0,0
66100,0,0
66200,0,0
66300,0,0
66400,0,0
66500,0,0
66600,0,0
66700,0,0
66800,0,0
66900,0,0
67000,0,0
67100,0,0
67200,0,0
67300,0,0
67400,0,0
67500,0,0
67600,0,0
67700,0,0
67800,0,0
67900,0,0
68000,0,0
68100,0,0
68200,0,0
68300,0,0
68400,0,0
68500,0,0
68600,0,0
68700,0,0
68800,0,0
68900,0,0
69000,0,0
69100,0,0
69200,0,0
69300,0,0
69400,0,0
69500,0,0
69600,0,0
69700,0,0
69800,0,0
69900,0,0
70000,0,0
70100,0,0
70200,0,0
70300,0,0
70400,0,0
70500,0,0
70600,0,0
70700,0,0
70800,0,0
70900,0,0
71000,0,0
71100,0,0
71200,0,0
71300,0,0
71400,0,0
71500,0,0
71600,0,0
71700,0,0
71800,0,0
71900,0,0
72000,0,0
72100,0,0
72200,0,0
72300,0,0
72400,0,0
72500,0,0
72600,0,0
72700,0,0
72800,0,0
72900,0,0
73000,0,0
73100,0,0
73200,0,0
73300,0,0
73400,0,0
73500,0,0
73600,0,0
73700,0,0
73800,0,0
73900,0,0
74000,0,0
74100,0,0
74200,0,0
74300,0,0
74400,0,0
74500,0,0
74600,0,0
74700,0,0
74800,0,0
74900,0,0
75000,0,0
75100,0,0
75200,0,0
75300,0,0
75400,0,0
75500,0,0
75600,0,0
75700,0,0
75800,0,0
75900,0,0
76000,0,0
76100,0,0
76200,0,0
76300,0,0
76400,0,0
76500,0,0
76600,0,0
76700,0,0
76800,0,0
76900,0,0
77000,0,0
77100,0,0
77200,0,0
77300,0,0
77400,0,0
77500,0,0
77600,0,0
77700,0,0
77800,0,0
77900,0,0
78000,0,0
78100,0,0
78200,0,0
78300,0,0
78400,0,0
78500,0,0
78600,0,0
78700,0,0
78800,0,0
78900,0,0
79000,0,0
79100,0,0
79200,0,0
79300,0,0
79400,0,0
79500,0,0
79600,0,0
79700,0,0
79800,0,0
79900,0,0
80000,0,0
80100,0,0
80200,0,0
80300,0,0
80400,0,0
80500,0,0
80600,0,0
80700,0,0
80800,0,0
80900,0,0
81000,0,0
81100,0,0
81200,0,0
81300,0,0
81400,0,0
81500,0,0
81600,0,0
81700,0,0
81800,0,0
81900,0,0
82000,0,0
82100,0,0
82200,0,0
82300,0,0
82400,0,0
82500,0,0
82600,0,0
82700,0,0
82800,0,0
82900,0,0
83000,0,0
83100,0,0
83200,0,0
83300,0,0
83400,0,0
83500,0,0
83600,0,0
83700,0,0
83800,0,0
83900,0,0
84000,0,0
84100,0,0
84200,0,0
84300,0,0
84400,0,0
84500,0,0
84600,0,0
84700,0,0
84800,0,0
84900,0,0
85000,0,0
85100,0,0
85200,0,0
85300,0,0
85400,0,0
85500,0,0
85600,0,0
85700,0,0
85800,0,0
85900,0,0
86000,0,0
86100,0,0
86200,0,0
86300,0,0
86400,0,0
86500,0,0
86600,0,0
86700,0,0
86800,0,0
86900,0,0
87000,0,0
87100,0,0
87200,0,0
87300,0,0
87400,0,0
87500,0,0
87600,0,0
87700,0,0
87800,0,0
87900,0,0
88000,0,0
88100,0,0
88200,0,0
88300,0,0
88400,0,0
88500,0,0
88600,0,0
88700,0,0
88800,0,0
88900,0,0
89000,0,0
89100,0,0
89200,0,0
89300,0,0
89400,0,0
89500,0,0
89600,0,0
89700,0,0
89800,0,0
89900,0,0
90000,0,0
90100,0,0
90200,0,0
90300,0,0
90400,0,0
90500,0,0
90600,0,0
90700,0,0
90800,0,0
90900,0,0
91000,0,0
91100,0,0
91200,0,0
91300,0,0
91400,0,0
91500,0,0
91600,0,0
91700,0,0
91800,0,0
91900,0,0
92000,0,0
92100,0,0
92200,0,0
92300,0,0
92400,0,0
92500,0,0
92600,0,0
92700,0,0
92800,0,0
92900,0,0
93000,0,0
93100,0,0
93200,0,0
93300,0,0
93400,0,0
93500,0,0
93600,0,0
93700,0,0
93800,0,0
93900,0,0
94000,0,0
94100,0,0
94200,0,0
94300,0,0
94400,0,0
94500,0,0
94600,0,0
94700,0,0
94800,0,0
94900,0,0
95000,0,0
95100,0,0
95200,0,0
95300,0,0
95400,0,0
95500,0,0
95600,0,0
95700,0,0
95800,0,0
95900,0,0
96000,0,0
96100,0,0
96200,0,0
96300,0,0
96400,0,0
96500,0,0
96600,0,0
96700,0,0
96800,0,0
96900,0,0
97000,0,0
97100,0,0
97200,0,0
97300,0,0
97400,0,0
97500,0,0
97600,0,0
97700,0,0
97800,0,0
97900,0,0
98000,0,0
98100,0,0
98200,0,0
98300,0,0
98400,0,0
98500,0,0
98600,0,0
98700,0,0
98800,0,0
98900,0,0
99000,0,0
99100,0,0
99200,0,0
99300,0,0
99400,0,0
99500,0,0
99600,0,0
99700,0,0
99800,0,0
99900,0,0
