0,0.499999,0.499912
100,0.493487,0.499825
200,0.484268,0.500331
300,0.486137,0.500509
400,0.479643,0.499797
500,0.482535,0.499986
600,0.487559,0.500795
700,0.496997,0.501796
800,0.485434,0.502954
900,0.48721,0.504254
1000,0.482839,0.505692
1100,0.490843,0.507782
1200,0.494887,0.509661
1300,0.497123,0.511166
1400,0.488821,0.513378
1500,0.476395,0.516168
1600,0.468108,0.517823
1700,0.461148,0.519898
1800,0.488626,0.521167
1900,0.485259,0.52254
2000,0.474572,0.523862
2100,0.496371,0.525576
2200,0.497299,0.526239
2300,0.481389,0.528065
2400,0.472851,0.528988
2500,0.488127,0.531391
2600,0.483938,0.533291
2700,0.485933,0.535275
2800,0.482348,0.536927
2900,0.491049,0.537974
3000,0.492986,0.539292
3100,0.492723,0.541042
3200,0.490846,0.541828
3300,0.485928,0.541988
3400,0.48812,0.542635
3500,0.487848,0.543598
3600,0.489266,0.545403
3700,0.491117,0.546083
3800,0.490431,0.547529
3900,0.485534,0.548557
4000,0.490581,0.549241
4100,0.488097,0.550151
4200,0.490715,0.551214
4300,0.47738,0.551291
4400,0.488719,0.552623
4500,0.487858,0.55258
4600,0.4764,0.552789
4700,0.475345,0.552541
4800,0.486611,0.552562
4900,0.484515,0.553042
5000,0.484217,0.552525
5100,0.484133,0.552139
5200,0.484596,0.550466
5300,0.486007,0.548918
5400,0.492322,0.548668
5500,0.484915,0.547544
5600,0.486058,0.546613
5700,0.488173,0.546462
5800,0.478209,0.545591
5900,0.492241,0.545242
6000,0.482338,0.545232
6100,0.478976,0.544161
6200,0.484311,0.543207
6300,0.47852,0.542001
6400,0.493292,0.541412
6500,0.476496,0.540363
6600,0.482609,0.539845
6700,0.491999,0.539251
6800,0.488276,0.538275
6900,0.488112,0.537533
7000,0.473843,0.537054
7100,0.494945,0.537456
7200,0.492287,0.537634
7300,0.479423,0.537219
7400,0.476711,0.537125
7500,0.481689,0.537065
7600,0.482021,0.536647
7700,0.490488,0.536425
7800,0.479364,0.535977
7900,0.487056,0.535521
8000,0.466292,0.535951
8100,0.478658,0.535494
8200,0.485133,0.535649
8300,0.480229,0.535899
8400,0.487263,0.535773
8500,0.493968,0.53635
8600,0.496035,0.536621
8700,0.479463,0.536089
8800,0.481698,0.535616
8900,0.490521,0.535163
9000,0.488614,0.535367
9100,0.485296,0.53485
9200,0.484328,0.534505
9300,0.482841,0.533827
9400,0.48341,0.533536
9500,0.488691,0.534206
9600,0.489158,0.534092
9700,0.489814,0.534722
9800,0.485399,0.535769
9900,0.48398,0.535362
10000,0.48557,0.536123
10100,0.486696,0.537098
10200,0.482242,0.538083
10300,0.47456,0.53825
10400,0.491678,0.539074
10500,0.484008,0.539386
10600,0.474513,0.538851
10700,0.487048,0.538579
10800,0.495942,0.538355
10900,0.485533,0.538503
11000,0.492524,0.537684
11100,0.488325,0.538108
11200,0.468785,0.537855
11300,0.477013,0.538526
11400,0.493281,0.538292
11500,0.483925,0.538579
11600,0.48299,0.537767
11700,0.482678,0.536638
11800,0.465595,0.536062
11900,0.477035,0.535902
12000,0.493225,0.535684
12100,0.486237,0.534645
12200,0.494196,0.534229
12300,0.48781,0.533848
12400,0.488946,0.53203
12500,0.483028,0.5308
12600,0.490808,0.528874
12700,0.488143,0.527515
12800,0.493042,0.525646
12900,0.489642,0.524835
13000,0.492545,0.523908
13100,0.486982,0.522706
13200,0.47532,0.521962
13300,0.49188,0.521673
13400,0.461769,0.5217
13500,0.494302,0.521399
13600,0.479475,0.521228
13700,0.473928,0.520569
13800,0.48641,0.51867
13900,0.493021,0.51794
14000,0.493467,0.516983
14100,0.492932,0.516136
14200,0.479464,0.515107
14300,0.486873,0.514391
14400,0.485807,0.513018
14500,0.483443,0.512537
14600,0.494842,0.511625
14700,0.485769,0.511572
14800,0.486235,0.51025
14900,0.495601,0.508995
15000,0.496091,0.507839
15100,0.495877,0.507084
15200,0.493056,0.505878
15300,0.494956,0.504521
15400,0.49609,0.50349
15500,0.490113,0.502334
15600,0.488355,0.502006
15700,0.492224,0.500335
15800,0.487576,0.500012
15900,0.466784,0.499073
16000,0.489324,0.497938
16100,0.493071,0.497067
16200,0.496473,0.49619
16300,0.482428,0.496363
16400,0.494849,0.49567
16500,0.483311,0.496123
16600,0.4866,0.496208
16700,0.496464,0.496373
16800,0.491352,0.496587
16900,0.485406,0.496562
17000,0.488464,0.496958
17100,0.49186,0.496983
17200,0.493285,0.497771
17300,0.497298,0.498041
17400,0.495595,0.498984
17500,0.493677,0.498902
17600,0.493417,0.498667
17700,0.495501,0.49781
17800,0.492218,0.496693
17900,0.496228,0.49534
18000,0.492693,0.493868
18100,0.489202,0.493122
18200,0.47795,0.491631
18300,0.472886,0.490692
18400,0.486034,0.489314
18500,0.487232,0.487622
18600,0.472808,0.485884
18700,0.487514,0.483713
18800,0.484093,0.481417
18900,0.487879,0.479361
19000,0.485533,0.476813
19100,0.48532,0.474718
19200,0.486573,0.472898
19300,0.491808,0.470746
19400,0.485256,0.469642
19500,0.474192,0.467955
19600,0.493669,0.466697
19700,0.477016,0.464297
19800,0.484921,0.463359
19900,0.485909,0.462677
20000,0.48876,0.46239
20100,0.490194,0.461571
20200,0.474298,0.461082
20300,0.49306,0.46058
20400,0.472136,0.459729
20500,0.49214,0.459794
20600,0.47922,0.459583
20700,0.472662,0.459931
20800,0.484481,0.460085
20900,0.485325,0.460862
21000,0.48474,0.46116
21100,0.486799,0.460484
21200,0.493832,0.459313
21300,0.481019,0.458456
21400,0.489787,0.457805
21500,0.490708,0.457229
21600,0.486133,0.456803
21700,0.477995,0.456476
21800,0.487577,0.455877
21900,0.478963,0.454602
22000,0.484125,0.453778
22100,0.486038,0.452175
22200,0.474775,0.451046
22300,0.490532,0.44998
22400,0.493603,0.449486
22500,0.476024,0.44892
22600,0.47345,0.447988
22700,0.467644,0.44801
22800,0.47303,0.447792
22900,0.485154,0.446956
23000,0.493532,0.446677
23100,0.486502,0.44685
23200,0.466767,0.446869
23300,0.477893,0.445896
23400,0.481094,0.445303
23500,0.489706,0.445696
23600,0.488395,0.445273
23700,0.482312,0.445838
23800,0.488677,0.445585
23900,0.489584,0.444987
24000,0.487755,0.444618
24100,0.48951,0.444998
24200,0.484046,0.445063
24300,0.486166,0.445528
24400,0.476881,0.445102
24500,0.480638,0.445422
24600,0.484447,0.44509
24700,0.489692,0.444498
24800,0.491896,0.443096
24900,0.480697,0.44284
25000,0.48231,0.44315
25100,0.483635,0.442727
25200,0.485919,0.4425
25300,0.48986,0.441969
25400,0.490809,0.441869
25500,0.48813,0.442093
25600,0.489281,0.441354
25700,0.484748,0.441583
25800,0.475434,0.441815
25900,0.472756,0.441811
26000,0.471241,0.440932
26100,0.482864,0.44153
26200,0.492407,0.441641
26300,0.470752,0.441873
26400,0.489442,0.441831
26500,0.48149,0.442326
26600,0.490451,0.443031
26700,0.48676,0.443142
26800,0.476883,0.442619
26900,0.469227,0.442285
27000,0.476745,0.442466
27100,0.473615,0.4426
27200,0.481568,0.441878
27300,0.485039,0.441389
27400,0.475808,0.441013
27500,0.481205,0.440675
27600,0.473219,0.440696
27700,0.480265,0.441167
27800,0.488244,0.441454
27900,0.46868,0.440947
28000,0.466884,0.439685
28100,0.479326,0.437781
28200,0.482872,0.435572
28300,0.489194,0.434377
28400,0.482738,0.433512
28500,0.471303,0.432474
28600,0.480312,0.430565
28700,0.489146,0.428696
28800,0.482541,0.427834
28900,0.478404,0.425279
29000,0.476057,0.423742
29100,0.477542,0.421743
29200,0.484382,0.419581
29300,0.480863,0.417836
29400,0.477303,0.415669
29500,0.480942,0.414008
29600,0.469693,0.413404
29700,0.474284,0.411715
29800,0.461185,0.411337
29900,0.466687,0.411287
30000,0.464785,0.410497
30100,0.467692,0.409925
30200,0.472885,0.409702
30300,0.476022,0.409548
30400,0.469448,0.409655
30500,0.469799,0.409826
30600,0.450506,0.409242
30700,0.455179,0.40897
30800,0.454536,0.409175
30900,0.471197,0.409308
31000,0.47269,0.409447
31100,0.473382,0.40958
31200,0.477743,0.410097
31300,0.476463,0.410156
31400,0.478822,0.409762
31500,0.478527,0.408937
31600,0.470149,0.408554
31700,0.480092,0.408595
31800,0.470845,0.408929
31900,0.471326,0.408288
32000,0.471706,0.408488
32100,0.464457,0.40873
32200,0.480508,0.408873
32300,0.45773,0.408581
32400,0.472266,0.408434
32500,0.47811,0.408596
32600,0.464904,0.408185
32700,0.466304,0.408602
32800,0.467075,0.408989
32900,0.455576,0.408248
33000,0.448355,0.407618
33100,0.44086,0.406483
33200,0.446803,0.405545
33300,0.46347,0.404342
33400,0.467514,0.402678
33500,0.453206,0.401489
33600,0.451365,0.400757
33700,0.456214,0.399517
33800,0.470544,0.397909
33900,0.467424,0.396411
34000,0.461447,0.395839
34100,0.465759,0.393982
34200,0.462803,0.392975
34300,0.462445,0.392057
34400,0.466936,0.391375
34500,0.454148,0.389805
34600,0.455401,0.389464
34700,0.464256,0.389101
34800,0.471855,0.38858
34900,0.464302,0.387522
35000,0.466627,0.3869
35100,0.448177,0.386819
35200,0.433562,0.387622
35300,0.433928,0.387739
35400,0.410222,0.387364
35500,0.411721,0.388163
35600,0.445284,0.38964
35700,0.460571,0.391159
35800,0.457017,0.393697
35900,0.450882,0.395426
36000,0.474911,0.398148
36100,0.462153,0.400775
36200,0.466872,0.402157
36300,0.470781,0.40383
36400,0.471259,0.405413
36500,0.477065,0.407481
36600,0.462692,0.40913
36700,0.470934,0.411195
36800,0.465915,0.412798
36900,0.470091,0.414173
37000,0.482532,0.415987
37100,0.479377,0.417263
37200,0.477038,0.418428
37300,0.474268,0.419117
37400,0.470075,0.419712
37500,0.47351,0.419461
37600,0.47936,0.420053
37700,0.480764,0.419752
37800,0.478365,0.418663
37900,0.472609,0.418664
38000,0.476122,0.418481
38100,0.483348,0.418378
38200,0.469052,0.41808
38300,0.475943,0.417776
38400,0.471513,0.41733
38500,0.474511,0.416688
38600,0.46747,0.417123
38700,0.468665,0.417122
38800,0.461481,0.417736
38900,0.461173,0.419464
39000,0.44603,0.419931
39100,0.461673,0.420876
39200,0.461437,0.421905
39300,0.466755,0.423501
39400,0.484836,0.425478
39500,0.480139,0.427371
39600,0.485236,0.429606
39700,0.485426,0.432112
39800,0.473932,0.435531
39900,0.471208,0.440283
40000,0.483793,0.444283
40100,0.486332,0.448112
40200,0.484661,0.452563
40300,0.486298,0.456566
40400,0.484229,0.459812
40500,0.491048,0.463276
40600,0.494846,0.465833
40700,0.49148,0.469449
40800,0.483647,0.472717
40900,0.489081,0.475355
41000,0.498021,0.477679
41100,0.493635,0.479887
41200,0.49847,0.481982
41300,0.489236,0.485352
41400,0.49082,0.487469
41500,0.489016,0.489332
41600,0.47715,0.489587
41700,0.473291,0.489246
41800,0.491464,0.489579
41900,0.480492,0.489293
42000,0.470427,0.488718
42100,0.474482,0.488118
42200,0.484983,0.487295
42300,0.484418,0.486376
42400,0.477816,0.484969
42500,0.484558,0.483735
42600,0.489776,0.482081
42700,0.485485,0.481114
42800,0.477568,0.479692
42900,0.489366,0.478542
43000,0.489689,0.478019
43100,0.493047,0.47699
43200,0.490923,0.475237
43300,0.495801,0.473133
43400,0.493537,0.470937
43500,0.48537,0.46835
43600,0.481359,0.465817
43700,0.496519,0.464222
43800,0.484031,0.462245
43900,0.480997,0.460401
44000,0.487404,0.45898
44100,0.485129,0.45693
44200,0.481544,0.455209
44300,0.479991,0.453033
44400,0.489243,0.450958
44500,0.464808,0.447969
44600,0.459306,0.444141
44700,0.465494,0.441515
44800,0.484379,0.439164
44900,0.486611,0.437304
45000,0.482959,0.434967
45100,0.468656,0.432964
45200,0.471228,0.430429
45300,0.482891,0.42859
45400,0.484582,0.426658
45500,0.477835,0.42557
45600,0.458323,0.424009
45700,0.47945,0.42299
45800,0.478093,0.421991
45900,0.466797,0.421921
46000,0.47117,0.4218
46100,0.469886,0.422272
46200,0.468798,0.423178
46300,0.471636,0.424747
46400,0.474116,0.42631
46500,0.477842,0.42694
46600,0.47925,0.42829
46700,0.471416,0.429316
46800,0.480385,0.430313
46900,0.476477,0.431187
47000,0.480292,0.431764
47100,0.48983,0.432217
47200,0.477306,0.432626
47300,0.488416,0.432959
47400,0.484478,0.434475
47500,0.486859,0.434781
47600,0.478938,0.435339
47700,0.468001,0.436421
47800,0.480413,0.437822
47900,0.486117,0.437546
48000,0.481484,0.438271
48100,0.48558,0.438229
48200,0.49204,0.438234
48300,0.481479,0.439274
48400,0.489877,0.439661
48500,0.485787,0.440357
48600,0.485198,0.441115
48700,0.490335,0.442793
48800,0.48401,0.444586
48900,0.482582,0.445805
49000,0.493628,0.44839
49100,0.48131,0.45043
49200,0.474135,0.452663
49300,0.494953,0.454961
49400,0.483048,0.456997
49500,0.48064,0.459135
49600,0.4905,0.460808
49700,0.491131,0.46319
49800,0.488771,0.464763
49900,0.49079,0.466705
50000,0.479699,0.468401
50100,0.475931,0.469725
50200,0.488741,0.472004
50300,0.492058,0.473058
50400,0.486124,0.474426
50500,0.483266,0.476911
50600,0.483721,0.478159
50700,0.484975,0.478515
50800,0.479147,0.478342
50900,0.488909,0.478611
51000,0.484321,0.477968
51100,0.496671,0.476971
51200,0.493151,0.475258
51300,0.489906,0.473409
51400,0.486575,0.471418
51500,0.492878,0.470041
51600,0.493673,0.468106
51700,0.493598,0.466543
51800,0.486726,0.464047
51900,0.483648,0.461146
52000,0.488746,0.459435
52100,0.480191,0.456439
52200,0.471803,0.453979
52300,0.472985,0.451764
52400,0.48101,0.448878
52500,0.467554,0.446186
52600,0.48462,0.443798
52700,0.486409,0.442058
52800,0.477628,0.43971
52900,0.476605,0.438695
53000,0.486711,0.437249
53100,0.47543,0.436115
53200,0.485545,0.43512
53300,0.476967,0.434289
53400,0.480662,0.433517
53500,0.48726,0.434393
53600,0.470944,0.43401
53700,0.485675,0.433829
53800,0.486623,0.433904
53900,0.471735,0.433432
54000,0.478089,0.432917
54100,0.480525,0.432642
54200,0.480438,0.432321
54300,0.466063,0.432165
54400,0.469371,0.43248
54500,0.474351,0.431936
54600,0.472459,0.431754
54700,0.476505,0.431232
54800,0.47935,0.430803
54900,0.469897,0.430147
55000,0.470869,0.429264
55100,0.47854,0.428676
55200,0.479447,0.428026
55300,0.472702,0.426724
55400,0.479358,0.425758
55500,0.470797,0.425163
55600,0.458546,0.424713
55700,0.475772,0.42388
55800,0.480737,0.423352
55900,0.475562,0.422836
56000,0.45217,0.422149
56100,0.464754,0.421763
56200,0.474035,0.42142
56300,0.46955,0.420962
56400,0.480493,0.42031
56500,0.480765,0.42065
56600,0.477167,0.420958
56700,0.477169,0.420565
56800,0.486606,0.420428
56900,0.474659,0.419973
57000,0.477492,0.419549
57100,0.480077,0.41984
57200,0.479032,0.420228
57300,0.473619,0.421761
57400,0.481697,0.423036
57500,0.476238,0.423926
57600,0.488008,0.424647
57700,0.486714,0.425707
57800,0.48188,0.426757
57900,0.477639,0.428129
58000,0.487119,0.430371
58100,0.481038,0.432418
58200,0.478994,0.434452
58300,0.485141,0.435869
58400,0.483544,0.438229
58500,0.488214,0.43989
58600,0.475396,0.442054
58700,0.486511,0.44318
58800,0.470176,0.444779
58900,0.482281,0.445863
59000,0.473236,0.447571
59100,0.473029,0.447885
59200,0.474133,0.448375
59300,0.4828,0.449344
59400,0.489603,0.450413
59500,0.480806,0.450892
59600,0.467338,0.451222
59700,0.466288,0.451646
59800,0.47723,0.451446
59900,0.486961,0.450853
60000,0.49139,0.451048
60100,0.490479,0.451116
60200,0.489306,0.451832
60300,0.482507,0.451532
60400,0.493519,0.452292
60500,0.483244,0.453261
60600,0.474672,0.453736
60700,0.488248,0.454351
60800,0.492803,0.455224
60900,0.494589,0.456889
61000,0.493888,0.457639
61100,0.487001,0.459137
61200,0.492662,0.459542
61300,0.487494,0.460136
61400,0.483769,0.460373
61500,0.48978,0.461504
61600,0.493749,0.462514
61700,0.473417,0.463637
61800,0.482875,0.465114
61900,0.488602,0.465504
62000,0.488363,0.465636
62100,0.494944,0.466426
62200,0.493617,0.467842
62300,0.49537,0.467806
62400,0.488973,0.467538
62500,0.488409,0.46808
62600,0.48893,0.467163
62700,0.493187,0.46772
62800,0.494979,0.467597
62900,0.488189,0.468358
63000,0.475867,0.468247
63100,0.468615,0.46924
63200,0.464872,0.471112
63300,0.47336,0.472619
63400,0.489035,0.474227
63500,0.480413,0.476447
63600,0.476889,0.47797
63700,0.494279,0.480672
63800,0.49426,0.483544
63900,0.49537,0.485383
64000,0.489744,0.487454
64100,0.487523,0.489518
64200,0.486214,0.492596
64300,0.49566,0.495428
64400,0.481352,0.497863
64500,0.469263,0.500738
64600,0.467516,0.502853
64700,0.488231,0.504451
64800,0.489213,0.506741
64900,0.48881,0.509303
65000,0.475866,0.511028
65100,0.480622,0.511575
65200,0.492401,0.513015
65300,0.497707,0.513535
65400,0.494795,0.514424
65500,0.489777,0.514832
65600,0.492405,0.514549
65700,0.481015,0.51495
65800,0.474556,0.514015
65900,0.466809,0.513279
66000,0.465269,0.512747
66100,0.472833,0.511835
66200,0.479908,0.509857
66300,0.471519,0.50903
66400,0.489787,0.507488
66500,0.477588,0.505552
66600,0.471988,0.504027
66700,0.479774,0.50103
66800,0.479562,0.499134
66900,0.481557,0.496897
67000,0.48519,0.49594
67100,0.488562,0.494871
67200,0.487441,0.494251
67300,0.491522,0.493268
67400,0.488038,0.492238
67500,0.497414,0.491514
67600,0.491057,0.490858
67700,0.493634,0.490233
67800,0.490439,0.488975
67900,0.487927,0.48786
68000,0.478389,0.48707
68100,0.494271,0.485672
68200,0.494933,0.484503
68300,0.486525,0.483242
68400,0.496879,0.482511
68500,0.47967,0.482732
68600,0.488224,0.48231
68700,0.479308,0.482125
68800,0.482047,0.481396
68900,0.496033,0.47988
69000,0.489439,0.479052
69100,0.46945,0.477972
69200,0.477421,0.476914
69300,0.469035,0.476838
69400,0.475691,0.476372
69500,0.49001,0.475464
69600,0.489361,0.474092
69700,0.481384,0.473093
69800,0.489549,0.472461
69900,0.478402,0.471497
70000,0.467242,0.469953
70100,0.486742,0.467363
70200,0.483348,0.465432
70300,0.486755,0.463574
70400,0.479032,0.46201
70500,0.48487,0.459334
70600,0.481795,0.457074
70700,0.470106,0.454734
70800,0.477324,0.452708
70900,0.488951,0.45082
71000,0.477641,0.449158
71100,0.491009,0.448296
71200,0.475075,0.445905
71300,0.486412,0.44324
71400,0.46674,0.441518
71500,0.487617,0.439608
71600,0.467334,0.438323
71700,0.468166,0.436696
71800,0.483927,0.434834
71900,0.484175,0.433774
72000,0.477919,0.433169
72100,0.486184,0.432543
72200,0.484137,0.431736
72300,0.488685,0.431718
72400,0.48618,0.431369
72500,0.4859,0.430759
72600,0.4791,0.430601
72700,0.480884,0.43013
72800,0.470779,0.430002
72900,0.456767,0.429876
73000,0.463091,0.430148
73100,0.488576,0.430507
73200,0.483884,0.43067
73300,0.481378,0.431948
73400,0.484487,0.432711
73500,0.48148,0.433985
73600,0.478003,0.435025
73700,0.477655,0.436163
73800,0.474643,0.436745
73900,0.476173,0.436911
74000,0.487536,0.437505
74100,0.489642,0.438306
74200,0.480742,0.439331
74300,0.479436,0.439518
74400,0.48644,0.44033
74500,0.488285,0.440714
74600,0.481287,0.440349
74700,0.479407,0.441196
74800,0.478799,0.441003
74900,0.468928,0.441092
75000,0.469713,0.442077
75100,0.474323,0.442179
75200,0.48405,0.442516
75300,0.477698,0.442121
75400,0.484772,0.441522
75500,0.482384,0.441237
75600,0.480405,0.440629
75700,0.479937,0.440193
75800,0.487855,0.440187
75900,0.4813,0.440237
76000,0.491153,0.439649
76100,0.483258,0.43927
76200,0.479537,0.43854
76300,0.484001,0.438665
76400,0.470408,0.438652
76500,0.47047,0.438283
76600,0.473232,0.438222
76700,0.484479,0.437382
76800,0.469978,0.437061
76900,0.481323,0.436765
77000,0.482915,0.435505
77100,0.483783,0.434401
77200,0.486932,0.433525
77300,0.484076,0.43354
77400,0.480706,0.432371
77500,0.487862,0.432415
77600,0.484597,0.432304
77700,0.482012,0.432235
77800,0.469907,0.432296
77900,0.478905,0.431817
78000,0.478533,0.431989
78100,0.475968,0.431353
78200,0.478941,0.431601
78300,0.481075,0.43103
78400,0.454758,0.430601
78500,0.469933,0.429944
78600,0.471945,0.4293
78700,0.473359,0.428456
78800,0.470994,0.427571
78900,0.471261,0.42712
79000,0.474986,0.426469
79100,0.459098,0.425512
79200,0.462318,0.424573
79300,0.481197,0.423442
79400,0.479462,0.423426
79500,0.478767,0.423583
79600,0.469922,0.42327
79700,0.475921,0.422347
79800,0.467687,0.421318
79900,0.455958,0.42073
80000,0.478173,0.419638
80100,0.469918,0.418353
80200,0.476213,0.416146
80300,0.482932,0.414896
80400,0.465161,0.413984
80500,0.468373,0.412771
80600,0.478742,0.41202
80700,0.48405,0.411051
80800,0.467221,0.410907
80900,0.472481,0.410617
81000,0.468592,0.410657
81100,0.472281,0.410467
81200,0.474445,0.410474
81300,0.468891,0.409845
81400,0.481889,0.40881
81500,0.469868,0.407887
81600,0.470397,0.407475
81700,0.47865,0.407202
81800,0.470508,0.406918
81900,0.478846,0.406968
82000,0.47908,0.406593
82100,0.467551,0.406322
82200,0.479702,0.405867
82300,0.45572,0.405528
82400,0.471302,0.406271
82500,0.464612,0.407305
82600,0.478323,0.407694
82700,0.479072,0.407828
82800,0.449603,0.407693
82900,0.455163,0.407928
83000,0.480071,0.408082
83100,0.479304,0.408844
83200,0.48348,0.409716
83300,0.475319,0.410331
83400,0.472274,0.410439
83500,0.478322,0.410592
83600,0.469325,0.411034
83700,0.476366,0.411116
83800,0.475585,0.411832
83900,0.46849,0.41317
84000,0.467897,0.414069
84100,0.482154,0.415208
84200,0.485269,0.415928
84300,0.471883,0.417168
84400,0.474041,0.418346
84500,0.47792,0.419598
84600,0.466116,0.420354
84700,0.463643,0.421018
84800,0.473578,0.422345
84900,0.46955,0.423168
85000,0.467876,0.424895
85100,0.471134,0.426647
85200,0.479234,0.42781
85300,0.481766,0.429815
85400,0.48064,0.431511
85500,0.482691,0.432936
85600,0.490782,0.435225
85700,0.477301,0.437712
85800,0.465566,0.439632
85900,0.460167,0.440924
86000,0.464605,0.442325
86100,0.480002,0.44295
86200,0.486045,0.44327
86300,0.478755,0.443683
86400,0.489715,0.444117
86500,0.481845,0.444762
86600,0.490915,0.445035
86700,0.485372,0.445561
86800,0.472465,0.445565
86900,0.486286,0.446411
87000,0.487401,0.446779
87100,0.479008,0.445785
87200,0.491044,0.445531
87300,0.484062,0.444482
87400,0.49231,0.444732
87500,0.488098,0.443452
87600,0.467633,0.4417
87700,0.485948,0.440645
87800,0.481308,0.43925
87900,0.491348,0.438236
88000,0.485492,0.438057
88100,0.487059,0.437843
88200,0.473359,0.438717
88300,0.468659,0.438822
88400,0.479688,0.438247
88500,0.471492,0.43834
88600,0.483476,0.438109
88700,0.472498,0.437834
88800,0.470674,0.437854
88900,0.477164,0.437514
89000,0.466148,0.43722
89100,0.483941,0.43767
89200,0.48573,0.436984
89300,0.479118,0.43723
89400,0.481224,0.437038
89500,0.487203,0.436079
89600,0.480791,0.434908
89700,0.477618,0.434052
89800,0.472086,0.433094
89900,0.462068,0.432461
90000,0.483114,0.431191
90100,0.477687,0.430825
90200,0.479033,0.429516
90300,0.471451,0.428473
90400,0.473533,0.426922
90500,0.473406,0.425291
90600,0.471477,0.423247
90700,0.483179,0.421168
90800,0.465681,0.419421
90900,0.467875,0.416805
91000,0.462987,0.415204
91100,0.467114,0.413851
91200,0.474756,0.413035
91300,0.474946,0.411878
91400,0.456011,0.411103
91500,0.462763,0.409856
91600,0.451972,0.408659
91700,0.472341,0.408044
91800,0.48204,0.408255
91900,0.474727,0.408257
92000,0.475428,0.408512
92100,0.46123,0.407817
92200,0.476661,0.408359
92300,0.472011,0.407918
92400,0.47688,0.408469
92500,0.481321,0.408661
92600,0.474991,0.409036
92700,0.474158,0.409913
92800,0.475902,0.411337
92900,0.477242,0.412105
93000,0.475947,0.413974
93100,0.484702,0.415727
93200,0.483094,0.417507
93300,0.483973,0.419654
93400,0.460702,0.420601
93500,0.478599,0.422555
93600,0.472905,0.424341
93700,0.476153,0.425973
93800,0.439717,0.427413
93900,0.454485,0.428727
94000,0.445911,0.42974
94100,0.472997,0.430414
94200,0.452659,0.430988
94300,0.474316,0.430818
94400,0.485961,0.430284
94500,0.48097,0.429659
94600,0.483693,0.428111
94700,0.473562,0.427045
94800,0.482275,0.425518
94900,0.472761,0.423719
95000,0.480023,0.421894
95100,0.472989,0.419949
95200,0.484751,0.418158
95300,0.473902,0.415332
95400,0.467875,0.413031
95500,0.472812,0.410276
95600,0.471,0.408683
95700,0.469662,0.406618
95800,0.469544,0.404219
95900,0.470501,0.402932
96000,0.472783,0.402067
96100,0.468986,0.400835
96200,0.469386,0.400354
96300,0.470465,0.400422
96400,0.46307,0.400003
96500,0.474456,0.399901
96600,0.471983,0.399905
96700,0.456238,0.399868
96800,0.468196,0.399778
96900,0.471747,0.400056
97000,0.474728,0.400525
97100,0.470838,0.401028
97200,0.472151,0.40244
97300,0.47206,0.403503
97400,0.47115,0.405992
97500,0.480355,0.407869
97600,0.454285,0.409066
97700,0.465199,0.410667
97800,0.460671,0.410964
97900,0.456353,0.411255
98000,0.453695,0.411308
98100,0.473632,0.412397
98200,0.467276,0.412399
98300,0.469371,0.412485
98400,0.473051,0.412818
98500,0.463739,0.413528
98600,0.469686,0.413647
98700,0.468662,0.413346
98800,0.474811,0.412748
98900,0.476818,0.41198
99000,0.478394,0.411201
99100,0.481665,0.409595
99200,0.464105,0.408063
99300,0.46164,0.406462
99400,0.461567,0.404656
99500,0.472083,0.401891
99600,0.465161,0.400751
99700,0.467965,0.399395
99800,0.469772,0.397241
99900,0.461625,0.396287
