0,0.499999,0.499983
100,0.495266,0.499931
200,0.494932,0.500755
300,0.489177,0.501261
400,0.479556,0.501243
500,0.495092,0.502301
600,0.482917,0.503023
700,0.475878,0.502628
800,0.484388,0.502459
900,0.482967,0.502442
1000,0.473603,0.502973
1100,0.484083,0.5033
1200,0.483076,0.503621
1300,0.493231,0.503472
1400,0.498589,0.50373
1500,0.493249,0.504058
1600,0.482093,0.504769
1700,0.491559,0.505359
1800,0.495759,0.50635
1900,0.489398,0.506066
2000,0.496271,0.506734
2100,0.495737,0.506543
2200,0.493167,0.505948
2300,0.480072,0.505643
2400,0.486535,0.50425
2500,0.494301,0.504106
2600,0.458481,0.502889
2700,0.461092,0.502128
2800,0.497784,0.502085
2900,0.469949,0.501035
3000,0.473828,0.500203
3100,0.487387,0.498709
3200,0.490101,0.498224
3300,0.493312,0.496958
3400,0.492821,0.496461
3500,0.496648,0.494747
3600,0.481387,0.493592
3700,0.493887,0.493214
3800,0.491648,0.491969
3900,0.494678,0.491085
4000,0.493844,0.490222
4100,0.498264,0.489368
4200,0.493272,0.488412
4300,0.478408,0.486742
4400,0.49599,0.486048
4500,0.486018,0.484753
4600,0.494386,0.48342
4700,0.492373,0.482812
4800,0.485441,0.481923
4900,0.482392,0.481799
5000,0.486256,0.481264
5100,0.493081,0.480802
5200,0.490929,0.480283
5300,0.494705,0.480238
5400,0.490105,0.480492
5500,0.481784,0.480093
5600,0.460988,0.480334
5700,0.470071,0.480298
5800,0.467501,0.47955
5900,0.485605,0.480412
6000,0.49301,0.481292
6100,0.483395,0.4814
6200,0.491792,0.481318
6300,0.494279,0.481953
6400,0.495568,0.48183
6500,0.492846,0.482406
6600,0.488929,0.481534
6700,0.490404,0.481385
6800,0.490209,0.482332
6900,0.485432,0.483465
7000,0.468908,0.484686
7100,0.489148,0.486423
7200,0.476808,0.487141
7300,0.489673,0.487572
7400,0.492283,0.487898
7500,0.483785,0.488239
7600,0.483611,0.488828
7700,0.494357,0.489082
7800,0.489272,0.490057
7900,0.496689,0.491894
8000,0.493971,0.492648
8100,0.494475,0.49383
8200,0.495438,0.49554
8300,0.496849,0.497369
8400,0.495991,0.498227
8500,0.489684,0.499362
8600,0.472897,0.499706
8700,0.489562,0.499653
8800,0.494947,0.500451
8900,0.491558,0.500149
9000,0.481889,0.50096
9100,0.495481,0.501035
9200,0.487643,0.501071
9300,0.485619,0.500836
9400,0.497602,0.50087
9500,0.493846,0.501185
9600,0.49218,0.502181
9700,0.487592,0.50187
9800,0.494801,0.501968
9900,0.491676,0.503166
10000,0.486458,0.503377
10100,0.487306,0.504289
10200,0.493367,0.505332
10300,0.487364,0.506189
10400,0.490114,0.506913
10500,0.479455,0.508772
10600,0.490032,0.510132
10700,0.489301,0.510254
10800,0.482139,0.511869
10900,0.479944,0.512902
11000,0.496311,0.513389
11100,0.493856,0.514587
11200,0.492306,0.515687
11300,0.492887,0.516355
11400,0.483897,0.516113
11500,0.470821,0.516562
11600,0.497773,0.516281
11700,0.488726,0.516096
11800,0.476113,0.516089
11900,0.486934,0.516101
12000,0.475745,0.516144
12100,0.485771,0.515616
12200,0.488958,0.515178
12300,0.491802,0.515509
12400,0.498599,0.515587
12500,0.490721,0.516161
12600,0.491491,0.516031
12700,0.484966,0.516548
12800,0.491887,0.516085
12900,0.48851,0.516139
13000,0.471187,0.51604
13100,0.47712,0.515995
13200,0.468675,0.516318
13300,0.48763,0.51691
13400,0.496887,0.516481
13500,0.487533,0.516255
13600,0.490887,0.515822
13700,0.49447,0.515605
13800,0.489236,0.515608
13900,0.491625,0.515334
14000,0.489741,0.514815
14100,0.487538,0.514299
14200,0.47876,0.514615
14300,0.48809,0.513556
14400,0.473203,0.512649
14500,0.47072,0.512563
14600,0.47075,0.512308
14700,0.461557,0.511759
14800,0.476597,0.511617
14900,0.486645,0.512148
15000,0.489112,0.513196
15100,0.489864,0.513615
15200,0.483479,0.514746
15300,0.48799,0.516247
15400,0.494322,0.517986
15500,0.488555,0.519465
15600,0.494595,0.520983
15700,0.478689,0.522864
15800,0.491199,0.524958
15900,0.487574,0.526869
16000,0.486791,0.527975
16100,0.487017,0.528458
16200,0.49688,0.529017
16300,0.488071,0.530003
16400,0.472644,0.530984
16500,0.480383,0.531292
16600,0.477954,0.532342
16700,0.487935,0.532507
16800,0.478378,0.532533
16900,0.488768,0.532796
17000,0.485442,0.532582
17100,0.486856,0.53173
17200,0.492732,0.532101
17300,0.492009,0.532898
17400,0.495137,0.532567
17500,0.489033,0.53203
17600,0.488395,0.531531
17700,0.483088,0.530308
17800,0.473424,0.530208
17900,0.475586,0.529741
18000,0.487197,0.529229
18100,0.485005,0.529231
18200,0.469753,0.529867
18300,0.485994,0.530882
18400,0.489171,0.530583
18500,0.490668,0.530668
18600,0.482259,0.53033
18700,0.49468,0.530648
18800,0.475736,0.53151
18900,0.488865,0.532901
19000,0.490976,0.533817
19100,0.491384,0.534353
19200,0.488223,0.535461
19300,0.492394,0.537165
19400,0.492493,0.53955
19500,0.482485,0.541063
19600,0.490459,0.542831
19700,0.489841,0.543273
19800,0.492072,0.544206
19900,0.480846,0.544702
20000,0.495375,0.545438
20100,0.486361,0.546116
20200,0.480809,0.547544
20300,0.47954,0.548502
20400,0.482213,0.548288
20500,0.492349,0.547589
20600,0.487371,0.547201
20700,0.487197,0.547049
20800,0.48875,0.547443
20900,0.489794,0.548049
21000,0.491515,0.548063
21100,0.492579,0.548777
21200,0.472872,0.54875
21300,0.484009,0.548019
21400,0.483265,0.547293
21500,0.487073,0.546972
21600,0.487648,0.547902
21700,0.475865,0.548469
21800,0.455388,0.548992
21900,0.466639,0.54983
22000,0.467926,0.549645
22100,0.449902,0.55048
22200,0.453785,0.5506
22300,0.463704,0.551651
22400,0.46858,0.55259
22500,0.473475,0.553214
22600,0.475227,0.55475
22700,0.486929,0.554989
22800,0.482888,0.555897
22900,0.484461,0.556679
23000,0.489708,0.557714
23100,0.47037,0.55831
23200,0.478419,0.559431
23300,0.491825,0.560095
23400,0.474819,0.55983
23500,0.470629,0.559762
23600,0.477971,0.558991
23700,0.487061,0.557932
23800,0.47164,0.5571
23900,0.48842,0.555537
24000,0.492778,0.55411
24100,0.481645,0.55275
24200,0.47722,0.550399
24300,0.490311,0.548683
24400,0.48704,0.546388
24500,0.47492,0.543615
24600,0.472586,0.540773
24700,0.480445,0.538063
24800,0.46638,0.535142
24900,0.477373,0.531925
25000,0.483576,0.529416
25100,0.493069,0.526863
25200,0.48389,0.52455
25300,0.477804,0.521575
25400,0.48226,0.519871
25500,0.478872,0.518332
25600,0.485936,0.516049
25700,0.485337,0.513833
25800,0.490526,0.51223
25900,0.487199,0.510564
26000,0.493769,0.508996
26100,0.480341,0.507662
26200,0.480661,0.506583
26300,0.495389,0.504423
26400,0.478883,0.503645
26500,0.487232,0.502426
26600,0.488198,0.501145
26700,0.495545,0.500493
26800,0.483155,0.499676
26900,0.48909,0.499717
27000,0.493554,0.499266
27100,0.495632,0.49886
27200,0.495403,0.498727
27300,0.487741,0.498929
27400,0.483421,0.498458
27500,0.484421,0.498468
27600,0.490164,0.498427
27700,0.490364,0.498273
27800,0.46842,0.498392
27900,0.492769,0.49793
28000,0.486466,0.497478
28100,0.495326,0.497688
28200,0.489494,0.496993
28300,0.496682,0.496526
28400,0.480406,0.495241
28500,0.494929,0.4953
28600,0.496059,0.494752
28700,0.48843,0.495024
28800,0.478348,0.495121
28900,0.486977,0.494971
29000,0.496682,0.494671
29100,0.48377,0.494841
29200,0.496149,0.494294
29300,0.486943,0.493834
29400,0.489535,0.493913
29500,0.488168,0.494594
29600,0.493768,0.495152
29700,0.48894,0.49565
29800,0.475724,0.495668
29900,0.49259,0.496594
30000,0.48807,0.497099
30100,0.483639,0.497451
30200,0.490724,0.497861
30300,0.493962,0.498896
30400,0.49091,0.498666
30500,0.495024,0.499504
30600,0.495644,0.49971
30700,0.496184,0.498732
30800,0.489239,0.498875
30900,0.477966,0.499129
31000,0.486112,0.500475
31100,0.491985,0.500903
31200,0.497371,0.500279
31300,0.499131,0.500153
31400,0.486111,0.499687
31500,0.489643,0.499383
31600,0.481157,0.49857
31700,0.493866,0.498106
31800,0.493487,0.497974
31900,0.475996,0.497193
32000,0.474021,0.497712
32100,0.482065,0.498142
32200,0.493239,0.498911
32300,0.476738,0.49929
32400,0.488117,0.499602
32500,0.487185,0.500008
32600,0.494646,0.501502
32700,0.484542,0.501077
32800,0.492684,0.501052
32900,0.484929,0.502081
33000,0.490543,0.50303
33100,0.488169,0.503989
33200,0.495099,0.504789
33300,0.48156,0.505438
33400,0.480964,0.506119
33500,0.486255,0.507311
33600,0.482497,0.509069
33700,0.470724,0.510089
33800,0.489018,0.510105
33900,0.493427,0.510531
34000,0.492563,0.510362
34100,0.494184,0.509484
34200,0.489684,0.50883
34300,0.492371,0.508468
34400,0.489305,0.50838
34500,0.492284,0.507579
34600,0.492909,0.506769
34700,0.477008,0.506226
34800,0.489798,0.505943
34900,0.486938,0.505309
35000,0.49571,0.504704
35100,0.478614,0.503343
35200,0.488393,0.501985
35300,0.492664,0.50137
35400,0.497093,0.500963
35500,0.492114,0.500347
35600,0.472976,0.499643
35700,0.495793,0.498913
35800,0.48236,0.498568
35900,0.481,0.49805
36000,0.485568,0.498232
36100,0.486082,0.499034
36200,0.480779,0.500078
36300,0.489043,0.501127
36400,0.489692,0.502577
36500,0.493173,0.503769
36600,0.482837,0.504299
36700,0.492744,0.504701
36800,0.492873,0.506226
36900,0.493525,0.506793
37000,0.491279,0.507877
37100,0.493233,0.508712
37200,0.479376,0.509492
37300,0.494872,0.509523
37400,0.491097,0.51017
37500,0.494732,0.5112
37600,0.468497,0.512442
37700,0.463319,0.514089
37800,0.484214,0.515289
37900,0.473491,0.515105
38000,0.476204,0.51501
38100,0.491875,0.514767
38200,0.463311,0.514422
38300,0.467426,0.514452
38400,0.470211,0.515047
38500,0.482495,0.514944
38600,0.46453,0.515122
38700,0.48195,0.515847
38800,0.466863,0.517647
38900,0.489299,0.518771
39000,0.490701,0.520445
39100,0.485318,0.52238
39200,0.492567,0.524171
39300,0.489098,0.526192
39400,0.492415,0.528505
39500,0.492339,0.530949
39600,0.494121,0.533244
39700,0.486024,0.535304
39800,0.491154,0.537758
39900,0.482017,0.540286
40000,0.484616,0.543065
40100,0.484848,0.5466
40200,0.483114,0.54985
40300,0.478175,0.55301
40400,0.481461,0.556087
40500,0.468989,0.558779
40600,0.470123,0.560609
40700,0.489079,0.562255
40800,0.48268,0.563878
40900,0.482822,0.565336
41000,0.481577,0.566082
41100,0.478306,0.566586
41200,0.478119,0.566707
41300,0.477008,0.566963
41400,0.477137,0.566504
41500,0.466251,0.566065
41600,0.468565,0.565548
41700,0.483265,0.566316
41800,0.480385,0.565967
41900,0.487682,0.566288
42000,0.482961,0.567107
42100,0.484813,0.567409
42200,0.481651,0.566882
42300,0.476615,0.567575
42400,0.484448,0.568822
42500,0.481117,0.56847
42600,0.474363,0.568573
42700,0.469593,0.569121
42800,0.476708,0.570323
42900,0.476604,0.571554
43000,0.481244,0.572477
43100,0.473827,0.573405
43200,0.465363,0.573854
43300,0.475214,0.574669
43400,0.477273,0.575828
43500,0.468697,0.577142
43600,0.466871,0.577742
43700,0.479701,0.57891
43800,0.464197,0.579794
43900,0.477235,0.580871
44000,0.468612,0.581403
44100,0.478232,0.583176
44200,0.464653,0.58483
44300,0.481087,0.58734
44400,0.479049,0.58906
44500,0.462964,0.591367
44600,0.474992,0.593463
44700,0.463809,0.595607
44800,0.457438,0.598375
44900,0.467901,0.600319
45000,0.469767,0.602449
45100,0.463617,0.603735
45200,0.465654,0.60515
45300,0.471848,0.606608
45400,0.466257,0.608339
45500,0.466695,0.61052
45600,0.455625,0.61249
45700,0.459137,0.613428
45800,0.459603,0.614233
45900,0.445795,0.614824
46000,0.456598,0.615571
46100,0.461894,0.616689
46200,0.467672,0.617719
46300,0.467987,0.617923
46400,0.459857,0.618829
46500,0.470736,0.618873
46600,0.469642,0.618093
46700,0.463285,0.617869
46800,0.469359,0.618242
46900,0.46734,0.618543
47000,0.465442,0.618325
47100,0.462288,0.618956
47200,0.468037,0.620098
47300,0.455929,0.620694
47400,0.446094,0.620631
47500,0.460124,0.620367
47600,0.461845,0.620222
47700,0.456166,0.6194
47800,0.441275,0.619251
47900,0.463401,0.618887
48000,0.463055,0.618856
48100,0.467947,0.618449
48200,0.470121,0.617071
48300,0.456818,0.616137
48400,0.466945,0.614477
48500,0.462902,0.613953
48600,0.470017,0.613046
48700,0.467876,0.612026
48800,0.458287,0.611059
48900,0.457988,0.609333
49000,0.465103,0.608425
49100,0.45358,0.607308
49200,0.456739,0.606072
49300,0.463817,0.605026
49400,0.465464,0.603915
49500,0.466004,0.602337
49600,0.47198,0.601405
49700,0.477046,0.60078
49800,0.469088,0.600435
49900,0.449502,0.600784
50000,0.474818,0.600161
50100,0.477081,0.600031
50200,0.475802,0.598635
50300,0.467272,0.597988
50400,0.476668,0.596995
50500,0.455876,0.595896
50600,0.470543,0.595274
50700,0.454711,0.593219
50800,0.479889,0.592607
50900,0.480056,0.591632
51000,0.478208,0.590787
51100,0.477175,0.590292
51200,0.48155,0.590113
51300,0.467004,0.589814
51400,0.478654,0.588771
51500,0.479117,0.588651
51600,0.472117,0.587818
51700,0.474423,0.588425
51800,0.464232,0.587753
51900,0.449499,0.587827
52000,0.471312,0.587421
52100,0.483145,0.586987
52200,0.48351,0.58698
52300,0.472471,0.587165
52400,0.46523,0.587525
52500,0.480117,0.587738
52600,0.476661,0.589342
52700,0.466244,0.590911
52800,0.458975,0.591945
52900,0.456801,0.593011
53000,0.472504,0.593939
53100,0.479113,0.593613
53200,0.473596,0.594552
53300,0.458214,0.595963
53400,0.468146,0.596599
53500,0.465921,0.597281
53600,0.472983,0.597963
53700,0.463219,0.598683
53800,0.470479,0.599097
53900,0.481184,0.599144
54000,0.480767,0.599843
54100,0.476637,0.599614
54200,0.477869,0.59927
54300,0.477408,0.599082
54400,0.475331,0.598656
54500,0.467398,0.598204
54600,0.46195,0.59661
54700,0.470479,0.595548
54800,0.472727,0.593916
54900,0.463081,0.593431
55000,0.470282,0.592969
55100,0.475119,0.592402
55200,0.466178,0.592163
55300,0.458804,0.59152
55400,0.453003,0.590942
55500,0.474651,0.5909
55600,0.46271,0.590653
55700,0.474968,0.591952
55800,0.477041,0.592729
55900,0.470124,0.593573
56000,0.465462,0.593784
56100,0.4728,0.594507
56200,0.459038,0.594874
56300,0.467857,0.596369
56400,0.478586,0.597634
56500,0.473465,0.598573
56600,0.471429,0.599001
56700,0.470285,0.59943
56800,0.472663,0.600173
56900,0.475074,0.601306
57000,0.471518,0.601498
57100,0.476372,0.60152
57200,0.465266,0.602127
57300,0.460351,0.603558
57400,0.464847,0.604943
57500,0.45756,0.606131
57600,0.43901,0.607099
57700,0.450757,0.608055
57800,0.469357,0.60878
57900,0.469921,0.609165
58000,0.471679,0.609532
58100,0.458854,0.610037
58200,0.453766,0.610573
58300,0.464342,0.610795
58400,0.464792,0.61162
58500,0.466474,0.612684
58600,0.458218,0.61349
58700,0.465695,0.613931
58800,0.463277,0.613971
58900,0.457303,0.613701
59000,0.453657,0.614148
59100,0.467512,0.614322
59200,0.470536,0.614825
59300,0.453691,0.615326
59400,0.461528,0.616113
59500,0.4572,0.616951
59600,0.447792,0.618603
59700,0.443252,0.62001
59800,0.462669,0.620404
59900,0.457949,0.620867
60000,0.457373,0.620132
60100,0.464104,0.62004
60200,0.471957,0.62017
60300,0.467927,0.619793
60400,0.464644,0.620192
60500,0.471159,0.619764
60600,0.455273,0.619172
60700,0.451556,0.618855
60800,0.469274,0.619508
60900,0.46384,0.619792
61000,0.459423,0.620083
61100,0.457524,0.621008
61200,0.454342,0.621098
61300,0.460004,0.621521
61400,0.460003,0.621327
61500,0.453542,0.622432
61600,0.46275,0.623554
61700,0.467311,0.624233
61800,0.462986,0.624835
61900,0.456501,0.625218
62000,0.458239,0.62546
62100,0.442591,0.62637
62200,0.459235,0.62642
62300,0.453321,0.626952
62400,0.458108,0.626705
62500,0.455498,0.627014
62600,0.466466,0.627314
62700,0.439429,0.627727
62800,0.44806,0.627421
62900,0.46507,0.627676
63000,0.45795,0.627386
63100,0.464674,0.627249
63200,0.467053,0.62716
63300,0.461118,0.626944
63400,0.464043,0.625923
63500,0.453762,0.625602
63600,0.457196,0.624554
63700,0.446926,0.624441
63800,0.446653,0.62427
63900,0.450072,0.624087
64000,0.444995,0.624402
64100,0.463443,0.624368
64200,0.462088,0.624921
64300,0.459195,0.625316
64400,0.458629,0.625616
64500,0.459616,0.625526
64600,0.464473,0.625722
64700,0.457871,0.624901
64800,0.460785,0.62487
64900,0.460786,0.624212
65000,0.467332,0.623622
65100,0.458618,0.623191
65200,0.456424,0.622536
65300,0.45626,0.621718
65400,0.460752,0.622066
65500,0.465632,0.621178
65600,0.46206,0.620949
65700,0.452252,0.621523
65800,0.454891,0.621396
65900,0.449512,0.621779
66000,0.452411,0.621402
66100,0.449783,0.621513
66200,0.456467,0.621325
66300,0.4497,0.621695
66400,0.445598,0.622563
66500,0.444734,0.622748
66600,0.451018,0.623686
66700,0.446435,0.624839
66800,0.455007,0.625729
66900,0.45647,0.627106
67000,0.453163,0.627542
67100,0.458848,0.62861
67200,0.444559,0.629597
67300,0.457476,0.629932
67400,0.441881,0.630801
67500,0.442489,0.631576
67600,0.440842,0.632343
67700,0.441526,0.633348
67800,0.437502,0.633714
67900,0.454339,0.634103
68000,0.434967,0.635046
68100,0.44298,0.636985
68200,0.452565,0.638332
68300,0.45738,0.639905
68400,0.438748,0.640159
68500,0.43982,0.640097
68600,0.441391,0.639179
68700,0.447029,0.638304
68800,0.444258,0.638369
68900,0.441975,0.638133
69000,0.444689,0.638241
69100,0.444799,0.638361
69200,0.446174,0.638748
69300,0.433172,0.63904
69400,0.431379,0.639288
69500,0.44076,0.639621
69600,0.443019,0.640011
69700,0.445567,0.640506
69800,0.445983,0.640908
69900,0.448413,0.641786
70000,0.457589,0.641806
70100,0.452847,0.641627
70200,0.454323,0.642508
70300,0.453651,0.644008
70400,0.449634,0.644841
70500,0.450756,0.646315
70600,0.450143,0.645697
70700,0.438509,0.646129
70800,0.441335,0.646096
70900,0.443467,0.645956
71000,0.441455,0.645111
71100,0.456837,0.644028
71200,0.45035,0.642689
71300,0.455397,0.642185
71400,0.440208,0.64095
71500,0.440975,0.640161
71600,0.439796,0.638709
71700,0.450445,0.637169
71800,0.453339,0.636717
71900,0.455486,0.636331
72000,0.446143,0.635213
72100,0.462976,0.634925
72200,0.453724,0.633321
72300,0.461649,0.633393
72400,0.460489,0.632489
72500,0.451355,0.632064
72600,0.458486,0.631726
72700,0.450375,0.631109
72800,0.465226,0.630254
72900,0.46458,0.629883
73000,0.452954,0.629381
73100,0.448085,0.630007
73200,0.439014,0.630549
73300,0.439501,0.630853
73400,0.458759,0.632186
73500,0.449491,0.633068
73600,0.455442,0.634014
73700,0.454781,0.635326
73800,0.442314,0.636539
73900,0.442142,0.637633
74000,0.452995,0.638722
74100,0.450624,0.640413
74200,0.452835,0.641581
74300,0.444006,0.643203
74400,0.44253,0.644642
74500,0.45087,0.645031
74600,0.435312,0.646533
74700,0.45028,0.647237
74800,0.451133,0.647999
74900,0.448471,0.649065
75000,0.433391,0.650066
75100,0.445555,0.650575
75200,0.434914,0.652441
75300,0.447058,0.653123
75400,0.443053,0.653361
75500,0.446647,0.654022
75600,0.446237,0.655243
75700,0.436776,0.656524
75800,0.445305,0.656515
75900,0.425022,0.658146
76000,0.4406,0.65991
76100,0.433902,0.661037
76200,0.44306,0.662616
76300,0.445615,0.664583
76400,0.444928,0.666697
76500,0.433487,0.668741
76600,0.440264,0.670844
76700,0.430063,0.672741
76800,0.43455,0.674618
76900,0.429435,0.675995
77000,0.422928,0.678336
77100,0.422261,0.67985
77200,0.415759,0.680996
77300,0.425377,0.682558
77400,0.422075,0.684391
77500,0.414976,0.685897
77600,0.42166,0.686108
77700,0.418301,0.686344
77800,0.421416,0.686189
77900,0.422833,0.687167
78000,0.415342,0.686068
78100,0.407228,0.685538
78200,0.427576,0.684652
78300,0.423842,0.683879
78400,0.428842,0.682844
78500,0.418497,0.683459
78600,0.415239,0.683167
78700,0.423897,0.683204
78800,0.427921,0.683294
78900,0.422678,0.682871
79000,0.427715,0.682582
79100,0.422791,0.6822
79200,0.426497,0.682135
79300,0.431708,0.681845
79400,0.428564,0.681971
79500,0.417464,0.682235
79600,0.419731,0.683018
79700,0.411105,0.683671
79800,0.417058,0.684746
79900,0.430329,0.685574
80000,0.419273,0.686019
80100,0.411371,0.685915
80200,0.41281,0.685521
80300,0.410537,0.685344
80400,0.417906,0.685059
80500,0.424496,0.684496
80600,0.432635,0.683756
80700,0.426306,0.682898
80800,0.433018,0.682155
80900,0.431828,0.681827
81000,0.425684,0.680858
81100,0.414321,0.679476
81200,0.415375,0.678818
81300,0.420485,0.677994
81400,0.432042,0.677459
81500,0.439329,0.676682
81600,0.424663,0.675755
81700,0.433338,0.674138
81800,0.42741,0.672659
81900,0.438441,0.671921
82000,0.427264,0.670426
82100,0.436915,0.66872
82200,0.439458,0.666399
82300,0.443336,0.665314
82400,0.435266,0.664131
82500,0.432897,0.662611
82600,0.427917,0.661306
82700,0.441019,0.659368
82800,0.437899,0.657479
82900,0.426802,0.655954
83000,0.430804,0.654057
83100,0.424385,0.652705
83200,0.436568,0.651075
83300,0.433822,0.649736
83400,0.450373,0.647139
83500,0.445455,0.646578
83600,0.452797,0.645153
83700,0.444546,0.644595
83800,0.450991,0.643809
83900,0.434573,0.64289
84000,0.440783,0.642735
84100,0.449607,0.643228
84200,0.45016,0.644395
84300,0.454814,0.644847
84400,0.431585,0.645083
84500,0.441252,0.645714
84600,0.447455,0.647222
84700,0.440123,0.648268
84800,0.437061,0.649439
84900,0.445112,0.650472
85000,0.423543,0.651962
85100,0.430976,0.653973
85200,0.427049,0.656055
85300,0.428974,0.657441
85400,0.432457,0.660038
85500,0.42195,0.662309
85600,0.427509,0.664046
85700,0.412703,0.665831
85800,0.408588,0.668312
85900,0.417373,0.670955
86000,0.414689,0.673522
86100,0.429291,0.67605
86200,0.432464,0.677337
86300,0.424484,0.679232
86400,0.422916,0.68149
86500,0.404013,0.683658
86600,0.405007,0.685621
86700,0.411835,0.687567
86800,0.398382,0.690425
86900,0.407049,0.692765
87000,0.421891,0.695032
87100,0.412534,0.696989
87200,0.418876,0.698732
87300,0.400059,0.699614
87400,0.408837,0.700682
87500,0.404618,0.702646
87600,0.413469,0.703714
87700,0.415071,0.704461
87800,0.414102,0.705546
87900,0.413751,0.706075
88000,0.408047,0.707766
88100,0.403279,0.708325
88200,0.397804,0.707566
88300,0.411751,0.707052
88400,0.414659,0.707223
88500,0.405101,0.707253
88600,0.414069,0.706096
88700,0.406172,0.706311
88800,0.393798,0.706093
88900,0.403995,0.705454
89000,0.403281,0.704593
89100,0.402646,0.704666
89200,0.392755,0.704702
89300,0.38786,0.704784
89400,0.404034,0.705515
89500,0.40433,0.706604
89600,0.402885,0.707573
89700,0.395919,0.707749
89800,0.400633,0.707662
89900,0.40186,0.708262
90000,0.408235,0.708333
90100,0.408366,0.708689
90200,0.409098,0.708793
90300,0.405262,0.708758
90400,0.41056,0.708411
90500,0.405882,0.708505
90600,0.388466,0.7086
90700,0.39781,0.708119
90800,0.408284,0.707929
90900,0.404387,0.708656
91000,0.405283,0.708766
91100,0.403678,0.70962
91200,0.410634,0.709936
91300,0.393812,0.710349
91400,0.401043,0.711475
91500,0.396603,0.712606
91600,0.407973,0.713301
91700,0.392553,0.71352
91800,0.397725,0.713895
91900,0.410856,0.713255
92000,0.406312,0.713204
92100,0.394636,0.713556
92200,0.394507,0.71377
92300,0.404845,0.714387
92400,0.395455,0.715161
92500,0.400985,0.71574
92600,0.40008,0.715517
92700,0.390246,0.715894
92800,0.385923,0.715084
92900,0.394038,0.714798
93000,0.392513,0.714171
93100,0.395297,0.713752
93200,0.383802,0.713057
93300,0.392803,0.712142
93400,0.395518,0.711531
93500,0.392812,0.711053
93600,0.406811,0.710419
93700,0.407153,0.709905
93800,0.405159,0.709758
93900,0.405202,0.709967
94000,0.39938,0.710324
94100,0.40183,0.71063
94200,0.388762,0.711196
94300,0.403084,0.710267
94400,0.409338,0.709311
94500,0.413254,0.708773
94600,0.407471,0.707762
94700,0.414292,0.706713
94800,0.408516,0.705927
94900,0.418107,0.705433
95000,0.392387,0.704498
95100,0.401962,0.703566
95200,0.411414,0.703007
95300,0.408989,0.702341
95400,0.408297,0.702299
95500,0.397986,0.70131
95600,0.395189,0.700877
95700,0.385845,0.70037
95800,0.367016,0.699487
95900,0.394619,0.699009
96000,0.394543,0.698376
96100,0.401145,0.698799
96200,0.397875,0.698506
96300,0.39994,0.698831
96400,0.420608,0.699162
96500,0.411982,0.699953
96600,0.406815,0.700831
96700,0.398286,0.701271
96800,0.40084,0.702727
96900,0.398727,0.704254
97000,0.398211,0.706183
97100,0.390526,0.706982
97200,0.400631,0.708614
97300,0.403768,0.709941
97400,0.397756,0.711304
97500,0.399521,0.712905
97600,0.389458,0.713891
97700,0.384677,0.714228
97800,0.384589,0.715075
97900,0.404289,0.715951
98000,0.401164,0.71675
98100,0.403384,0.71731
98200,0.398368,0.717121
98300,0.382047,0.716572
98400,0.390313,0.716671
98500,0.387604,0.716605
98600,0.404384,0.717396
98700,0.404339,0.717568
98800,0.398973,0.71734
98900,0.40479,0.717102
99000,0.400514,0.715939
99100,0.390129,0.71542
99200,0.403244,0.714295
99300,0.403767,0.71292
99400,0.399883,0.711505
99500,0.400884,0.710437
99600,0.398346,0.709704
99700,0.408479,0.709209
99800,0.404849,0.708988
99900,0.412808,0.707693
