0,0.499999,0.499989
100,0.494654,0.499429
200,0.497997,0.498905
300,0.486606,0.499944
400,0.494408,0.499716
500,0.48051,0.499552
600,0.482519,0.499218
700,0.479011,0.499672
800,0.476222,0.499412
900,0.478401,0.499083
1000,0.488196,0.498799
1100,0.48902,0.499233
1200,0.495671,0.499227
1300,0.489273,0.498708
1400,0.493808,0.497178
1500,0.491665,0.496809
1600,0.477861,0.495952
1700,0.469682,0.495069
1800,0.484193,0.494007
1900,0.485265,0.49278
2000,0.482969,0.491435
2100,0.489642,0.489627
2200,0.491684,0.487995
2300,0.480836,0.486269
2400,0.49672,0.48436
2500,0.493983,0.482864
2600,0.479456,0.481228
2700,0.484795,0.479695
2800,0.475219,0.478222
2900,0.468058,0.476201
3000,0.467765,0.475368
3100,0.474718,0.473472
3200,0.488913,0.471708
3300,0.494862,0.47108
3400,0.487652,0.470702
3500,0.495274,0.470167
3600,0.485866,0.470197
3700,0.494033,0.470898
3800,0.492771,0.470932
3900,0.489242,0.471861
4000,0.479068,0.472956
4100,0.483276,0.475007
4200,0.474915,0.477852
4300,0.486888,0.480882
4400,0.484596,0.483564
4500,0.47166,0.486667
4600,0.479504,0.490596
4700,0.481146,0.494416
4800,0.484574,0.497965
4900,0.488314,0.501939
5000,0.493593,0.504957
5100,0.491858,0.50872
5200,0.486247,0.511765
5300,0.483847,0.513874
5400,0.492202,0.51594
5500,0.479524,0.517582
5600,0.479518,0.519089
5700,0.486851,0.520604
5800,0.486664,0.522421
5900,0.489253,0.523113
6000,0.48913,0.524384
6100,0.484351,0.525329
6200,0.48228,0.525874
6300,0.487588,0.526184
6400,0.488208,0.526547
6500,0.486514,0.526336
6600,0.474441,0.525107
6700,0.488127,0.524401
6800,0.490983,0.523443
6900,0.479486,0.523088
7000,0.492289,0.521794
7100,0.491289,0.520059
7200,0.482756,0.518951
7300,0.488526,0.518368
7400,0.490034,0.517554
7500,0.493769,0.516889
7600,0.491774,0.516131
7700,0.491725,0.51535
7800,0.487767,0.514399
7900,0.494999,0.5144
8000,0.488457,0.51375
8100,0.493427,0.513486
8200,0.480781,0.51314
8300,0.488229,0.513115
8400,0.470872,0.513294
8500,0.471016,0.513324
8600,0.46579,0.513759
8700,0.459992,0.51411
8800,0.47279,0.514329
8900,0.452576,0.514008
9000,0.455429,0.512963
9100,0.461492,0.511786
9200,0.461359,0.509623
9300,0.472308,0.507196
9400,0.465087,0.503812
9500,0.468038,0.500348
9600,0.449966,0.497245
9700,0.467624,0.492805
9800,0.462674,0.487615
9900,0.458558,0.482332
10000,0.471816,0.475884
10100,0.4511,0.469319
10200,0.453711,0.463538
10300,0.469255,0.456611
10400,0.470793,0.449249
10500,0.477243,0.441907
10600,0.458373,0.434189
10700,0.462674,0.426316
10800,0.471664,0.418029
10900,0.462945,0.409405
11000,0.454032,0.401324
11100,0.459932,0.393461
11200,0.444586,0.385525
11300,0.448616,0.378611
11400,0.443008,0.371517
11500,0.425068,0.364903
11600,0.432416,0.357702
11700,0.432679,0.35151
11800,0.430333,0.345547
11900,0.429301,0.339669
12000,0.430887,0.33452
12100,0.434431,0.330275
12200,0.434861,0.325939
12300,0.436732,0.322468
12400,0.435222,0.319724
12500,0.433112,0.317949
12600,0.418963,0.31755
12700,0.438319,0.317934
12800,0.430328,0.318325
12900,0.439691,0.319732
13000,0.427771,0.321965
13100,0.430877,0.325097
13200,0.436385,0.328419
13300,0.436391,0.331917
13400,0.423754,0.335097
13500,0.430797,0.338656
13600,0.433252,0.340794
13700,0.415944,0.343417
13800,0.40744,0.345369
13900,0.431184,0.348227
14000,0.433536,0.350943
14100,0.436832,0.353363
14200,0.429319,0.355585
14300,0.419744,0.357877
14400,0.430362,0.358968
14500,0.438983,0.359714
14600,0.437964,0.36008
14700,0.436581,0.359452
14800,0.428243,0.357845
14900,0.430153,0.356821
15000,0.444163,0.355306
15100,0.420204,0.352878
15200,0.427818,0.350556
15300,0.417242,0.348316
15400,0.436931,0.345409
15500,0.409648,0.342787
15600,0.399294,0.340456
15700,0.399866,0.337195
15800,0.420305,0.334055
15900,0.421019,0.330816
16000,0.404872,0.328103
16100,0.390924,0.326027
16200,0.378117,0.323484
16300,0.37258,0.321096
16400,0.383793,0.318519
16500,0.378677,0.317434
16600,0.381531,0.316353
16700,0.374903,0.315205
16800,0.367285,0.313464
16900,0.373651,0.311717
17000,0.367945,0.310213
17100,0.353256,0.308365
17200,0.357801,0.305211
17300,0.348322,0.301333
17400,0.353739,0.296456
17500,0.342452,0.290954
17600,0.345948,0.284815
17700,0.337411,0.277684
17800,0.34808,0.269679
17900,0.322616,0.261268
18000,0.310924,0.25231
18100,0.298046,0.243258
18200,0.291595,0.2334
18300,0.279298,0.223163
18400,0.279194,0.212732
18500,0.273527,0.20319
18600,0.278933,0.193374
18700,0.252452,0.182993
18800,0.234498,0.173173
18900,0.222702,0.163168
19000,0.217409,0.153582
19100,0.216297,0.144081
19200,0.2042,0.134669
19300,0.199977,0.126669
19400,0.19356,0.119237
19500,0.183728,0.11308
19600,0.172304,0.107449
19700,0.164301,0.102699
19800,0.160343,0.0987553
19900,0.160866,0.0951871
20000,0.158345,0.0925555
20100,0.152488,0.0901445
20200,0.167947,0.0886035
20300,0.174968,0.0870705
20400,0.1839,0.0864268
20500,0.181452,0.0861245
20600,0.173552,0.0861479
20700,0.171168,0.0865105
20800,0.184101,0.0872613
20900,0.181264,0.0887934
21000,0.162393,0.0904395
21100,0.165079,0.092371
21200,0.168349,0.0950051
21300,0.172381,0.0968659
21400,0.175381,0.0989376
21500,0.178175,0.101187
21600,0.180633,0.103061
21700,0.177191,0.105457
21800,0.176668,0.107513
21900,0.183507,0.109636
22000,0.175458,0.111479
22100,0.174789,0.113698
22200,0.181723,0.114911
22300,0.18499,0.116417
22400,0.190794,0.117441
22500,0.199182,0.117568
22600,0.187386,0.117364
22700,0.205595,0.117441
22800,0.201991,0.11636
22900,0.195273,0.115695
23000,0.193164,0.114861
23100,0.18493,0.113573
23200,0.181229,0.112483
23300,0.179413,0.110529
23400,0.1781,0.108701
23500,0.173719,0.107576
23600,0.179272,0.105283
23700,0.174502,0.103235
23800,0.176031,0.100965
23900,0.16693,0.0988099
24000,0.170825,0.0970819
24100,0.166327,0.0951638
24200,0.159348,0.093262
24300,0.162074,0.0918413
24400,0.147467,0.0904019
24500,0.146986,0.0894746
24600,0.146372,0.0888937
24700,0.145935,0.0875827
24800,0.144754,0.0865929
24900,0.145338,0.0859959
25000,0.143135,0.085071
25100,0.14203,0.0845384
25200,0.141731,0.0837541
25300,0.140554,0.0832401
25400,0.13778,0.082683
25500,0.14255,0.081955
25600,0.14809,0.0815716
25700,0.147102,0.081097
25800,0.137991,0.0811847
25900,0.150024,0.0811018
26000,0.152934,0.0811736
26100,0.137454,0.0807662
26200,0.138789,0.0800698
26300,0.143541,0.0797341
26400,0.13852,0.0794279
26500,0.13292,0.0792078
26600,0.139154,0.079164
26700,0.145954,0.0786138
26800,0.15425,0.078647
26900,0.144079,0.0788586
27000,0.141037,0.078979
27100,0.149737,0.0790521
27200,0.153316,0.079346
27300,0.146787,0.0796255
27400,0.150759,0.0797649
27500,0.150532,0.0794946
27600,0.153213,0.0791861
27700,0.147786,0.0790412
27800,0.158341,0.0792184
27900,0.168635,0.0795437
28000,0.159604,0.0794668
28100,0.16691,0.0798396
28200,0.162544,0.0804458
28300,0.163359,0.0811615
28400,0.172263,0.0814499
28500,0.159175,0.0823741
28600,0.154456,0.0833238
28700,0.150958,0.0844984
28800,0.147596,0.0853837
28900,0.155909,0.0867795
29000,0.159854,0.0882539
29100,0.160347,0.089513
29200,0.154927,0.0910392
29300,0.157154,0.0922387
29400,0.15875,0.093682
29500,0.160167,0.0954357
29600,0.165156,0.0969633
29700,0.158268,0.0982971
29800,0.168106,0.100068
29900,0.169847,0.101256
30000,0.170022,0.102403
30100,0.163547,0.103647
30200,0.16661,0.105185
30300,0.173941,0.106596
30400,0.176128,0.107739
30500,0.183443,0.108683
30600,0.191012,0.1097
30700,0.189502,0.110496
30800,0.207084,0.110977
30900,0.208784,0.111225
31000,0.191551,0.110828
31100,0.19337,0.110333
31200,0.193756,0.110187
31300,0.18663,0.109817
31400,0.197941,0.109502
31500,0.211396,0.108979
31600,0.211565,0.108806
31700,0.21516,0.108784
31800,0.21754,0.109672
31900,0.212072,0.110302
32000,0.21798,0.111036
32100,0.206965,0.112004
32200,0.223835,0.112905
32300,0.226248,0.114398
32400,0.222973,0.116112
32500,0.228877,0.118676
32600,0.232826,0.120376
32700,0.238425,0.122914
32800,0.243295,0.126083
32900,0.238034,0.129311
33000,0.248278,0.133583
33100,0.268147,0.138157
33200,0.269972,0.142667
33300,0.27699,0.14806
33400,0.281475,0.153566
33500,0.282597,0.15906
33600,0.288177,0.164903
33700,0.292404,0.170245
33800,0.313252,0.176465
33900,0.316519,0.182392
34000,0.321044,0.187928
34100,0.316707,0.194065
34200,0.320847,0.1999
34300,0.330197,0.205591
34400,0.343423,0.211827
34500,0.350355,0.217812
34600,0.353917,0.223262
34700,0.357463,0.229326
34800,0.361852,0.234119
34900,0.371534,0.23899
35000,0.374712,0.243663
35100,0.383492,0.247916
35200,0.383894,0.252774
35300,0.379275,0.257224
35400,0.383581,0.260482
35500,0.38671,0.264751
35600,0.395132,0.268708
35700,0.394278,0.272709
35800,0.395251,0.276335
35900,0.407127,0.27955
36000,0.406477,0.282079
36100,0.405855,0.285472
36200,0.40205,0.288496
36300,0.399275,0.291335
36400,0.389095,0.293528
36500,0.392204,0.295574
36600,0.381365,0.29729
36700,0.389149,0.299146
36800,0.392225,0.300855
36900,0.391131,0.301923
37000,0.403613,0.302866
37100,0.39536,0.303492
37200,0.380452,0.303748
37300,0.384584,0.303154
37400,0.385844,0.302567
37500,0.390829,0.301248
37600,0.374436,0.299528
37700,0.378073,0.296844
37800,0.379811,0.294534
37900,0.372948,0.291534
38000,0.364139,0.287681
38100,0.362583,0.283641
38200,0.351445,0.278662
38300,0.344032,0.27413
38400,0.346119,0.268847
38500,0.342793,0.263843
38600,0.330851,0.258191
38700,0.320732,0.252501
38800,0.320589,0.245694
38900,0.310846,0.239441
39000,0.314737,0.233336
39100,0.315013,0.22698
39200,0.312386,0.220272
39300,0.304015,0.214134
39400,0.295106,0.207767
39500,0.301384,0.201212
39600,0.286978,0.194861
39700,0.281734,0.189268
39800,0.274814,0.184732
39900,0.258029,0.18046
40000,0.257171,0.176374
40100,0.250502,0.172555
40200,0.243139,0.168373
40300,0.239294,0.163963
40400,0.234795,0.160069
40500,0.233102,0.155982
40600,0.223078,0.151866
40700,0.222155,0.148474
40800,0.217252,0.145432
40900,0.209784,0.142183
41000,0.206162,0.139029
41100,0.194556,0.136359
41200,0.200201,0.133704
41300,0.194784,0.130813
41400,0.193347,0.128015
41500,0.187119,0.125182
41600,0.184315,0.122698
41700,0.178421,0.11998
41800,0.175294,0.117205
41900,0.17427,0.114466
42000,0.169132,0.111995
42100,0.17112,0.109779
42200,0.166532,0.106677
42300,0.15994,0.104292
42400,0.155393,0.101609
42500,0.145982,0.0981773
42600,0.146388,0.0952315
42700,0.142868,0.0920208
42800,0.140889,0.088937
42900,0.130801,0.0855274
43000,0.128486,0.082421
43100,0.1239,0.0791482
43200,0.119998,0.0759593
43300,0.110912,0.0730478
43400,0.107865,0.0700439
43500,0.100721,0.066753
43600,0.0985826,0.0638428
43700,0.0950463,0.060639
43800,0.0906679,0.0579223
43900,0.0864618,0.0549104
44000,0.0817737,0.0518279
44100,0.0794362,0.0490538
44200,0.0739079,0.0461518
44300,0.0689239,0.0434381
44400,0.0644376,0.0407164
44500,0.0621046,0.0385024
44600,0.056962,0.0361557
44700,0.0534324,0.0339221
44800,0.0510841,0.0319162
44900,0.0487781,0.0301347
45000,0.0461033,0.0284539
45100,0.0444138,0.0267979
45200,0.0439419,0.0255769
45300,0.0415033,0.0243821
45400,0.0390158,0.0231795
45500,0.0376772,0.0221396
45600,0.0369303,0.0209415
45700,0.0436449,0.0199576
45800,0.0348032,0.0189555
45900,0.033546,0.0182767
46000,0.0304526,0.01749
46100,0.0295656,0.0166973
46200,0.0288576,0.0159813
46300,0.0302521,0.0152901
46400,0.0256605,0.0146138
46500,0.0253792,0.0143797
46600,0.0238084,0.0139201
46700,0.0237518,0.0134477
46800,0.0216776,0.0129809
46900,0.0214367,0.0126791
47000,0.0203526,0.0121657
47100,0.0199729,0.0119533
47200,0.0197508,0.0115495
47300,0.0189211,0.0113015
47400,0.0183472,0.0110323
47500,0.0179243,0.0106512
47600,0.017622,0.010449
47700,0.0172838,0.0102282
47800,0.0166606,0.00992178
47900,0.0161771,0.00957062
48000,0.016277,0.00940138
48100,0.0145852,0.00901492
48200,0.0139934,0.0085416
48300,0.0136064,0.00803916
48400,0.0129063,0.00755593
48500,0.0124598,0.00718622
48600,0.0113268,0.00681426
48700,0.0106356,0.00648102
48800,0.00973748,0.00606492
48900,0.00943054,0.00577892
49000,0.00885506,0.00544958
49100,0.00832709,0.00511233
49200,0.00791595,0.0049194
49300,0.00724929,0.00467549
49400,0.00656683,0.00434487
49500,0.00628794,0.00400454
49600,0.00615774,0.00381741
49700,0.00600975,0.00357177
49800,0.00551616,0.00338099
49900,0.00531423,0.00322845
50000,0.00492231,0.00296518
50100,0.00525781,0.00283314
50200,0.00496006,0.00267729
50300,0.00446106,0.00249195
50400,0.00394429,0.00228762
50500,0.00374436,0.00218456
50600,0.00368635,0.00213083
50700,0.00367306,0.00206158
50800,0.00352647,0.00199248
50900,0.00340904,0.00197513
51000,0.00328995,0.00199106
51100,0.00330627,0.00193526
51200,0.00299599,0.00189725
51300,0.00292172,0.00189742
51400,0.00291489,0.00187705
51500,0.00288645,0.00186978
51600,0.00296575,0.00190174
51700,0.00297924,0.00190431
51800,0.00294925,0.00186879
51900,0.00287137,0.00183949
52000,0.00281778,0.00182311
52100,0.00276802,0.00179498
52200,0.00254426,0.0016808
52300,0.00249594,0.00163101
52400,0.0023389,0.00156152
52500,0.00223273,0.00150425
52600,0.00217333,0.00140873
52700,0.0019108,0.00125187
52800,0.00178246,0.00113585
52900,0.00158548,0.00099419
53000,0.00133877,0.000851329
53100,0.00113928,0.000723147
53200,0.000947973,0.000591327
53300,0.000758048,0.000478034
53400,0.000634858,0.000397956
53500,0.000577277,0.000353933
53600,0.000455926,0.000290112
53700,0.00038911,0.000242305
53800,0.000293261,0.000183493
53900,0.000257172,0.00015832
54000,0.000221262,0.000137733
54100,0.000192427,0.000118568
54200,0.000163744,0.00010206
54300,0.00011757,7.25155e-05
54400,9.48587e-05,5.88363e-05
54500,6.66528e-05,4.13551e-05
54600,5.13234e-05,3.20148e-05
54700,3.29689e-05,2.0545e-05
54800,2.06759e-05,1.28991e-05
54900,1.85594e-05,1.16883e-05
55000,9.2681e-06,5.74771e-06
55100,3.13653e-06,1.9139e-06
55200,8.28717e-07,5.00154e-07
55300,0,0
55400,0,0
55500,0,0
55600,0,0
55700,0,0
55800,0,0
55900,0,0
56000,0,0
56100,0,0
56200,0,0
56300,0,0
56400,0,0
56500,0,0
56600,0,0
56700,0,0
56800,0,0
56900,0,0
57000,0,0
57100,0,0
57200,0,0
57300,0,0
57400,0,0
57500,0,0
57600,0,0
57700,0,0
57800,0,0
57900,0,0
58000,0,0
58100,0,0
58200,0,0
58300,0,0
58400,0,0
58500,0,0
58600,0,0
58700,0,0
58800,0,0
58900,0,0
59000,0,0
59100,0,0
59200,0,0
59300,0,0
59400,0,0
59500,0,0
59600,0,0
59700,0,0
59800,0,0
59900,0,0
60000,0,0
60100,0,0
60200,0,0
60300,0,0
60400,0,0
60500,0,0
60600,0,0
60700,0,0
60800,0,0
60900,0,0
61000,0,0
61100,0,0
61200,0,0
61300,0,0
61400,0,0
61500,0,0
61600,0,0
61700,0,0
61800,0,0
61900,0,0
62000,0,0
62100,0,0
62200,0,0
62300,0,0
62400,0,0
62500,0,0
62600,0,0
62700,0,0
62800,0,0
62900,0,0
63000,0,0
63100,0,0
63200,0,0
63300,0,0
63400,0,0
63500,0,0
63600,0,0
63700,0,0
63800,0,0
63900,0,0
64000,0,0
64100,0,0
64200,0,0
64300,0,0
64400,0,0
64500,0,0
64600,0,0
64700,0,0
64800,0,0
64900,0,0
65000,0,0
65100,0,0
65200,0,0
65300,0,0
65400,0,0
65500,0,0
65600,0,0
65700,0,0
65800,0,0
65900,0,0
66000,0,0
66100,0,0
66200,0,0
66300,0,0
66400,0,0
66500,0,0
66600,0,0
66700,0,0
66800,0,0
66900,0,0
67000,0,0
67100,0,0
67200,0,0
67300,0,0
67400,0,0
67500,0,0
67600,0,0
67700,0,0
67800,0,0
67900,0,0
68000,0,0
68100,0,0
68200,0,0
68300,0,0
68400,0,0
68500,0,0
68600,0,0
68700,0,0
68800,0,0
68900,0,0
69000,0,0
69100,0,0
69200,0,0
69300,0,0
69400,0,0
69500,0,0
69600,0,0
69700,0,0
69800,0,0
69900,0,0
70000,0,0
70100,0,0
70200,0,0
70300,0,0
70400,0,0
70500,0,0
70600,0,0
70700,0,0
70800,0,0
70900,0,0
71000,0,0
71100,0,0
71200,0,0
71300,0,0
71400,0,0
71500,0,0
71600,0,0
71700,0,0
71800,0,0
71900,0,0
72000,0,0
72100,0,0
72200,0,0
72300,0,0
72400,0,0
72500,0,0
72600,0,0
72700,0,0
72800,0,0
72900,0,0
73000,0,0
73100,0,0
73200,0,0
73300,0,0
73400,0,0
73500,0,0
73600,0,0
73700,0,0
73800,0,0
73900,0,0
74000,0,0
74100,0,0
74200,0,0
74300,0,0
74400,0,0
74500,0,0
74600,0,0
74700,0,0
74800,0,0
74900,0,0
75000,0,0
75100,0,0
75200,0,0
75300,0,0
75400,0,0
75500,0,0
75600,0,0
75700,0,0
75800,0,0
75900,0,0
76000,0,0
76100,0,0
76200,0,0
76300,0,0
76400,0,0
76500,0,0
76600,0,0
76700,0,0
76800,0,0
76900,0,0
77000,0,0
77100,0,0
77200,0,0
77300,0,0
77400,0,0
77500,0,0
77600,0,0
77700,0,0
77800,0,0
77900,0,0
78000,0,0
78100,0,0
78200,0,0
78300,0,0
78400,0,0
78500,0,0
78600,0,0
78700,0,0
78800,0,0
78900,0,0
79000,0,0
79100,0,0
79200,0,0
79300,0,0
79400,0,0
79500,0,0
79600,0,0
79700,0,0
79800,0,0
79900,0,0
80000,0,0
80100,0,0
80200,0,0
80300,0,0
80400,0,0
80500,0,0
80600,0,0
80700,0,0
80800,0,0
80900,0,0
81000,0,0
81100,0,0
81200,0,0
81300,0,0
81400,0,0
81500,0,0
81600,0,0
81700,0,0
81800,0,0
81900,0,0
82000,0,0
82100,0,0
82200,0,0
82300,0,0
82400,0,0
82500,0,0
82600,0,0
82700,0,0
82800,0,0
82900,0,0
83000,0,0
83100,0,0
83200,0,0
83300,0,0
83400,0,0
83500,0,0
83600,0,0
83700,0,0
83800,0,0
83900,0,0
84000,0,0
84100,0,0
84200,0,0
84300,0,0
84400,0,0
84500,0,0
84600,0,0
84700,0,0
84800,0,0
84900,0,0
85000,0,0
85100,0,0
85200,0,0
85300,0,0
85400,0,0
85500,0,0
85600,0,0
85700,0,0
85800,0,0
85900,0,0
86000,0,0
86100,0,0
86200,0,0
86300,0,0
86400,0,0
86500,0,0
86600,0,0
86700,0,0
86800,0,0
86900,0,0
87000,0,0
87100,0,0
87200,0,0
87300,0,0
87400,0,0
87500,0,0
87600,0,0
87700,0,0
87800,0,0
87900,0,0
88000,0,0
88100,0,0
88200,0,0
88300,0,0
88400,0,0
88500,0,0
88600,0,0
88700,0,0
88800,0,0
88900,0,0
89000,0,0
89100,0,0
89200,0,0
89300,0,0
89400,0,0
89500,0,0
89600,0,0
89700,0,0
89800,0,0
89900,0,0
90000,0,0
90100,0,0
90200,0,0
90300,0,0
90400,0,0
90500,0,0
90600,0,0
90700,0,0
90800,0,0
90900,0,0
91000,0,0
91100,0,0
91200,0,0
91300,0,0
91400,0,0
91500,0,0
91600,0,0
91700,0,0
91800,0,0
91900,0,0
92000,0,0
92100,0,0
92200,0,0
92300,0,0
92400,0,0
92500,0,0
92600,0,0
92700,0,0
92800,0,0
92900,0,0
93000,0,0
93100,0,0
93200,0,0
93300,0,0
93400,0,0
93500,0,0
93600,0,0
93700,0,0
93800,0,0
93900,0,0
94000,0,0
94100,0,0
94200,0,0
94300,0,0
94400,0,0
94500,0,0
94600,0,0
94700,0,0
94800,0,0
94900,0,0
95000,0,0
95100,0,0
95200,0,0
95300,0,0
95400,0,0
95500,0,0
95600,0,0
95700,0,0
95800,0,0
95900,0,0
96000,0,0
96100,0,0
96200,0,0
96300,0,0
96400,0,0
96500,0,0
96600,0,0
96700,0,0
96800,0,0
96900,0,0
97000,0,0
97100,0,0
97200,0,0
97300,0,0
97400,0,0
97500,0,0
97600,0,0
97700,0,0
97800,0,0
97900,0,0
98000,0,0
98100,0,0
98200,0,0
98300,0,0
98400,0,0
98500,0,0
98600,0,0
98700,0,0
98800,0,0
98900,0,0
99000,0,0
99100,0,0
99200,0,0
99300,0,0
99400,0,0
99500,0,0
99600,0,0
99700,0,0
99800,0,0
99900,0,0
