0,0.499919,0.499918
10,0.49919,0.501639
20,0.498063,0.50379
30,0.495929,0.504807
40,0.495798,0.507875
50,0.4955,0.506989
60,0.494437,0.506424
70,0.495577,0.506645
80,0.492668,0.506181
90,0.491685,0.507735
100,0.494622,0.508179
110,0.492313,0.508408
120,0.481784,0.507101
130,0.493476,0.506861
140,0.495964,0.507263
150,0.487899,0.507237
160,0.495562,0.506453
170,0.494097,0.505874
180,0.493805,0.505959
190,0.488543,0.507521
200,0.489674,0.507761
210,0.492875,0.509875
220,0.487651,0.510464
230,0.491651,0.510026
240,0.486554,0.511552
250,0.476045,0.512019
260,0.477167,0.51408
270,0.481436,0.51428
280,0.480485,0.513183
290,0.479738,0.513915
300,0.481492,0.516062
310,0.487236,0.517009
320,0.492022,0.518385
330,0.48842,0.519521
340,0.475625,0.519033
350,0.478466,0.516981
360,0.475828,0.51961
370,0.477994,0.521834
380,0.48207,0.522073
390,0.483216,0.523553
400,0.487143,0.524484
410,0.490683,0.52774
420,0.491211,0.527676
430,0.485853,0.526009
440,0.485414,0.5256
450,0.479427,0.525597
460,0.48137,0.525601
470,0.47415,0.52542
480,0.475993,0.526632
490,0.47487,0.526897
500,0.477876,0.52878
510,0.475053,0.52849
520,0.467729,0.529214
530,0.46929,0.529354
540,0.466693,0.530382
550,0.463237,0.529029
560,0.459327,0.528192
570,0.466275,0.528262
580,0.454287,0.530281
590,0.467446,0.532434
600,0.475177,0.533862
610,0.481993,0.535193
620,0.485025,0.535191
630,0.474529,0.537898
640,0.485399,0.537527
650,0.486744,0.538741
660,0.482078,0.540893
670,0.48742,0.541707
680,0.485782,0.541158
690,0.474339,0.53944
700,0.474171,0.539881
710,0.477176,0.540565
720,0.479912,0.540289
730,0.48234,0.540234
740,0.482882,0.540642
750,0.481032,0.539608
760,0.483966,0.538551
770,0.486203,0.537117
780,0.478879,0.536665
790,0.480155,0.537041
800,0.484628,0.536463
810,0.485298,0.536721
820,0.486253,0.537747
830,0.485223,0.538708
840,0.486254,0.5375
850,0.482931,0.538793
860,0.486934,0.540097
870,0.487832,0.540172
880,0.482304,0.539717
890,0.48493,0.540128
900,0.486696,0.539147
910,0.486035,0.538579
920,0.484673,0.539931
930,0.485404,0.539952
940,0.479204,0.540695
950,0.480543,0.538497
960,0.469084,0.539654
970,0.47765,0.542492
980,0.47285,0.543293
990,0.477032,0.543911
1000,0.474599,0.544338
1010,0.472079,0.544554
1020,0.473743,0.544648
1030,0.479484,0.544373
1040,0.48187,0.546158
1050,0.479687,0.547921
1060,0.479619,0.548585
1070,0.480987,0.549879
1080,0.478461,0.549106
1090,0.481059,0.549622
1100,0.479368,0.549444
1110,0.462869,0.548703
1120,0.462216,0.547793
1130,0.472304,0.546854
1140,0.470217,0.547073
1150,0.471394,0.548408
1160,0.488233,0.549209
1170,0.484979,0.548534
1180,0.484623,0.547678
1190,0.475126,0.548214
1200,0.482647,0.548797
1210,0.466573,0.549526
1220,0.48908,0.551799
1230,0.47928,0.549311
1240,0.48707,0.55082
1250,0.480459,0.551491
1260,0.490163,0.551728
1270,0.488496,0.55282
1280,0.48319,0.551801
1290,0.488861,0.552608
1300,0.485244,0.553125
1310,0.481884,0.551527
1320,0.489648,0.550042
1330,0.48615,0.551249
1340,0.485139,0.553502
1350,0.487246,0.553999
1360,0.487052,0.553287
1370,0.472298,0.554325
1380,0.468974,0.554638
1390,0.46304,0.555344
1400,0.459702,0.555987
1410,0.457683,0.556186
1420,0.452682,0.55732
1430,0.462222,0.557994
1440,0.465064,0.557592
1450,0.47469,0.558868
1460,0.468213,0.55982
1470,0.472367,0.558784
1480,0.462034,0.56116
1490,0.456795,0.561413
1500,0.450611,0.560333
1510,0.452507,0.563103
1520,0.454028,0.56599
1530,0.453706,0.565448
1540,0.452796,0.565654
1550,0.455849,0.563867
1560,0.454854,0.564182
1570,0.450832,0.564035
1580,0.449424,0.565028
1590,0.446024,0.564541
1600,0.44045,0.564446
1610,0.4497,0.564762
1620,0.448279,0.565665
1630,0.457082,0.564169
1640,0.455441,0.564999
1650,0.449656,0.564802
1660,0.448048,0.564663
1670,0.450894,0.565821
1680,0.444625,0.567647
1690,0.440151,0.56824
1700,0.443956,0.567974
1710,0.437748,0.568684
1720,0.433682,0.569834
1730,0.434975,0.570626
1740,0.436184,0.571659
1750,0.439721,0.573221
1760,0.442151,0.57351
1770,0.440824,0.575552
1780,0.439678,0.576311
1790,0.430187,0.578383
1800,0.432664,0.576781
1810,0.436649,0.577513
1820,0.431003,0.57671
1830,0.424325,0.577629
1840,0.422242,0.578527
1850,0.429047,0.57948
1860,0.431268,0.581943
1870,0.433727,0.585134
1880,0.432559,0.583522
1890,0.431553,0.584268
1900,0.426073,0.587687
1910,0.419849,0.588346
1920,0.417145,0.590521
1930,0.426427,0.590117
1940,0.425652,0.589167
1950,0.425219,0.588766
1960,0.42052,0.589748
1970,0.420111,0.590764
1980,0.413368,0.590768
1990,0.4226,0.589376
2000,0.423241,0.590028
2010,0.425997,0.593149
2020,0.417559,0.595403
2030,0.416476,0.597319
2040,0.413264,0.598781
2050,0.409893,0.602075
2060,0.408016,0.604527
2070,0.410085,0.606241
2080,0.404016,0.607743
2090,0.403638,0.608986
2100,0.402107,0.607915
2110,0.40094,0.610949
2120,0.401116,0.610061
2130,0.394496,0.610033
2140,0.393255,0.609855
2150,0.390766,0.610209
2160,0.389528,0.612386
2170,0.383168,0.61568
2180,0.378568,0.617453
2190,0.376562,0.619716
2200,0.369153,0.621144
2210,0.369671,0.621019
2220,0.365262,0.621018
2230,0.362818,0.623034
2240,0.367163,0.623353
2250,0.366779,0.625522
2260,0.363467,0.626564
2270,0.360653,0.628727
2280,0.360914,0.628891
2290,0.359339,0.629163
2300,0.355189,0.630838
2310,0.357925,0.631523
2320,0.356462,0.634926
2330,0.351948,0.638129
2340,0.347423,0.639673
2350,0.340926,0.640028
2360,0.341566,0.642745
2370,0.339609,0.64252
2380,0.347131,0.642746
2390,0.345432,0.644234
2400,0.346523,0.646715
2410,0.346924,0.648644
2420,0.34383,0.650431
2430,0.342126,0.65416
2440,0.337532,0.654819
2450,0.33655,0.657209
2460,0.335471,0.660101
2470,0.335853,0.660262
2480,0.333478,0.660795
2490,0.329304,0.661666
2500,0.330722,0.661247
2510,0.33169,0.663585
2520,0.328307,0.666849
2530,0.32586,0.665342
2540,0.328342,0.667444
2550,0.324849,0.667288
2560,0.324022,0.669307
2570,0.325082,0.671342
2580,0.324674,0.673279
2590,0.31736,0.674186
2600,0.315227,0.675742
2610,0.315797,0.677774
2620,0.314104,0.680271
2630,0.312905,0.684052
2640,0.312404,0.682728
2650,0.308301,0.686034
2660,0.303446,0.688649
2670,0.299083,0.69194
2680,0.301726,0.693447
2690,0.296747,0.694858
2700,0.296649,0.69704
2710,0.29319,0.698895
2720,0.290455,0.70058
2730,0.287835,0.704449
2740,0.285642,0.705968
2750,0.280502,0.708786
2760,0.283754,0.707155
2770,0.280702,0.711573
2780,0.278397,0.716097
2790,0.273562,0.72036
2800,0.272677,0.723408
2810,0.272485,0.726825
2820,0.275375,0.727783
2830,0.276529,0.729483
2840,0.274348,0.730924
2850,0.270294,0.732628
2860,0.270682,0.735138
2870,0.268122,0.738703
2880,0.266,0.740417
2890,0.260681,0.742828
2900,0.258162,0.746132
2910,0.254617,0.749625
2920,0.254551,0.753283
2930,0.254728,0.755692
2940,0.251145,0.758436
2950,0.254463,0.760879
2960,0.25412,0.763573
2970,0.250915,0.76541
2980,0.252823,0.7658
2990,0.250091,0.766731
3000,0.247141,0.768029
3010,0.247331,0.770452
3020,0.240195,0.773468
3030,0.241032,0.776295
3040,0.23535,0.777771
3050,0.235733,0.781729
3060,0.237683,0.783377
3070,0.233339,0.785033
3080,0.232011,0.7883
3090,0.229168,0.790684
3100,0.227914,0.791971
3110,0.227585,0.794824
3120,0.2259,0.797751
3130,0.220151,0.800415
3140,0.219844,0.802748
3150,0.217202,0.803858
3160,0.212502,0.806279
3170,0.212427,0.81048
3180,0.206376,0.814162
3190,0.206318,0.813847
3200,0.203467,0.816256
3210,0.200521,0.817627
3220,0.199825,0.819142
3230,0.198498,0.820475
3240,0.196447,0.823451
3250,0.192924,0.825983
3260,0.191637,0.829076
3270,0.188445,0.832365
3280,0.182464,0.83474
3290,0.183064,0.834711
3300,0.182321,0.834291
3310,0.179306,0.836106
3320,0.179856,0.837525
3330,0.178013,0.838856
3340,0.177019,0.840053
3350,0.177593,0.840791
3360,0.173892,0.843349
3370,0.169057,0.84588
3380,0.170084,0.847672
3390,0.169083,0.849134
3400,0.168092,0.850217
3410,0.16534,0.852258
3420,0.165253,0.853325
3430,0.163255,0.855217
3440,0.162467,0.856418
3450,0.163657,0.856587
3460,0.160169,0.858157
3470,0.155154,0.862055
3480,0.154005,0.864041
3490,0.154055,0.865801
3500,0.150551,0.868655
3510,0.150657,0.869602
3520,0.148468,0.871863
3530,0.146575,0.871778
3540,0.146068,0.874822
3550,0.14381,0.876828
3560,0.141294,0.879475
3570,0.141191,0.880507
3580,0.138854,0.882226
3590,0.135816,0.884806
3600,0.133202,0.887247
3610,0.134359,0.886022
3620,0.132729,0.886624
3630,0.129353,0.88894
3640,0.130234,0.888113
3650,0.12917,0.889968
3660,0.128065,0.891594
3670,0.125523,0.893373
3680,0.124827,0.89397
3690,0.124374,0.89506
3700,0.11971,0.897712
3710,0.117668,0.89839
3720,0.115418,0.902542
3730,0.112059,0.90591
3740,0.107913,0.908553
3750,0.107816,0.908905
3760,0.104761,0.911729
3770,0.102288,0.915062
3780,0.100822,0.916528
3790,0.0963125,0.919452
3800,0.0966655,0.919386
3810,0.0942219,0.921929
3820,0.0911853,0.924869
3830,0.0903825,0.926954
3840,0.0894412,0.927393
3850,0.08691,0.929818
3860,0.083795,0.932452
3870,0.0844016,0.931674
3880,0.0822926,0.934491
3890,0.0805652,0.936883
3900,0.078506,0.938968
3910,0.0787693,0.939083
3920,0.0760204,0.941634
3930,0.0740362,0.944021
3940,0.0708456,0.946255
3950,0.0704829,0.947373
3960,0.0679171,0.94929
3970,0.0647678,0.952102
3980,0.0628315,0.953169
3990,0.0630346,0.953388
4000,0.0609337,0.95532
4010,0.0587958,0.956876
4020,0.0576254,0.958065
4030,0.0578365,0.958473
4040,0.0557398,0.960223
4050,0.0542029,0.961545
4060,0.0525527,0.962671
4070,0.0521285,0.963014
4080,0.0507137,0.963614
4090,0.0498224,0.964538
4100,0.0475124,0.966066
4110,0.0469116,0.966691
4120,0.0453452,0.96834
4130,0.0436849,0.96896
4140,0.0412772,0.970885
4150,0.0405981,0.972024
4160,0.0400722,0.97206
4170,0.0392583,0.973202
4180,0.0386419,0.973635
4190,0.0393648,0.972743
4200,0.0401372,0.972859
4210,0.0392088,0.973285
4220,0.0394307,0.973121
4230,0.0376628,0.974046
4240,0.0366773,0.974964
4250,0.0345703,0.976044
4260,0.0335863,0.976886
4270,0.0324915,0.977712
4280,0.0312618,0.978572
4290,0.0311307,0.979083
4300,0.0310259,0.979427
4310,0.0307334,0.979682
4320,0.0297879,0.980212
4330,0.0276944,0.981545
4340,0.0259869,0.98265
4350,0.0258928,0.982759
4360,0.024638,0.983635
4370,0.0231826,0.984725
4380,0.0220099,0.985424
4390,0.0217373,0.98594
4400,0.0203256,0.987005
4410,0.0197545,0.987296
4420,0.0188818,0.987845
4430,0.0185906,0.987981
4440,0.0181345,0.988408
4450,0.0175963,0.988666
4460,0.0167016,0.989073
4470,0.0153423,0.989903
4480,0.0154483,0.989878
4490,0.0153945,0.989868
4500,0.0142387,0.990513
4510,0.015094,0.990064
4520,0.0139329,0.990996
4530,0.0136263,0.991207
4540,0.013382,0.991393
4550,0.0128531,0.99177
4560,0.0121094,0.992362
4570,0.0120388,0.992354
4580,0.0114762,0.992782
4590,0.0110734,0.992969
4600,0.0113501,0.992815
4610,0.0109118,0.993127
4620,0.0102909,0.99352
4630,0.0109188,0.993112
4640,0.010321,0.9934
4650,0.0101824,0.993578
4660,0.0100047,0.993667
4670,0.00978006,0.993832
4680,0.00932688,0.994189
4690,0.00908258,0.994345
4700,0.00846258,0.994693
4710,0.00858831,0.994692
4720,0.00791759,0.995082
4730,0.00749577,0.995361
4740,0.007107,0.995574
4750,0.00689175,0.995663
4760,0.00630126,0.996047
4770,0.00571305,0.996419
4780,0.00577175,0.996412
4790,0.00570707,0.996459
4800,0.00550289,0.996587
4810,0.00541218,0.996634
4820,0.00538037,0.996691
4830,0.00484898,0.996966
4840,0.00442725,0.997256
4850,0.00452584,0.99719
4860,0.0043434,0.997329
4870,0.00436102,0.997301
4880,0.00398434,0.997558
4890,0.00408748,0.997499
4900,0.00407692,0.997497
4910,0.00379402,0.997668
4920,0.00377826,0.997671
4930,0.00381327,0.997671
4940,0.00372835,0.997705
4950,0.00358888,0.997787
4960,0.00369533,0.9977
4970,0.00372607,0.997686
4980,0.00365575,0.997725
4990,0.00306406,0.998093
5000,0.00302899,0.998113
5010,0.00285151,0.998219
5020,0.00279281,0.99825
5030,0.00275571,0.998275
5040,0.00274581,0.998275
5050,0.00273192,0.998278
5060,0.00266537,0.998329
5070,0.0025421,0.998384
5080,0.00238248,0.9985
5090,0.00232372,0.998577
5100,0.00225476,0.998607
5110,0.00220987,0.99864
5120,0.00207549,0.998718
5130,0.00202959,0.998751
5140,0.00176259,0.998937
5150,0.00145155,0.999114
5160,0.00139214,0.999158
5170,0.00116501,0.999291
5180,0.00114299,0.999308
5190,0.00116749,0.999292
5200,0.00110102,0.999329
5210,0.00112979,0.999311
5220,0.000867443,0.999474
5230,0.000766754,0.999532
5240,0.000598496,0.999635
5250,0.000470756,0.999709
5260,0.000442006,0.999729
5270,0.000369991,0.999774
5280,0.000409269,0.999752
5290,0.000432337,0.999732
5300,0.000392719,0.999753
5310,0.000429292,0.999734
5320,0.000431495,0.999736
5330,0.00023328,0.999857
5340,0.000329736,0.999798
5350,0.000343308,0.999791
5360,0.000333176,0.999794
5370,0.000262922,0.999837
5380,0.000212414,0.999869
5390,0.000199382,0.999879
5400,0.000220134,0.999865
5410,0.000246852,0.999851
5420,0.000177262,0.999893
5430,8.09706e-05,0.999951
5440,0.000116437,0.99993
5450,0.000154955,0.999907
5460,0.000122624,0.999926
5470,0.000159193,0.999905
5480,0.000145555,0.999912
5490,0.000152313,0.999907
5500,8.1665e-05,0.99995
5510,9.59922e-05,0.999942
5520,7.36429e-05,0.999956
5530,0.000101545,0.99994
5540,8.93079e-05,0.999947
5550,8.10312e-05,0.999951
5560,7.50495e-05,0.999954
5570,0.000107579,0.999935
5580,8.05641e-05,0.999951
5590,0.00014395,0.999912
5600,0.000107576,0.999935
5610,0.000100382,0.999938
5620,5.6477e-05,0.999965
5630,4.32173e-05,0.999973
5640,4.04058e-05,0.999975
5650,0.000102019,0.999936
5660,5.43048e-05,0.999966
5670,8.51532e-05,0.999948
5680,5.35114e-05,0.999967
5690,6.00493e-05,0.999963
5700,2.07579e-05,0.999987
5710,4.7271e-05,0.999971
5720,1.82737e-05,0.999989
5730,4.29865e-05,0.999973
5740,4.57237e-05,0.999971
5750,6.73222e-05,0.999958
5760,2.82467e-05,0.999983
5770,3.47617e-05,0.999979
5780,9.83268e-06,0.999994
5790,1.42014e-05,0.999991
5800,1.85706e-05,0.999989
5810,4.49995e-05,0.999973
5820,2.74471e-05,0.999983
5830,1.42797e-05,0.999991
5840,0,1
5850,0,1
5860,0,1
5870,0,1
5880,0,1
5890,0,1
5900,0,1
5910,0,1
5920,0,1
5930,0,1
5940,0,1
5950,0,1
5960,0,1
5970,0,1
5980,0,1
5990,0,1
6000,0,1
6010,0,1
6020,0,1
6030,0,1
6040,0,1
6050,0,1
6060,0,1
6070,0,1
6080,0,1
6090,0,1
6100,0,1
6110,0,1
6120,0,1
6130,0,1
6140,0,1
6150,0,1
6160,0,1
6170,0,1
6180,0,1
6190,0,1
6200,0,1
6210,0,1
6220,0,1
6230,0,1
6240,0,1
6250,0,1
6260,0,1
6270,0,1
6280,0,1
6290,0,1
6300,0,1
6310,0,1
6320,0,1
6330,0,1
6340,0,1
6350,0,1
6360,0,1
6370,0,1
6380,0,1
6390,0,1
6400,0,1
6410,0,1
6420,0,1
6430,0,1
6440,0,1
6450,0,1
6460,0,1
6470,0,1
6480,0,1
6490,0,1
6500,0,1
6510,0,1
6520,0,1
6530,0,1
6540,0,1
6550,0,1
6560,0,1
6570,0,1
6580,0,1
6590,0,1
6600,0,1
6610,0,1
6620,0,1
6630,0,1
6640,0,1
6650,0,1
6660,0,1
6670,0,1
6680,0,1
6690,0,1
6700,0,1
6710,0,1
6720,0,1
6730,0,1
6740,0,1
6750,0,1
6760,0,1
6770,0,1
6780,0,1
6790,0,1
6800,0,1
6810,0,1
6820,0,1
6830,0,1
6840,0,1
6850,0,1
6860,0,1
6870,0,1
6880,0,1
6890,0,1
6900,0,1
6910,0,1
6920,0,1
6930,0,1
6940,0,1
6950,0,1
6960,0,1
6970,0,1
6980,0,1
6990,0,1
7000,0,1
7010,0,1
7020,0,1
7030,0,1
7040,0,1
7050,0,1
7060,0,1
7070,0,1
7080,0,1
7090,0,1
7100,0,1
7110,0,1
7120,0,1
7130,0,1
7140,0,1
7150,0,1
7160,0,1
7170,0,1
7180,0,1
7190,0,1
7200,0,1
7210,0,1
7220,0,1
7230,0,1
7240,0,1
7250,0,1
7260,0,1
7270,0,1
7280,0,1
7290,0,1
7300,0,1
7310,0,1
7320,0,1
7330,0,1
7340,0,1
7350,0,1
7360,0,1
7370,0,1
7380,0,1
7390,0,1
7400,0,1
7410,0,1
7420,0,1
7430,0,1
7440,0,1
7450,0,1
7460,0,1
7470,0,1
7480,0,1
7490,0,1
7500,0,1
7510,0,1
7520,0,1
7530,0,1
7540,0,1
7550,0,1
7560,0,1
7570,0,1
7580,0,1
7590,0,1
7600,0,1
7610,0,1
7620,0,1
7630,0,1
7640,0,1
7650,0,1
7660,0,1
7670,0,1
7680,0,1
7690,0,1
7700,0,1
7710,0,1
7720,0,1
7730,0,1
7740,0,1
7750,0,1
7760,0,1
7770,0,1
7780,0,1
7790,0,1
7800,0,1
7810,0,1
7820,0,1
7830,0,1
7840,0,1
7850,0,1
7860,0,1
7870,0,1
7880,0,1
7890,0,1
7900,0,1
7910,0,1
7920,0,1
7930,0,1
7940,0,1
7950,0,1
7960,0,1
7970,0,1
7980,0,1
7990,0,1
8000,0,1
8010,0,1
8020,0,1
8030,0,1
8040,0,1
8050,0,1
8060,0,1
8070,0,1
8080,0,1
8090,0,1
8100,0,1
8110,0,1
8120,0,1
8130,0,1
8140,0,1
8150,0,1
8160,0,1
8170,0,1
8180,0,1
8190,0,1
8200,0,1
8210,0,1
8220,0,1
8230,0,1
8240,0,1
8250,0,1
8260,0,1
8270,0,1
8280,0,1
8290,0,1
8300,0,1
8310,0,1
8320,0,1
8330,0,1
8340,0,1
8350,0,1
8360,0,1
8370,0,1
8380,0,1
8390,0,1
8400,0,1
8410,0,1
8420,0,1
8430,0,1
8440,0,1
8450,0,1
8460,0,1
8470,0,1
8480,0,1
8490,0,1
8500,0,1
8510,0,1
8520,0,1
8530,0,1
8540,0,1
8550,0,1
8560,0,1
8570,0,1
8580,0,1
8590,0,1
8600,0,1
8610,0,1
8620,0,1
8630,0,1
8640,0,1
8650,0,1
8660,0,1
8670,0,1
8680,0,1
8690,0,1
8700,0,1
8710,0,1
8720,0,1
8730,0,1
8740,0,1
8750,0,1
8760,0,1
8770,0,1
8780,0,1
8790,0,1
8800,0,1
8810,0,1
8820,0,1
8830,0,1
8840,0,1
8850,0,1
8860,0,1
8870,0,1
8880,0,1
8890,0,1
8900,0,1
8910,0,1
8920,0,1
8930,0,1
8940,0,1
8950,0,1
8960,0,1
8970,0,1
8980,0,1
8990,0,1
9000,0,1
9010,0,1
9020,0,1
9030,0,1
9040,0,1
9050,0,1
9060,0,1
9070,0,1
9080,0,1
9090,0,1
9100,0,1
9110,0,1
9120,0,1
9130,0,1
9140,0,1
9150,0,1
9160,0,1
9170,0,1
9180,0,1
9190,0,1
9200,0,1
9210,0,1
9220,0,1
9230,0,1
9240,0,1
9250,0,1
9260,0,1
9270,0,1
9280,0,1
9290,0,1
9300,0,1
9310,0,1
9320,0,1
9330,0,1
9340,0,1
9350,0,1
9360,0,1
9370,0,1
9380,0,1
9390,0,1
9400,0,1
9410,0,1
9420,0,1
9430,0,1
9440,0,1
9450,0,1
9460,0,1
9470,0,1
9480,0,1
9490,0,1
9500,0,1
9510,0,1
9520,0,1
9530,0,1
9540,0,1
9550,0,1
9560,0,1
9570,0,1
9580,0,1
9590,0,1
9600,0,1
9610,0,1
9620,0,1
9630,0,1
9640,0,1
9650,0,1
9660,0,1
9670,0,1
9680,0,1
9690,0,1
9700,0,1
9710,0,1
9720,0,1
9730,0,1
9740,0,1
9750,0,1
9760,0,1
9770,0,1
9780,0,1
9790,0,1
9800,0,1
9810,0,1
9820,0,1
9830,0,1
9840,0,1
9850,0,1
9860,0,1
9870,0,1
9880,0,1
9890,0,1
9900,0,1
9910,0,1
9920,0,1
9930,0,1
9940,0,1
9950,0,1
9960,0,1
9970,0,1
9980,0,1
9990,0,1
