0,0.499999,0.499892
100,0.498102,0.49966
200,0.493989,0.499364
300,0.490413,0.49953
400,0.493353,0.49996
500,0.49543,0.500544
600,0.484796,0.501233
700,0.483523,0.50219
800,0.489268,0.502668
900,0.480183,0.503821
1000,0.466322,0.50472
1100,0.475536,0.506177
1200,0.478636,0.507327
1300,0.472419,0.508793
1400,0.487477,0.510138
1500,0.491868,0.512146
1600,0.493542,0.514393
1700,0.488262,0.515577
1800,0.495772,0.516885
1900,0.486539,0.518369
2000,0.495997,0.51987
2100,0.48006,0.520908
2200,0.487421,0.521552
2300,0.48414,0.523134
2400,0.486856,0.524169
2500,0.497561,0.524993
2600,0.487079,0.525386
2700,0.488799,0.526053
2800,0.485926,0.526261
2900,0.48916,0.526617
3000,0.486747,0.527553
3100,0.491776,0.528345
3200,0.474885,0.528787
3300,0.477904,0.528324
3400,0.482121,0.528899
3500,0.487861,0.529696
3600,0.491213,0.529963
3700,0.487127,0.529821
3800,0.482018,0.530181
3900,0.478696,0.530749
4000,0.483654,0.530642
4100,0.488455,0.530553
4200,0.48322,0.530378
4300,0.487351,0.530926
4400,0.493415,0.53112
4500,0.484265,0.53078
4600,0.475302,0.530719
4700,0.481035,0.53047
4800,0.489997,0.529709
4900,0.489414,0.528429
5000,0.472567,0.527679
5100,0.488773,0.527228
5200,0.483743,0.525831
5300,0.483847,0.525535
5400,0.478541,0.527305
5500,0.48474,0.528253
5600,0.490632,0.529742
5700,0.489488,0.531096
5800,0.490687,0.532746
5900,0.481612,0.53521
6000,0.459333,0.537388
6100,0.476591,0.539688
6200,0.495913,0.540672
6300,0.490295,0.542856
6400,0.488092,0.544463
6500,0.481185,0.546583
6600,0.479912,0.547838
6700,0.483404,0.549344
6800,0.489938,0.550452
6900,0.492625,0.551405
7000,0.488114,0.552035
7100,0.486332,0.552881
7200,0.478598,0.553805
7300,0.489876,0.554394
7400,0.485734,0.554371
7500,0.475091,0.554992
7600,0.475762,0.554795
7700,0.491253,0.554426
7800,0.486566,0.554449
7900,0.483385,0.553749
8000,0.476056,0.552441
8100,0.481469,0.551102
8200,0.493827,0.550034
8300,0.479167,0.548949
8400,0.486238,0.548376
8500,0.486639,0.548404
8600,0.48489,0.54748
8700,0.48061,0.546083
8800,0.488941,0.545207
8900,0.493773,0.543988
9000,0.485308,0.542788
9100,0.486697,0.541807
9200,0.490006,0.539861
9300,0.496098,0.5383
9400,0.485178,0.535747
9500,0.492162,0.534038
9600,0.488691,0.532337
9700,0.491131,0.53076
9800,0.494403,0.529363
9900,0.488904,0.528386
10000,0.474527,0.527762
10100,0.483115,0.526821
10200,0.48613,0.526572
10300,0.484478,0.526387
10400,0.486045,0.525524
10500,0.495273,0.524975
10600,0.482125,0.525257
10700,0.490269,0.525659
10800,0.489997,0.525411
10900,0.48284,0.526402
11000,0.479057,0.526818
11100,0.483459,0.52803
11200,0.489517,0.529419
11300,0.485135,0.530963
11400,0.487621,0.53254
11500,0.480091,0.533916
11600,0.479337,0.535912
11700,0.487564,0.538008
11800,0.488826,0.539305
11900,0.482021,0.541639
12000,0.485757,0.544067
12100,0.476798,0.546609
12200,0.489777,0.549187
12300,0.489045,0.55154
12400,0.466625,0.553565
12500,0.470439,0.555854
12600,0.484933,0.557675
12700,0.477277,0.559956
12800,0.470982,0.561897
12900,0.490071,0.564643
13000,0.479091,0.566589
13100,0.473928,0.568505
13200,0.478947,0.569496
13300,0.475053,0.570788
13400,0.480568,0.572242
13500,0.469918,0.573329
13600,0.460751,0.573271
13700,0.475081,0.573839
13800,0.478632,0.574497
13900,0.481205,0.574822
14000,0.482114,0.574792
14100,0.484156,0.575537
14200,0.474875,0.575905
14300,0.478927,0.575979
14400,0.466467,0.575465
14500,0.474537,0.575801
14600,0.477954,0.575698
14700,0.466536,0.575619
14800,0.464863,0.575611
14900,0.478857,0.575103
15000,0.471381,0.575879
15100,0.469235,0.576606
15200,0.461272,0.577568
15300,0.479836,0.578211
15400,0.478827,0.578718
15500,0.481241,0.57985
15600,0.474407,0.581116
15700,0.478741,0.581448
15800,0.481871,0.582115
15900,0.476532,0.582129
16000,0.481152,0.58267
16100,0.469598,0.582465
16200,0.481552,0.582513
16300,0.473005,0.582197
16400,0.47659,0.58124
16500,0.474979,0.580094
16600,0.482734,0.57831
16700,0.479247,0.577298
16800,0.479244,0.575348
16900,0.484111,0.574369
17000,0.467299,0.573094
17100,0.487614,0.573344
17200,0.478033,0.571857
17300,0.478327,0.570523
17400,0.483437,0.569045
17500,0.479921,0.566798
17600,0.474378,0.564807
17700,0.468561,0.563307
17800,0.487569,0.562973
17900,0.482838,0.560874
18000,0.475418,0.558942
18100,0.483443,0.557552
18200,0.489528,0.556587
18300,0.477834,0.555642
18400,0.491471,0.55437
18500,0.489641,0.553294
18600,0.483043,0.552081
18700,0.483928,0.551439
18800,0.487805,0.550385
18900,0.488411,0.549853
19000,0.491669,0.548604
19100,0.487085,0.548533
19200,0.484802,0.548665
19300,0.487882,0.548394
19400,0.485557,0.54822
19500,0.482601,0.548173
19600,0.487134,0.548226
19700,0.482017,0.548697
19800,0.463868,0.548664
19900,0.484146,0.549046
20000,0.484209,0.549434
20100,0.478264,0.548902
20200,0.484313,0.549016
20300,0.478756,0.549182
20400,0.487852,0.55018
20500,0.483654,0.550719
20600,0.490558,0.55118
20700,0.490721,0.551739
20800,0.485706,0.55258
20900,0.470551,0.553135
21000,0.481263,0.553147
21100,0.472528,0.55318
21200,0.473607,0.552668
21300,0.484047,0.552177
21400,0.489622,0.552273
21500,0.486918,0.552323
21600,0.481847,0.552095
21700,0.479296,0.552692
21800,0.457369,0.55301
21900,0.454437,0.553107
22000,0.472855,0.55356
22100,0.449848,0.553334
22200,0.463222,0.552842
22300,0.480045,0.55244
22400,0.482634,0.55255
22500,0.488016,0.552515
22600,0.485963,0.552612
22700,0.480521,0.552572
22800,0.489687,0.552994
22900,0.475595,0.552611
23000,0.468646,0.553432
23100,0.486579,0.55359
23200,0.488325,0.553411
23300,0.47661,0.553621
23400,0.490838,0.553767
23500,0.479927,0.554798
23600,0.472442,0.555251
23700,0.464668,0.556335
23800,0.465738,0.557139
23900,0.480624,0.558511
24000,0.462162,0.560313
24100,0.451233,0.561843
24200,0.464039,0.562751
24300,0.466235,0.564025
24400,0.484191,0.565189
24500,0.484049,0.566264
24600,0.480437,0.567859
24700,0.474383,0.569492
24800,0.484958,0.570336
24900,0.477887,0.571573
25000,0.472683,0.573117
25100,0.47468,0.574086
25200,0.477727,0.575172
25300,0.477784,0.576346
25400,0.478443,0.578055
25500,0.482,0.579315
25600,0.474502,0.580123
25700,0.467412,0.5809
25800,0.476729,0.582126
25900,0.46902,0.58321
26000,0.476752,0.583901
26100,0.484176,0.584614
26200,0.478856,0.585742
26300,0.473619,0.585497
26400,0.4661,0.585717
26500,0.481261,0.585278
26600,0.483419,0.586002
26700,0.473829,0.586418
26800,0.469933,0.587062
26900,0.474294,0.587517
27000,0.478567,0.587424
27100,0.48155,0.587745
27200,0.459674,0.588014
27300,0.463184,0.588423
27400,0.474922,0.588603
27500,0.474089,0.588828
27600,0.472854,0.588904
27700,0.476646,0.588876
27800,0.472418,0.588845
27900,0.470746,0.588729
28000,0.478848,0.588568
28100,0.470345,0.589484
28200,0.478205,0.590258
28300,0.474323,0.59041
28400,0.476821,0.590503
28500,0.480654,0.591782
28600,0.478081,0.591908
28700,0.47679,0.591391
28800,0.468321,0.590901
28900,0.466194,0.590787
29000,0.481316,0.590922
29100,0.462439,0.59124
29200,0.479307,0.592221
29300,0.471278,0.592148
29400,0.482087,0.591557
29500,0.481567,0.591276
29600,0.474426,0.590242
29700,0.468995,0.588848
29800,0.479541,0.58745
29900,0.482948,0.585851
30000,0.48352,0.58397
30100,0.479603,0.58162
30200,0.483469,0.579471
30300,0.474678,0.576924
30400,0.483484,0.575137
30500,0.476379,0.572853
30600,0.464011,0.5719
30700,0.474418,0.571687
30800,0.483728,0.570319
30900,0.473114,0.569037
31000,0.490352,0.568588
31100,0.463091,0.566957
31200,0.481921,0.566448
31300,0.486359,0.565908
31400,0.482277,0.565141
31500,0.485539,0.564196
31600,0.485216,0.562729
31700,0.480852,0.561614
31800,0.483453,0.560859
31900,0.489189,0.559753
32000,0.487431,0.559305
32100,0.482929,0.559053
32200,0.4777,0.558525
32300,0.487476,0.557958
32400,0.486269,0.556993
32500,0.484147,0.555771
32600,0.473484,0.555039
32700,0.476973,0.555258
32800,0.458305,0.554592
32900,0.464563,0.553328
33000,0.47687,0.552947
33100,0.475395,0.552995
33200,0.486473,0.552152
33300,0.490342,0.552515
33400,0.480535,0.55195
33500,0.485172,0.551573
33600,0.48861,0.550646
33700,0.479866,0.551354
33800,0.484814,0.551822
33900,0.481917,0.552462
34000,0.477003,0.553163
34100,0.483895,0.553604
34200,0.481383,0.554789
34300,0.489225,0.555922
34400,0.475381,0.556858
34500,0.490663,0.558168
34600,0.487307,0.557927
34700,0.486405,0.558834
34800,0.484232,0.559103
34900,0.469516,0.558416
35000,0.474721,0.557999
35100,0.484996,0.558269
35200,0.469065,0.557714
35300,0.471285,0.557047
35400,0.485906,0.555819
35500,0.486296,0.554435
35600,0.478168,0.553997
35700,0.474157,0.552715
35800,0.48409,0.551114
35900,0.482273,0.54869
36000,0.487724,0.545971
36100,0.482439,0.54436
36200,0.483911,0.543243
36300,0.487142,0.542024
36400,0.483872,0.541151
36500,0.479933,0.540759
36600,0.473874,0.540549
36700,0.485709,0.540467
36800,0.480754,0.54121
36900,0.474448,0.542038
37000,0.4726,0.542501
37100,0.475335,0.543883
37200,0.486081,0.545055
37300,0.494552,0.546955
37400,0.487777,0.548678
37500,0.481254,0.550356
37600,0.477024,0.551789
37700,0.483483,0.551927
37800,0.493206,0.553554
37900,0.473533,0.554635
38000,0.468555,0.555576
38100,0.484663,0.555865
38200,0.461551,0.55588
38300,0.480749,0.555479
38400,0.475691,0.554922
38500,0.477357,0.553856
38600,0.484498,0.552716
38700,0.478074,0.551736
38800,0.482464,0.550505
38900,0.474256,0.549303
39000,0.473386,0.547523
39100,0.4786,0.546465
39200,0.483425,0.545039
39300,0.491045,0.544525
39400,0.48188,0.543749
39500,0.482328,0.543447
39600,0.472896,0.541623
39700,0.470371,0.541167
39800,0.487208,0.540548
39900,0.466237,0.540075
40000,0.465741,0.539718
40100,0.487107,0.53902
40200,0.483999,0.538623
40300,0.478524,0.538884
40400,0.492611,0.539437
40500,0.492732,0.53981
40600,0.460048,0.540401
40700,0.487928,0.541755
40800,0.494011,0.54292
40900,0.490327,0.543939
41000,0.48158,0.544641
41100,0.486099,0.545495
41200,0.492201,0.546177
41300,0.493305,0.546464
41400,0.492208,0.5471
41500,0.488614,0.547839
41600,0.490078,0.548352
41700,0.480545,0.548788
41800,0.477237,0.549541
41900,0.479862,0.550709
42000,0.490292,0.551277
42100,0.490945,0.551753
42200,0.491063,0.551505
42300,0.477721,0.550921
42400,0.480233,0.550457
42500,0.488842,0.548837
42600,0.482502,0.547162
42700,0.482195,0.545147
42800,0.4887,0.543447
42900,0.492459,0.541663
43000,0.484324,0.539224
43100,0.48698,0.536982
43200,0.495767,0.535374
43300,0.487576,0.53333
43400,0.482834,0.531217
43500,0.49097,0.529443
43600,0.493824,0.526695
43700,0.490955,0.523935
43800,0.488436,0.522351
43900,0.481672,0.520184
44000,0.474051,0.517963
44100,0.494657,0.515939
44200,0.492531,0.514789
44300,0.489651,0.513526
44400,0.473255,0.511958
44500,0.484242,0.510246
44600,0.480805,0.508493
44700,0.485149,0.507146
44800,0.482758,0.505934
44900,0.480598,0.505129
45000,0.479454,0.503688
45100,0.472948,0.502684
45200,0.462034,0.501439
45300,0.467249,0.500156
45400,0.490689,0.49969
45500,0.489939,0.4982
45600,0.489099,0.497212
45700,0.4785,0.495902
45800,0.491829,0.494521
45900,0.494029,0.493644
46000,0.485217,0.492492
46100,0.49705,0.491226
46200,0.481141,0.489356
46300,0.481163,0.48731
46400,0.488814,0.48483
46500,0.488896,0.483332
46600,0.492593,0.480772
46700,0.485374,0.478142
46800,0.490816,0.475383
46900,0.479472,0.472849
47000,0.492751,0.469328
47100,0.486983,0.466489
47200,0.486213,0.464472
47300,0.490339,0.462091
47400,0.482455,0.459628
47500,0.493133,0.456866
47600,0.482319,0.454627
47700,0.487443,0.452856
47800,0.474334,0.450931
47900,0.493511,0.448728
48000,0.486678,0.446532
48100,0.493046,0.445072
48200,0.473423,0.44374
48300,0.481366,0.44257
48400,0.491427,0.441831
48500,0.490955,0.441654
48600,0.486086,0.44142
48700,0.469688,0.441495
48800,0.473173,0.44122
48900,0.470564,0.440841
49000,0.471442,0.439761
49100,0.486162,0.439175
49200,0.487174,0.438198
49300,0.47405,0.437542
49400,0.477887,0.436166
49500,0.476842,0.435606
49600,0.472703,0.434849
49700,0.4702,0.433378
49800,0.456799,0.432408
49900,0.468628,0.430593
50000,0.472485,0.429766
50100,0.477863,0.428806
50200,0.478953,0.42794
50300,0.480084,0.426782
50400,0.47712,0.425842
50500,0.484233,0.42392
50600,0.463783,0.423065
50700,0.468365,0.421715
50800,0.472443,0.420886
50900,0.465568,0.420176
51000,0.467295,0.418816
51100,0.476375,0.417652
51200,0.477808,0.416301
51300,0.4578,0.414531
51400,0.475301,0.413222
51500,0.462313,0.411179
51600,0.476902,0.409426
51700,0.473211,0.407347
51800,0.474564,0.405835
51900,0.471046,0.40411
52000,0.472977,0.401971
52100,0.466461,0.400852
52200,0.464063,0.399143
52300,0.475545,0.397515
52400,0.462298,0.395894
52500,0.467056,0.394571
52600,0.467648,0.392823
52700,0.458975,0.390944
52800,0.465739,0.388857
52900,0.470714,0.387467
53000,0.469764,0.386207
53100,0.473664,0.385207
53200,0.467253,0.383816
53300,0.470477,0.383934
53400,0.468356,0.383369
53500,0.462507,0.383076
53600,0.4661,0.383458
53700,0.465124,0.383699
53800,0.453844,0.384414
53900,0.467892,0.385177
54000,0.472695,0.385995
54100,0.462133,0.387516
54200,0.472138,0.387821
54300,0.474151,0.388381
54400,0.472398,0.389147
54500,0.47235,0.390207
54600,0.476192,0.391157
54700,0.468537,0.392172
54800,0.474399,0.393055
54900,0.475476,0.393057
55000,0.46854,0.394282
55100,0.47275,0.394049
55200,0.470427,0.395287
55300,0.476606,0.396528
55400,0.462524,0.398438
55500,0.47801,0.400296
55600,0.478505,0.40159
55700,0.476753,0.402456
55800,0.46597,0.403029
55900,0.462157,0.404143
56000,0.468454,0.406161
56100,0.459544,0.40716
56200,0.465523,0.408243
56300,0.470902,0.409261
56400,0.465275,0.410248
56500,0.465052,0.410181
56600,0.475047,0.410709
56700,0.467344,0.410394
56800,0.48403,0.410737
56900,0.470318,0.411003
57000,0.467364,0.410402
57100,0.475573,0.41075
57200,0.480515,0.410588
57300,0.47611,0.410233
57400,0.476335,0.4098
57500,0.454531,0.409752
57600,0.455919,0.409342
57700,0.46385,0.409747
57800,0.471939,0.408822
57900,0.47507,0.408261
58000,0.4704,0.40773
58100,0.471114,0.406178
58200,0.480257,0.404932
58300,0.477398,0.402936
58400,0.467229,0.40143
58500,0.469757,0.400071
58600,0.470947,0.398047
58700,0.464413,0.396238
58800,0.471282,0.39542
58900,0.471942,0.3945
59000,0.465724,0.393548
59100,0.466527,0.392721
59200,0.463546,0.391696
59300,0.461906,0.390615
59400,0.464091,0.389325
59500,0.468347,0.38906
59600,0.473288,0.38753
59700,0.462761,0.387316
59800,0.457708,0.387049
59900,0.459089,0.386418
60000,0.464617,0.385251
60100,0.471202,0.384618
60200,0.464536,0.38347
60300,0.453289,0.382322
60400,0.466834,0.381082
60500,0.459969,0.379987
60600,0.452446,0.379161
60700,0.463988,0.377507
60800,0.454553,0.375589
60900,0.453289,0.37362
61000,0.44558,0.371942
61100,0.450503,0.370008
61200,0.455895,0.368321
61300,0.440388,0.366779
61400,0.446491,0.365062
61500,0.43364,0.362978
61600,0.420002,0.361155
61700,0.431725,0.359559
61800,0.430287,0.3579
61900,0.446356,0.356582
62000,0.443841,0.355281
62100,0.455692,0.353483
62200,0.45058,0.352125
62300,0.436044,0.351919
62400,0.439348,0.350675
62500,0.440705,0.34936
62600,0.433852,0.347807
62700,0.425727,0.347049
62800,0.435246,0.346298
62900,0.446801,0.345662
63000,0.440771,0.345059
63100,0.448835,0.344498
63200,0.436618,0.343012
63300,0.445008,0.3416
63400,0.445437,0.339921
63500,0.440537,0.337841
63600,0.435157,0.336881
63700,0.440384,0.334978
63800,0.432929,0.333587
63900,0.437125,0.331863
64000,0.438491,0.331555
64100,0.437246,0.33104
64200,0.437532,0.330211
64300,0.437611,0.330194
64400,0.439698,0.329317
64500,0.435682,0.328224
64600,0.436853,0.327269
64700,0.434771,0.325508
64800,0.430215,0.323651
64900,0.435602,0.322352
65000,0.42314,0.321176
65100,0.426649,0.319764
65200,0.413467,0.318839
65300,0.418144,0.317328
65400,0.418916,0.316652
65500,0.41449,0.315148
65600,0.412559,0.313616
65700,0.417421,0.311616
65800,0.417237,0.309935
65900,0.408397,0.308306
66000,0.413816,0.306299
66100,0.419745,0.304861
66200,0.407472,0.302817
66300,0.402407,0.29987
66400,0.411368,0.296825
66500,0.406651,0.294156
66600,0.406498,0.291227
66700,0.392183,0.289006
66800,0.40169,0.286485
66900,0.395523,0.283505
67000,0.388657,0.281275
67100,0.399379,0.279228
67200,0.390216,0.27733
67300,0.383884,0.275886
67400,0.387005,0.274457
67500,0.389114,0.273837
67600,0.391448,0.272982
67700,0.383241,0.272233
67800,0.37692,0.270603
67900,0.373006,0.269515
68000,0.359714,0.267684
68100,0.369324,0.26669
68200,0.375154,0.26505
68300,0.379336,0.263141
68400,0.376688,0.260927
68500,0.365026,0.258711
68600,0.349962,0.25688
68700,0.354,0.255193
68800,0.358156,0.252536
68900,0.356286,0.250021
69000,0.361564,0.247653
69100,0.363616,0.246435
69200,0.366068,0.24526
69300,0.354498,0.24429
69400,0.364931,0.243352
69500,0.36912,0.242728
69600,0.369002,0.24261
69700,0.374458,0.242995
69800,0.374407,0.243834
69900,0.372905,0.245214
70000,0.372229,0.246225
70100,0.371508,0.247688
70200,0.360456,0.249339
70300,0.368335,0.251368
70400,0.364324,0.252765
70500,0.36293,0.254709
70600,0.381045,0.255802
70700,0.376162,0.257289
70800,0.388181,0.258471
70900,0.383588,0.259281
71000,0.384767,0.260621
71100,0.385646,0.262103
71200,0.389849,0.263428
71300,0.372667,0.264293
71400,0.364172,0.264825
71500,0.377675,0.265307
71600,0.387077,0.265398
71700,0.380396,0.265234
71800,0.39219,0.264413
71900,0.373764,0.264541
72000,0.376448,0.265113
72100,0.383133,0.265301
72200,0.373695,0.265274
72300,0.373859,0.264822
72400,0.390357,0.264847
72500,0.374154,0.265269
72600,0.37742,0.265492
72700,0.375698,0.26559
72800,0.36642,0.264911
72900,0.361257,0.264722
73000,0.369005,0.264024
73100,0.366931,0.263921
73200,0.384285,0.262323
73300,0.377714,0.260724
73400,0.377037,0.259521
73500,0.371679,0.258291
73600,0.375485,0.256884
73700,0.379154,0.255371
73800,0.369649,0.253771
73900,0.361924,0.252543
74000,0.371417,0.25178
74100,0.374322,0.250968
74200,0.381864,0.249895
74300,0.372391,0.249216
74400,0.358851,0.248796
74500,0.363897,0.248729
74600,0.371506,0.248466
74700,0.3608,0.248459
74800,0.358592,0.248234
74900,0.374581,0.247251
75000,0.373582,0.246862
75100,0.36726,0.246505
75200,0.351299,0.245759
75300,0.363663,0.245263
75400,0.358988,0.245788
75500,0.35673,0.245765
75600,0.362242,0.245452
75700,0.370661,0.245555
75800,0.363663,0.245625
75900,0.361587,0.246415
76000,0.352122,0.246738
76100,0.343341,0.247124
76200,0.346852,0.247178
76300,0.349021,0.247482
76400,0.35509,0.247572
76500,0.3599,0.246297
76600,0.365533,0.245329
76700,0.349659,0.244619
76800,0.348016,0.243965
76900,0.364147,0.243892
77000,0.349177,0.243072
77100,0.34916,0.242634
77200,0.349721,0.24195
77300,0.34891,0.240871
77400,0.346378,0.239371
77500,0.336946,0.238434
77600,0.337008,0.23766
77700,0.338833,0.23679
77800,0.344379,0.234935
77900,0.336166,0.233725
78000,0.348478,0.232323
78100,0.338143,0.231485
78200,0.3436,0.230611
78300,0.342351,0.230493
78400,0.346859,0.229586
78500,0.33678,0.229021
78600,0.350462,0.228959
78700,0.353227,0.228945
78800,0.335139,0.229446
78900,0.334717,0.229163
79000,0.33487,0.228636
79100,0.340409,0.228488
79200,0.341472,0.228035
79300,0.349079,0.227393
79400,0.337152,0.227462
79500,0.329822,0.227974
79600,0.329293,0.228403
79700,0.340492,0.228687
79800,0.330975,0.228387
79900,0.333161,0.228603
80000,0.326679,0.229378
80100,0.331723,0.229658
80200,0.339009,0.230127
80300,0.328756,0.230525
80400,0.339772,0.230729
80500,0.345844,0.23088
80600,0.343985,0.231458
80700,0.33901,0.231174
80800,0.332951,0.231818
80900,0.331145,0.23199
81000,0.345295,0.232408
81100,0.347446,0.233357
81200,0.34234,0.234423
81300,0.343058,0.235388
81400,0.336587,0.236264
81500,0.338644,0.236495
81600,0.347602,0.237458
81700,0.355788,0.237697
81800,0.356285,0.237274
81900,0.340583,0.237601
82000,0.353349,0.237193
82100,0.35604,0.236892
82200,0.343469,0.23706
82300,0.353202,0.23683
82400,0.352582,0.236666
82500,0.347142,0.235402
82600,0.357522,0.2346
82700,0.343932,0.233948
82800,0.338432,0.233153
82900,0.349317,0.231796
83000,0.352628,0.231304
83100,0.35127,0.229773
83200,0.346754,0.228631
83300,0.337521,0.227246
83400,0.343393,0.226306
83500,0.337519,0.225862
83600,0.332868,0.225126
83700,0.342594,0.225129
83800,0.348304,0.225791
83900,0.347076,0.225615
84000,0.339502,0.226069
84100,0.342603,0.225959
84200,0.34685,0.226101
84300,0.349446,0.226572
84400,0.346877,0.226706
84500,0.350828,0.227124
84600,0.344356,0.226977
84700,0.342677,0.227237
84800,0.339792,0.226778
84900,0.331212,0.226865
85000,0.327134,0.227211
85100,0.330558,0.227705
85200,0.351667,0.227818
85300,0.344747,0.227719
85400,0.334234,0.227978
85500,0.334434,0.227755
85600,0.347441,0.227283
85700,0.351341,0.22729
85800,0.333931,0.226906
85900,0.351558,0.227065
86000,0.353255,0.22719
86100,0.337675,0.226278
86200,0.341901,0.226461
86300,0.35285,0.226091
86400,0.352736,0.225966
86500,0.346286,0.226476
86600,0.34799,0.227146
86700,0.351644,0.227356
86800,0.352614,0.22758
86900,0.354579,0.227561
87000,0.3576,0.227809
87100,0.355716,0.228829
87200,0.350914,0.229381
87300,0.351438,0.230265
87400,0.350066,0.231118
87500,0.362814,0.232783
87600,0.356353,0.2335
87700,0.357885,0.234279
87800,0.362129,0.235729
87900,0.367297,0.236887
88000,0.365776,0.238175
88100,0.36049,0.239046
88200,0.348944,0.240988
88300,0.348596,0.243074
88400,0.353651,0.245836
88500,0.357909,0.24709
88600,0.355208,0.248407
88700,0.363215,0.25025
88800,0.371617,0.25204
88900,0.379864,0.253329
89000,0.375533,0.254805
89100,0.38203,0.256394
89200,0.371517,0.257119
89300,0.380148,0.2581
89400,0.375324,0.259436
89500,0.380302,0.261297
89600,0.380312,0.262301
89700,0.369014,0.262939
89800,0.377472,0.263052
89900,0.375547,0.263429
90000,0.369708,0.263952
90100,0.385692,0.264047
90200,0.392563,0.26419
90300,0.369109,0.263756
90400,0.378945,0.262347
90500,0.381394,0.261682
90600,0.38439,0.261191
90700,0.377843,0.260063
90800,0.370722,0.259304
90900,0.373007,0.257757
91000,0.377748,0.257405
91100,0.383095,0.256382
91200,0.362843,0.255644
91300,0.368921,0.255009
91400,0.373533,0.253978
91500,0.362966,0.253126
91600,0.358668,0.25257
91700,0.360686,0.251828
91800,0.369207,0.251037
91900,0.378805,0.251263
92000,0.371467,0.250914
92100,0.369224,0.250511
92200,0.360796,0.250128
92300,0.373618,0.250435
92400,0.367296,0.250016
92500,0.365868,0.250248
92600,0.366677,0.250672
92700,0.359456,0.250654
92800,0.364014,0.250968
92900,0.364662,0.251506
93000,0.365783,0.25121
93100,0.372081,0.251748
93200,0.36501,0.252395
93300,0.364662,0.252491
93400,0.35999,0.251962
93500,0.353525,0.25107
93600,0.353995,0.250876
93700,0.35838,0.25051
93800,0.364189,0.249732
93900,0.364393,0.249057
94000,0.37516,0.249222
94100,0.365867,0.249371
94200,0.357775,0.248832
94300,0.36361,0.248987
94400,0.366157,0.248945
94500,0.361147,0.248868
94600,0.365349,0.248403
94700,0.369123,0.248445
94800,0.365252,0.248349
94900,0.363704,0.248239
95000,0.351519,0.248562
95100,0.368098,0.248593
95200,0.367078,0.248729
95300,0.373106,0.248833
95400,0.367925,0.24859
95500,0.360013,0.248161
95600,0.345709,0.248207
95700,0.361924,0.248402
95800,0.370732,0.248349
95900,0.368501,0.248708
96000,0.368513,0.249118
96100,0.363603,0.249162
96200,0.369648,0.249075
96300,0.375556,0.249017
96400,0.375013,0.248961
96500,0.37732,0.248573
96600,0.357908,0.248106
96700,0.361398,0.246947
96800,0.363514,0.246785
96900,0.344086,0.246469
97000,0.347902,0.246686
97100,0.365597,0.246621
97200,0.367129,0.247322
97300,0.364843,0.247522
97400,0.3657,0.248096
97500,0.366055,0.248752
97600,0.374944,0.248261
97700,0.37761,0.248701
97800,0.357268,0.248936
97900,0.363509,0.249471
98000,0.373857,0.250574
98100,0.366904,0.251245
98200,0.380502,0.252622
98300,0.377118,0.254112
98400,0.385783,0.255875
98500,0.374237,0.256908
98600,0.378865,0.258528
98700,0.375599,0.260717
98800,0.373789,0.262616
98900,0.381101,0.265163
99000,0.386687,0.266689
99100,0.385851,0.267547
99200,0.377146,0.26907
99300,0.387141,0.27098
99400,0.392245,0.272351
99500,0.398403,0.273768
99600,0.394449,0.274625
99700,0.380647,0.275455
99800,0.392344,0.276145
99900,0.397244,0.276291
