0,0.499999,0.499961
100,0.498709,0.500075
200,0.49259,0.50027
300,0.495539,0.49964
400,0.496623,0.499857
500,0.493074,0.499499
600,0.475462,0.499395
700,0.486057,0.499559
800,0.481242,0.500156
900,0.478913,0.500586
1000,0.469336,0.500707
1100,0.476321,0.50056
1200,0.480671,0.500083
1300,0.491076,0.49992
1400,0.49101,0.499999
1500,0.473275,0.500073
1600,0.4887,0.499909
1700,0.485421,0.500792
1800,0.487402,0.501477
1900,0.487903,0.501738
2000,0.491502,0.501573
2100,0.48768,0.501449
2200,0.492451,0.501055
2300,0.496164,0.500385
2400,0.487096,0.499573
2500,0.490307,0.499539
2600,0.484545,0.49954
2700,0.487879,0.498969
2800,0.488661,0.497355
2900,0.491527,0.496608
3000,0.483443,0.49584
3100,0.488759,0.493919
3200,0.484159,0.492259
3300,0.495003,0.490299
3400,0.495188,0.488533
3500,0.490709,0.487303
3600,0.483236,0.48592
3700,0.472589,0.484481
3800,0.489308,0.483275
3900,0.483032,0.482922
4000,0.479876,0.482344
4100,0.468525,0.481013
4200,0.472767,0.480962
4300,0.484694,0.480909
4400,0.491664,0.4807
4500,0.491646,0.479925
4600,0.498134,0.479626
4700,0.477672,0.479633
4800,0.489339,0.479078
4900,0.480192,0.479253
5000,0.49165,0.480103
5100,0.490853,0.480659
5200,0.484159,0.480571
5300,0.485662,0.481092
5400,0.491372,0.48138
5500,0.493128,0.481645
5600,0.491857,0.482197
5700,0.493129,0.482882
5800,0.491255,0.483871
5900,0.488555,0.484175
6000,0.496325,0.484172
6100,0.492558,0.484307
6200,0.491554,0.484048
6300,0.491624,0.483707
6400,0.489064,0.483302
6500,0.472132,0.482803
6600,0.471784,0.482641
6700,0.469012,0.482605
6800,0.480589,0.481838
6900,0.495062,0.481709
7000,0.494346,0.481138
7100,0.49353,0.480921
7200,0.491151,0.480603
7300,0.495099,0.48038
7400,0.4941,0.479699
7500,0.491354,0.478479
7600,0.495096,0.477629
7700,0.489465,0.476729
7800,0.490826,0.47607
7900,0.492572,0.474627
8000,0.491493,0.47432
8100,0.468686,0.474037
8200,0.462946,0.474422
8300,0.478919,0.474521
8400,0.482069,0.47478
8500,0.483182,0.474568
8600,0.489075,0.474603
8700,0.489469,0.47442
8800,0.491262,0.473541
8900,0.4953,0.473183
9000,0.478668,0.472106
9100,0.485755,0.471168
9200,0.459341,0.470176
9300,0.441104,0.470095
9400,0.439784,0.46872
9500,0.450756,0.468367
9600,0.452172,0.46799
9700,0.458948,0.467292
9800,0.48005,0.46599
9900,0.472952,0.464673
10000,0.485044,0.46294
10100,0.471651,0.461573
10200,0.457667,0.460794
10300,0.467767,0.458943
10400,0.466286,0.457082
10500,0.481645,0.455558
10600,0.470866,0.453606
10700,0.466157,0.452998
10800,0.489257,0.452228
10900,0.491222,0.451825
11000,0.472581,0.451545
11100,0.489612,0.451084
11200,0.486513,0.450942
11300,0.474522,0.45014
11400,0.486609,0.449581
11500,0.471363,0.449153
11600,0.482333,0.449842
11700,0.485799,0.450183
11800,0.484127,0.449328
11900,0.492401,0.448743
12000,0.469585,0.448171
12100,0.486712,0.448882
12200,0.480816,0.448682
12300,0.48456,0.449565
12400,0.478215,0.450998
12500,0.47781,0.450327
12600,0.485168,0.450856
12700,0.477616,0.451183
12800,0.491677,0.451319
12900,0.486113,0.451605
13000,0.489441,0.451036
13100,0.481876,0.450175
13200,0.481836,0.450296
13300,0.480637,0.449853
13400,0.481588,0.448994
13500,0.483585,0.448226
13600,0.48757,0.44831
13700,0.48625,0.447116
13800,0.478072,0.446203
13900,0.487172,0.445773
14000,0.48635,0.445429
14100,0.491762,0.444833
14200,0.478352,0.443639
14300,0.489138,0.442438
14400,0.485426,0.441549
14500,0.482137,0.440726
14600,0.482515,0.439329
14700,0.482285,0.438156
14800,0.474647,0.436923
14900,0.480445,0.435824
15000,0.483378,0.43533
15100,0.484251,0.435062
15200,0.489081,0.434814
15300,0.480742,0.433652
15400,0.480693,0.432114
15500,0.487998,0.431535
15600,0.470388,0.43126
15700,0.482057,0.430031
15800,0.482525,0.42898
15900,0.481901,0.427922
16000,0.472371,0.427713
16100,0.482149,0.426536
16200,0.476023,0.426122
16300,0.477717,0.424652
16400,0.471877,0.422996
16500,0.477815,0.422046
16600,0.464033,0.419719
16700,0.471624,0.41814
16800,0.475762,0.416125
16900,0.461473,0.414507
17000,0.461309,0.413824
17100,0.482068,0.412614
17200,0.476977,0.411385
17300,0.480618,0.411138
17400,0.472458,0.409852
17500,0.464331,0.408559
17600,0.462313,0.40801
17700,0.463817,0.406599
17800,0.478293,0.405457
17900,0.464727,0.403689
18000,0.44768,0.402598
18100,0.445907,0.401868
18200,0.464218,0.401246
18300,0.449527,0.401846
18400,0.452033,0.401916
18500,0.460171,0.401713
18600,0.469947,0.401478
18700,0.467817,0.400626
18800,0.47438,0.400587
18900,0.467974,0.400002
19000,0.473462,0.3999
19100,0.476265,0.399941
19200,0.478516,0.398774
19300,0.469782,0.397707
19400,0.471534,0.396484
19500,0.465315,0.394835
19600,0.468785,0.393567
19700,0.464999,0.393016
19800,0.472684,0.392444
19900,0.472971,0.39225
20000,0.462349,0.39056
20100,0.451018,0.389769
20200,0.455862,0.38918
20300,0.463276,0.387884
20400,0.47293,0.387465
20500,0.453843,0.386918
20600,0.468334,0.385669
20700,0.465313,0.385991
20800,0.474247,0.385591
20900,0.468372,0.385439
21000,0.468188,0.384225
21100,0.461705,0.384387
21200,0.465582,0.38415
21300,0.467506,0.38364
21400,0.460721,0.383892
21500,0.466287,0.383802
21600,0.454263,0.38462
21700,0.466864,0.385791
21800,0.473151,0.387116
21900,0.470119,0.388538
22000,0.464842,0.389715
22100,0.471303,0.391585
22200,0.478642,0.392839
22300,0.470937,0.394227
22400,0.466,0.395511
22500,0.4671,0.397063
22600,0.474721,0.399978
22700,0.464591,0.401531
22800,0.473058,0.402666
22900,0.478948,0.404627
23000,0.474827,0.406691
23100,0.468613,0.408912
23200,0.463814,0.409992
23300,0.468872,0.411355
23400,0.468962,0.412286
23500,0.480059,0.412929
23600,0.476189,0.413736
23700,0.480002,0.414044
23800,0.480071,0.415487
23900,0.473348,0.416747
24000,0.47227,0.417249
24100,0.47294,0.418065
24200,0.46943,0.418211
24300,0.483726,0.418481
24400,0.471768,0.418334
24500,0.481174,0.417694
24600,0.46512,0.416735
24700,0.470566,0.415649
24800,0.479529,0.415876
24900,0.472676,0.415639
25000,0.478,0.415356
25100,0.467908,0.414894
25200,0.457401,0.414412
25300,0.479553,0.414821
25400,0.481333,0.414542
25500,0.472084,0.41392
25600,0.475501,0.413355
25700,0.479153,0.412496
25800,0.480829,0.411756
25900,0.463833,0.41134
26000,0.471139,0.410409
26100,0.47957,0.410076
26200,0.466726,0.409779
26300,0.470615,0.408934
26400,0.480319,0.407703
26500,0.476613,0.407611
26600,0.479122,0.407556
26700,0.476683,0.408247
26800,0.482535,0.408171
26900,0.474784,0.408262
27000,0.468872,0.408557
27100,0.465914,0.408219
27200,0.471555,0.407598
27300,0.47669,0.408233
27400,0.461594,0.409474
27500,0.470859,0.410736
27600,0.471741,0.41176
27700,0.459122,0.412285
27800,0.47181,0.41207
27900,0.473045,0.41272
28000,0.473139,0.413307
28100,0.474654,0.413115
28200,0.473891,0.413217
28300,0.472208,0.412339
28400,0.479203,0.412305
28500,0.477512,0.412581
28600,0.463712,0.413225
28700,0.469455,0.41372
28800,0.480244,0.413842
28900,0.467242,0.413911
29000,0.481876,0.413032
29100,0.472446,0.413176
29200,0.472378,0.413055
29300,0.482694,0.414055
29400,0.477699,0.413885
29500,0.473558,0.414129
29600,0.480456,0.414673
29700,0.469078,0.415169
29800,0.450375,0.416183
29900,0.456796,0.416929
30000,0.454573,0.417443
30100,0.47788,0.417109
30200,0.482847,0.416996
30300,0.474778,0.417377
30400,0.461838,0.417182
30500,0.470959,0.417713
30600,0.475991,0.417112
30700,0.478708,0.417635
30800,0.461369,0.41834
30900,0.477457,0.419283
31000,0.472571,0.419392
31100,0.474349,0.419567
31200,0.476304,0.419305
31300,0.472815,0.41908
31400,0.475213,0.41933
31500,0.474205,0.419078
31600,0.469209,0.419269
31700,0.470816,0.41936
31800,0.471603,0.419085
31900,0.464394,0.418668
32000,0.479448,0.418467
32100,0.469157,0.416247
32200,0.467565,0.415594
32300,0.483961,0.41424
32400,0.475111,0.413542
32500,0.483469,0.412706
32600,0.476276,0.41182
32700,0.477892,0.411062
32800,0.474976,0.410362
32900,0.480405,0.410414
33000,0.473437,0.410203
33100,0.470851,0.409962
33200,0.46608,0.409711
33300,0.471382,0.409875
33400,0.482017,0.409865
33500,0.472554,0.410324
33600,0.470951,0.411322
33700,0.475516,0.412125
33800,0.472757,0.412773
33900,0.467688,0.414098
34000,0.471774,0.414662
34100,0.479158,0.415485
34200,0.471237,0.416317
34300,0.485145,0.417309
34400,0.478445,0.418778
34500,0.482337,0.419703
34600,0.479851,0.420387
34700,0.466525,0.421392
34800,0.479837,0.422442
34900,0.4814,0.423037
35000,0.476963,0.423317
35100,0.465345,0.423812
35200,0.463434,0.424143
35300,0.471143,0.424359
35400,0.466767,0.424844
35500,0.463802,0.424726
35600,0.465919,0.424956
35700,0.464493,0.425318
35800,0.477632,0.42508
35900,0.472861,0.425965
36000,0.469579,0.426518
36100,0.479569,0.427347
36200,0.463502,0.428267
36300,0.472215,0.428683
36400,0.480179,0.429946
36500,0.476577,0.430105
36600,0.461037,0.43007
36700,0.464566,0.429441
36800,0.469478,0.429225
36900,0.481934,0.428455
37000,0.481217,0.428045
37100,0.472195,0.42845
37200,0.472799,0.427612
37300,0.480664,0.427348
37400,0.46803,0.427127
37500,0.482816,0.426245
37600,0.471824,0.42586
37700,0.485504,0.42509
37800,0.471415,0.424918
37900,0.466757,0.424873
38000,0.484924,0.424851
38100,0.47909,0.425018
38200,0.479788,0.425704
38300,0.464406,0.425664
38400,0.459664,0.425973
38500,0.452327,0.426554
38600,0.475227,0.427114
38700,0.461041,0.42772
38800,0.469377,0.429133
38900,0.472455,0.430461
39000,0.485067,0.431214
39100,0.479898,0.432153
39200,0.476977,0.434328
39300,0.484119,0.436429
39400,0.485785,0.438288
39500,0.472764,0.440712
39600,0.461647,0.443655
39700,0.471378,0.445591
39800,0.491041,0.447031
39900,0.475729,0.449115
40000,0.473521,0.45006
40100,0.465838,0.451127
40200,0.464467,0.452493
40300,0.469902,0.453752
40400,0.450469,0.454932
40500,0.446958,0.456902
40600,0.451226,0.457992
40700,0.441406,0.459231
40800,0.470617,0.460153
40900,0.471881,0.461073
41000,0.456682,0.461435
41100,0.462912,0.460793
41200,0.472842,0.460199
41300,0.472425,0.459649
41400,0.47364,0.458388
41500,0.488865,0.45719
41600,0.479559,0.456622
41700,0.481471,0.455014
41800,0.486267,0.452953
41900,0.480931,0.451718
42000,0.480733,0.449707
42100,0.481132,0.448377
42200,0.480497,0.446603
42300,0.48617,0.444755
42400,0.487164,0.443567
42500,0.488901,0.442931
42600,0.479785,0.441178
42700,0.475143,0.43951
42800,0.478361,0.43874
42900,0.490768,0.437502
43000,0.47464,0.436283
43100,0.47191,0.435086
43200,0.47313,0.434074
43300,0.484965,0.432545
43400,0.477104,0.431118
43500,0.462501,0.430019
43600,0.462409,0.429649
43700,0.444912,0.429882
43800,0.441999,0.430167
43900,0.455488,0.429649
44000,0.449019,0.4296
44100,0.454096,0.428951
44200,0.446107,0.428423
44300,0.456139,0.427927
44400,0.44608,0.428255
44500,0.459312,0.428544
44600,0.476091,0.427987
44700,0.482756,0.427912
44800,0.466933,0.427655
44900,0.473314,0.427628
45000,0.47977,0.427551
45100,0.485582,0.426947
45200,0.476386,0.426999
45300,0.47509,0.428044
45400,0.484205,0.428421
45500,0.479821,0.429057
45600,0.47779,0.429288
45700,0.482235,0.429988
45800,0.47498,0.430629
45900,0.484049,0.431114
46000,0.485172,0.432056
46100,0.472635,0.432851
46200,0.478112,0.433235
46300,0.487778,0.43363
46400,0.479518,0.434499
46500,0.475402,0.436071
46600,0.464918,0.437897
46700,0.463138,0.43949
46800,0.475269,0.441357
46900,0.483754,0.442942
47000,0.473492,0.445297
47100,0.477413,0.446734
47200,0.486133,0.448498
47300,0.481719,0.449866
47400,0.493505,0.450888
47500,0.488404,0.452445
47600,0.487831,0.453198
47700,0.484645,0.455314
47800,0.49031,0.456459
47900,0.481612,0.457318
48000,0.487328,0.458335
48100,0.483296,0.459216
48200,0.488474,0.460095
48300,0.481145,0.460814
48400,0.483435,0.461021
48500,0.484283,0.461208
48600,0.481281,0.461828
48700,0.466574,0.461092
48800,0.465577,0.461705
48900,0.47507,0.462496
49000,0.478756,0.462473
49100,0.464824,0.462673
49200,0.485547,0.462943
49300,0.483558,0.462517
49400,0.489206,0.46272
49500,0.49434,0.461725
49600,0.48822,0.46106
49700,0.467974,0.459903
49800,0.487769,0.45876
49900,0.472171,0.457148
50000,0.477419,0.4551
50100,0.479551,0.45408
50200,0.478931,0.452829
50300,0.481793,0.450232
50400,0.474812,0.447756
50500,0.46628,0.446139
50600,0.467693,0.444833
50700,0.470721,0.442862
50800,0.472202,0.440919
50900,0.474913,0.439898
51000,0.47344,0.438748
51100,0.462377,0.43815
51200,0.457406,0.436524
51300,0.469101,0.435058
51400,0.463404,0.433802
51500,0.466496,0.432066
51600,0.474237,0.429843
51700,0.478945,0.428249
51800,0.485761,0.426447
51900,0.472177,0.424231
52000,0.454174,0.422916
52100,0.456548,0.421437
52200,0.469653,0.419972
52300,0.458872,0.41826
52400,0.452536,0.417526
52500,0.479604,0.416759
52600,0.472455,0.414796
52700,0.472555,0.414318
52800,0.475202,0.413609
52900,0.475004,0.412133
53000,0.468556,0.410123
53100,0.482972,0.408909
53200,0.466966,0.408407
53300,0.461726,0.408411
53400,0.458608,0.408316
53500,0.464508,0.407589
53600,0.474972,0.406372
53700,0.464794,0.406332
53800,0.472427,0.40638
53900,0.470649,0.406381
54000,0.477819,0.406769
54100,0.476551,0.40698
54200,0.469857,0.407405
54300,0.470123,0.408092
54400,0.472745,0.408217
54500,0.469384,0.408961
54600,0.46505,0.409561
54700,0.471508,0.410183
54800,0.472458,0.410143
54900,0.473194,0.410299
55000,0.466472,0.410167
55100,0.472016,0.410832
55200,0.470107,0.411079
55300,0.462676,0.411147
55400,0.467718,0.411451
55500,0.46852,0.41001
55600,0.458431,0.409871
55700,0.461927,0.408789
55800,0.462093,0.407112
55900,0.469992,0.405194
56000,0.471033,0.404309
56100,0.467686,0.402759
56200,0.479951,0.401427
56300,0.469432,0.399572
56400,0.466636,0.397523
56500,0.469056,0.39529
56600,0.447418,0.393616
56700,0.463465,0.391786
56800,0.45804,0.389723
56900,0.457467,0.388372
57000,0.455682,0.386745
57100,0.470807,0.386194
57200,0.458349,0.385734
57300,0.466768,0.385607
57400,0.467701,0.384882
57500,0.467239,0.384345
57600,0.455267,0.383787
57700,0.453568,0.383362
57800,0.465658,0.383911
57900,0.466725,0.384862
58000,0.465913,0.386195
58100,0.468944,0.386764
58200,0.469206,0.388097
58300,0.468552,0.389787
58400,0.448484,0.391472
58500,0.459753,0.392854
58600,0.454213,0.394211
58700,0.47427,0.395412
58800,0.466622,0.398314
58900,0.469678,0.400114
59000,0.473144,0.400985
59100,0.467878,0.401401
59200,0.474136,0.402498
59300,0.472466,0.402449
59400,0.472889,0.402524
59500,0.472559,0.401798
59600,0.479729,0.401481
59700,0.475127,0.400924
59800,0.460427,0.400053
59900,0.473592,0.399668
60000,0.465599,0.398745
60100,0.470717,0.397246
60200,0.475628,0.396527
60300,0.472701,0.395954
60400,0.475989,0.39579
60500,0.470906,0.394714
60600,0.46714,0.39374
60700,0.474241,0.393195
60800,0.462709,0.392973
60900,0.47146,0.392805
61000,0.472183,0.392777
61100,0.463593,0.392426
61200,0.467851,0.391882
61300,0.467462,0.392479
61400,0.470725,0.392267
61500,0.466376,0.39281
61600,0.474745,0.393228
61700,0.471174,0.393229
61800,0.467079,0.393688
61900,0.471362,0.393729
62000,0.46886,0.394098
62100,0.447174,0.394304
62200,0.432541,0.395275
62300,0.433767,0.395724
62400,0.452701,0.397109
62500,0.450653,0.396984
62600,0.471426,0.396953
62700,0.474512,0.39728
62800,0.475169,0.396895
62900,0.465091,0.396844
63000,0.474163,0.397134
63100,0.457168,0.396421
63200,0.478945,0.396262
63300,0.472482,0.397172
63400,0.467645,0.397203
63500,0.4589,0.396666
63600,0.47454,0.396636
63700,0.465504,0.396423
63800,0.471409,0.396417
63900,0.471468,0.395599
64000,0.463038,0.394011
64100,0.467345,0.393138
64200,0.471426,0.391241
64300,0.457356,0.389808
64400,0.461269,0.388898
64500,0.444492,0.38815
64600,0.444653,0.387324
64700,0.444389,0.386415
64800,0.444388,0.38644
64900,0.45493,0.386427
65000,0.459784,0.3863
65100,0.459453,0.385579
65200,0.46311,0.384475
65300,0.468698,0.382803
65400,0.464885,0.381912
65500,0.454946,0.380569
65600,0.470403,0.379316
65700,0.456534,0.377976
65800,0.468338,0.376943
65900,0.457393,0.376544
66000,0.456697,0.376087
66100,0.465569,0.375588
66200,0.451174,0.374932
66300,0.457369,0.374735
66400,0.454863,0.374542
66500,0.461704,0.374235
66600,0.460926,0.374155
66700,0.464165,0.374015
66800,0.463753,0.373993
66900,0.459931,0.37438
67000,0.457149,0.373866
67100,0.461003,0.373726
67200,0.451388,0.372521
67300,0.457527,0.371182
67400,0.459527,0.370318
67500,0.462756,0.36919
67600,0.455954,0.369171
67700,0.448067,0.369121
67800,0.45918,0.369053
67900,0.457045,0.369405
68000,0.448157,0.369436
68100,0.459181,0.369288
68200,0.459817,0.368316
68300,0.46012,0.368317
68400,0.454522,0.368379
68500,0.460752,0.368474
68600,0.456704,0.367796
68700,0.463091,0.367606
68800,0.448289,0.367464
68900,0.445487,0.36722
69000,0.456424,0.368034
69100,0.451519,0.368701
69200,0.447594,0.369651
69300,0.450917,0.370739
69400,0.454279,0.371249
69500,0.435188,0.372056
69600,0.44505,0.37265
69700,0.46208,0.373522
69800,0.4579,0.37399
69900,0.457745,0.373391
70000,0.439872,0.37295
70100,0.455166,0.373206
70200,0.452558,0.373143
70300,0.43384,0.372939
70400,0.462576,0.37299
70500,0.451453,0.372762
70600,0.459863,0.372849
70700,0.463866,0.373612
70800,0.461264,0.373465
70900,0.447701,0.37316
71000,0.461454,0.372823
71100,0.46144,0.37271
71200,0.462893,0.372676
71300,0.46317,0.371969
71400,0.450615,0.372043
71500,0.454685,0.372075
71600,0.445187,0.372208
71700,0.448271,0.372386
71800,0.460245,0.372542
71900,0.455305,0.373021
72000,0.451827,0.374615
72100,0.454325,0.375371
72200,0.46228,0.376969
72300,0.456872,0.378436
72400,0.447557,0.38004
72500,0.452897,0.380839
72600,0.459785,0.381991
72700,0.46841,0.384477
72800,0.471208,0.386328
72900,0.456927,0.387641
73000,0.447184,0.388946
73100,0.462553,0.39031
73200,0.459645,0.391546
73300,0.470435,0.39208
73400,0.471502,0.391698
73500,0.47306,0.390926
73600,0.470254,0.389884
73700,0.457962,0.389616
73800,0.46811,0.389033
73900,0.46901,0.38819
74000,0.468186,0.38877
74100,0.462105,0.38817
74200,0.465795,0.387556
74300,0.466713,0.387219
74400,0.461862,0.386602
74500,0.4728,0.386662
74600,0.465196,0.386212
74700,0.472094,0.385778
74800,0.464781,0.384658
74900,0.472055,0.383389
75000,0.4505,0.382661
75100,0.44468,0.382415
75200,0.45114,0.38239
75300,0.467201,0.382574
75400,0.455352,0.382602
75500,0.464014,0.382534
75600,0.451323,0.382555
75700,0.457092,0.382001
75800,0.45525,0.381379
75900,0.467256,0.380625
76000,0.459435,0.379902
76100,0.466028,0.379178
76200,0.455464,0.378519
76300,0.445837,0.378068
76400,0.438803,0.377234
76500,0.44848,0.37532
76600,0.435937,0.373683
76700,0.460878,0.373027
76800,0.460737,0.371748
76900,0.45976,0.371173
77000,0.458792,0.370257
77100,0.461656,0.369216
77200,0.458405,0.368435
77300,0.452805,0.367605
77400,0.447966,0.365819
77500,0.451944,0.36517
77600,0.45293,0.363874
77700,0.449613,0.361535
77800,0.446273,0.360196
77900,0.459242,0.359499
78000,0.452149,0.358523
78100,0.448297,0.357606
78200,0.427361,0.35632
78300,0.438634,0.354992
78400,0.438013,0.354035
78500,0.451766,0.353627
78600,0.449607,0.352895
78700,0.447806,0.352725
78800,0.445401,0.35139
78900,0.44746,0.349814
79000,0.448692,0.349085
79100,0.445876,0.348963
79200,0.436238,0.34866
79300,0.42113,0.348117
79400,0.427574,0.347518
79500,0.434598,0.346866
79600,0.432814,0.346092
79700,0.42606,0.346263
79800,0.431685,0.346402
79900,0.452903,0.346646
80000,0.442101,0.346148
80100,0.453946,0.347111
80200,0.439281,0.347729
80300,0.451613,0.347609
80400,0.451405,0.348135
80500,0.453193,0.34843
80600,0.450001,0.348713
80700,0.453818,0.349628
80800,0.443381,0.349229
80900,0.446985,0.350154
81000,0.437396,0.350314
81100,0.433966,0.350346
81200,0.427507,0.35069
81300,0.425199,0.350193
81400,0.437639,0.350435
81500,0.442635,0.350158
81600,0.450729,0.349531
81700,0.429911,0.348529
81800,0.436713,0.348246
81900,0.441045,0.346763
82000,0.438742,0.344702
82100,0.448131,0.343178
82200,0.439679,0.342249
82300,0.447434,0.341224
82400,0.437787,0.340236
82500,0.441401,0.33921
82600,0.433718,0.338182
82700,0.421137,0.337224
82800,0.434092,0.336812
82900,0.439995,0.336259
83000,0.442936,0.335862
83100,0.444198,0.335529
83200,0.430941,0.335668
83300,0.442137,0.336094
83400,0.445752,0.336088
83500,0.439011,0.33657
83600,0.443123,0.337311
83700,0.435898,0.338498
83800,0.444232,0.339627
83900,0.442122,0.341027
84000,0.445539,0.342212
84100,0.443496,0.342874
84200,0.450105,0.343372
84300,0.450878,0.344219
84400,0.441242,0.34604
84500,0.438911,0.346795
84600,0.445028,0.347646
84700,0.442993,0.346926
84800,0.442092,0.34697
84900,0.44152,0.346987
85000,0.430874,0.347259
85100,0.447597,0.348198
85200,0.445074,0.3482
85300,0.434388,0.348533
85400,0.452883,0.349345
85500,0.445535,0.349643
85600,0.430763,0.349378
85700,0.447691,0.349804
85800,0.445255,0.34912
85900,0.447073,0.347934
86000,0.436248,0.347134
86100,0.453133,0.346565
86200,0.441311,0.346078
86300,0.442008,0.345676
86400,0.439918,0.345221
86500,0.44475,0.344888
86600,0.445918,0.344166
86700,0.44812,0.343384
86800,0.438081,0.342873
86900,0.445736,0.342357
87000,0.439917,0.342043
87100,0.42735,0.341375
87200,0.436671,0.340277
87300,0.436579,0.340228
87400,0.403058,0.340089
87500,0.406446,0.339993
87600,0.411359,0.339383
87700,0.432722,0.339709
87800,0.439623,0.340073
87900,0.444005,0.339889
88000,0.443728,0.339103
88100,0.44396,0.337783
88200,0.441333,0.33884
88300,0.4395,0.338999
88400,0.445591,0.338089
88500,0.44502,0.337227
88600,0.436451,0.336952
88700,0.424113,0.33769
88800,0.437392,0.336575
88900,0.435273,0.336073
89000,0.435609,0.335431
89100,0.434812,0.335287
89200,0.436167,0.335259
89300,0.441997,0.335036
89400,0.436072,0.334192
89500,0.440218,0.333073
89600,0.430906,0.332675
89700,0.430918,0.331942
89800,0.420063,0.33064
89900,0.43101,0.32935
90000,0.440979,0.32812
90100,0.441629,0.327318
90200,0.44151,0.326677
90300,0.434773,0.325686
90400,0.433839,0.32399
90500,0.438587,0.322896
90600,0.426501,0.321539
90700,0.423224,0.319918
90800,0.409535,0.318984
90900,0.415075,0.318464
91000,0.404977,0.317882
91100,0.42366,0.317156
91200,0.424161,0.316121
91300,0.421559,0.314879
91400,0.424176,0.312917
91500,0.420589,0.312526
91600,0.406755,0.311992
91700,0.417409,0.311037
91800,0.413725,0.31021
91900,0.406711,0.308983
92000,0.420965,0.30755
92100,0.403001,0.306797
92200,0.410518,0.305653
92300,0.40439,0.305407
92400,0.412324,0.304392
92500,0.4019,0.302544
92600,0.391067,0.301939
92700,0.400132,0.300153
92800,0.408321,0.299024
92900,0.409543,0.297426
93000,0.402941,0.295885
93100,0.400726,0.294199
93200,0.386948,0.292222
93300,0.401763,0.290266
93400,0.413012,0.288191
93500,0.381663,0.286966
93600,0.38198,0.285415
93700,0.401229,0.283775
93800,0.398586,0.282657
93900,0.39848,0.281547
94000,0.396105,0.280608
94100,0.386893,0.28016
94200,0.389882,0.280144
94300,0.397745,0.27915
94400,0.4069,0.278893
94500,0.395403,0.278235
94600,0.389031,0.278022
94700,0.392866,0.277431
94800,0.389921,0.276942
94900,0.389381,0.277131
95000,0.39597,0.276887
95100,0.400039,0.277319
95200,0.398893,0.277666
95300,0.393411,0.278255
95400,0.392947,0.278775
95500,0.394071,0.279506
95600,0.400932,0.280253
95700,0.395747,0.280182
95800,0.385669,0.27972
95900,0.390214,0.279325
96000,0.39544,0.279
96100,0.382931,0.278872
96200,0.392394,0.277901
96300,0.384098,0.277044
96400,0.380671,0.276436
96500,0.379849,0.27534
96600,0.391419,0.273707
96700,0.380442,0.273409
96800,0.381831,0.271816
96900,0.388025,0.270296
97000,0.374943,0.268406
97100,0.369283,0.26723
97200,0.380024,0.265376
97300,0.377106,0.263622
97400,0.376874,0.261589
97500,0.376723,0.259666
97600,0.373003,0.257527
97700,0.353952,0.256193
97800,0.344218,0.253875
97900,0.365995,0.251669
98000,0.357988,0.249379
98100,0.371896,0.24784
98200,0.366029,0.246282
98300,0.360429,0.244471
98400,0.367625,0.242983
98500,0.369192,0.241578
98600,0.359493,0.239769
98700,0.358443,0.238208
98800,0.353553,0.236649
98900,0.350119,0.235401
99000,0.34007,0.234087
99100,0.337293,0.233469
99200,0.342673,0.233066
99300,0.339127,0.231938
99400,0.334542,0.231061
99500,0.335602,0.229232
99600,0.317651,0.228189
99700,0.322887,0.227147
99800,0.330147,0.226621
99900,0.331109,0.226504
