0,0.499911,0.500114
10,0.496486,0.500386
20,0.498924,0.498474
30,0.495656,0.498019
40,0.497999,0.49944
50,0.494798,0.49796
60,0.494912,0.497558
70,0.496168,0.496032
80,0.495458,0.497121
90,0.489783,0.496943
100,0.492854,0.497953
110,0.490456,0.497853
120,0.491281,0.498698
130,0.490803,0.49806
140,0.496339,0.497147
150,0.491274,0.498602
160,0.494938,0.495259
170,0.497503,0.497698
180,0.491295,0.500356
190,0.492202,0.500626
200,0.491188,0.499486
210,0.486643,0.500666
220,0.483084,0.497911
230,0.48724,0.497039
240,0.491526,0.495108
250,0.48732,0.496262
260,0.491578,0.495999
270,0.485182,0.495882
280,0.481536,0.494449
290,0.475584,0.492005
300,0.475784,0.49212
310,0.474763,0.492487
320,0.46699,0.491298
330,0.471815,0.489811
340,0.468174,0.489158
350,0.473597,0.489533
360,0.475777,0.488336
370,0.480561,0.486848
380,0.47762,0.487509
390,0.477425,0.484444
400,0.476639,0.486764
410,0.475294,0.486095
420,0.466204,0.48267
430,0.469654,0.480691
440,0.472767,0.480888
450,0.475276,0.481955
460,0.481142,0.481956
470,0.478309,0.482078
480,0.490017,0.481702
490,0.489422,0.479895
500,0.488744,0.479987
510,0.485673,0.480091
520,0.486246,0.479976
530,0.486671,0.479687
540,0.487344,0.479231
550,0.478645,0.479595
560,0.470341,0.477768
570,0.469519,0.476896
580,0.462206,0.476398
590,0.459409,0.475184
600,0.4636,0.474678
610,0.465559,0.474855
620,0.469968,0.474112
630,0.468462,0.471478
640,0.461408,0.471103
650,0.46829,0.470796
660,0.466379,0.470859
670,0.459295,0.470389
680,0.472059,0.469729
690,0.465858,0.470431
700,0.465923,0.470516
710,0.468489,0.469998
720,0.460536,0.469777
730,0.466864,0.468603
740,0.465765,0.467291
750,0.451563,0.468344
760,0.455411,0.467083
770,0.459635,0.466802
780,0.465502,0.466714
790,0.453506,0.464047
800,0.454237,0.463209
810,0.467777,0.462434
820,0.461201,0.463197
830,0.461447,0.4638
840,0.453589,0.461171
850,0.452617,0.461207
860,0.449161,0.45983
870,0.449691,0.4563
880,0.446124,0.457247
890,0.448644,0.45885
900,0.444431,0.457569
910,0.4381,0.457119
920,0.443451,0.454956
930,0.440731,0.453009
940,0.439875,0.452101
950,0.445102,0.450084
960,0.44236,0.450063
970,0.444038,0.449127
980,0.440793,0.448411
990,0.448427,0.448297
1000,0.457032,0.447322
1010,0.446831,0.447429
1020,0.447934,0.44619
1030,0.452645,0.44542
1040,0.442893,0.445072
1050,0.447151,0.444065
1060,0.450504,0.442266
1070,0.449819,0.440866
1080,0.447784,0.439509
1090,0.447047,0.437149
1100,0.44975,0.437172
1110,0.453769,0.436536
1120,0.458301,0.43355
1130,0.459548,0.432006
1140,0.455864,0.430147
1150,0.451153,0.430185
1160,0.450283,0.429327
1170,0.4552,0.427226
1180,0.454131,0.42744
1190,0.452746,0.42586
1200,0.44644,0.425442
1210,0.44222,0.427205
1220,0.447033,0.427658
1230,0.448886,0.427483
1240,0.454886,0.425869
1250,0.451887,0.425911
1260,0.445805,0.424087
1270,0.447761,0.422239
1280,0.450432,0.422494
1290,0.446259,0.421343
1300,0.448437,0.419937
1310,0.44528,0.419565
1320,0.446471,0.418384
1330,0.456539,0.419196
1340,0.441193,0.417775
1350,0.439907,0.417753
1360,0.446387,0.41818
1370,0.453594,0.417994
1380,0.452549,0.418671
1390,0.453479,0.417992
1400,0.457633,0.42016
1410,0.463357,0.418626
1420,0.456679,0.418654
1430,0.468352,0.419729
1440,0.460113,0.419322
1450,0.46672,0.418355
1460,0.473682,0.419054
1470,0.472855,0.417424
1480,0.469278,0.415018
1490,0.473104,0.415076
1500,0.465261,0.415954
1510,0.464088,0.416674
1520,0.459482,0.41588
1530,0.46356,0.416628
1540,0.470308,0.416668
1550,0.468854,0.415543
1560,0.473036,0.415716
1570,0.463512,0.415293
1580,0.461892,0.418617
1590,0.46279,0.419449
1600,0.454742,0.419537
1610,0.449041,0.41882
1620,0.453201,0.420628
1630,0.459985,0.419917
1640,0.458868,0.420258
1650,0.461563,0.421522
1660,0.470322,0.421393
1670,0.460264,0.420504
1680,0.463444,0.420376
1690,0.466967,0.420687
1700,0.469609,0.420581
1710,0.462994,0.420551
1720,0.461045,0.420246
1730,0.465339,0.421303
1740,0.459778,0.42082
1750,0.453942,0.420795
1760,0.45259,0.421259
1770,0.44727,0.419398
1780,0.449341,0.420049
1790,0.454306,0.421808
1800,0.444973,0.421707
1810,0.443785,0.42023
1820,0.434069,0.424264
1830,0.440996,0.423025
1840,0.438241,0.423672
1850,0.4441,0.427165
1860,0.446504,0.428073
1870,0.444009,0.426353
1880,0.446167,0.42682
1890,0.44603,0.427443
1900,0.441808,0.429602
1910,0.446607,0.4321
1920,0.441094,0.432219
1930,0.442143,0.431277
1940,0.444435,0.431937
1950,0.441687,0.434404
1960,0.4395,0.436855
1970,0.440536,0.434709
1980,0.439454,0.438647
1990,0.438053,0.437725
2000,0.441677,0.44048
2010,0.438818,0.442018
2020,0.438731,0.442176
2030,0.439345,0.443768
2040,0.440627,0.443996
2050,0.439921,0.44441
2060,0.437817,0.44697
2070,0.433072,0.446031
2080,0.435838,0.448921
2090,0.442341,0.449597
2100,0.44413,0.451062
2110,0.440473,0.448797
2120,0.44367,0.451059
2130,0.442941,0.451056
2140,0.444304,0.454536
2150,0.443322,0.454712
2160,0.441922,0.45587
2170,0.434065,0.456308
2180,0.437777,0.45955
2190,0.44079,0.458589
2200,0.446094,0.458896
2210,0.442913,0.457276
2220,0.442849,0.457634
2230,0.44592,0.45699
2240,0.457604,0.455651
2250,0.442773,0.455453
2260,0.449206,0.455871
2270,0.450383,0.455964
2280,0.449026,0.45794
2290,0.44798,0.460019
2300,0.451613,0.460286
2310,0.453659,0.460431
2320,0.453147,0.461084
2330,0.448472,0.464436
2340,0.448192,0.465653
2350,0.452202,0.465748
2360,0.447978,0.468144
2370,0.448841,0.467996
2380,0.454706,0.468573
2390,0.454349,0.467646
2400,0.454663,0.467699
2410,0.443947,0.469199
2420,0.449463,0.470109
2430,0.448766,0.470831
2440,0.45226,0.469257
2450,0.449878,0.472098
2460,0.446092,0.471968
2470,0.441103,0.473042
2480,0.44777,0.472664
2490,0.457483,0.473044
2500,0.449426,0.473259
2510,0.448404,0.476819
2520,0.44409,0.478511
2530,0.447001,0.478616
2540,0.450191,0.480221
2550,0.445314,0.479052
2560,0.442231,0.481479
2570,0.444357,0.482988
2580,0.442502,0.485661
2590,0.450705,0.487184
2600,0.453656,0.490352
2610,0.450185,0.492384
2620,0.450547,0.489245
2630,0.442657,0.493105
2640,0.446366,0.493241
2650,0.451361,0.494487
2660,0.451435,0.493905
2670,0.450391,0.493108
2680,0.442313,0.494313
2690,0.43834,0.493699
2700,0.449903,0.494309
2710,0.442664,0.496326
2720,0.440125,0.49468
2730,0.437441,0.49616
2740,0.435726,0.498088
2750,0.429887,0.499474
2760,0.421843,0.502351
2770,0.428926,0.50494
2780,0.418268,0.506386
2790,0.427537,0.509033
2800,0.427708,0.510989
2810,0.424839,0.511722
2820,0.421374,0.512651
2830,0.421818,0.51245
2840,0.422163,0.516503
2850,0.419445,0.519141
2860,0.421655,0.521646
2870,0.421077,0.525578
2880,0.420095,0.523372
2890,0.421685,0.525237
2900,0.423808,0.525959
2910,0.421537,0.528856
2920,0.421575,0.530985
2930,0.420157,0.532477
2940,0.421906,0.532717
2950,0.423342,0.53386
2960,0.418889,0.531538
2970,0.424451,0.534737
2980,0.420464,0.535
2990,0.415453,0.536255
3000,0.414242,0.538844
3010,0.407753,0.541852
3020,0.409933,0.544387
3030,0.399585,0.546295
3040,0.40096,0.551366
3050,0.404977,0.552203
3060,0.404389,0.556237
3070,0.40561,0.55874
3080,0.40473,0.558237
3090,0.409183,0.558389
3100,0.409682,0.56073
3110,0.404581,0.562492
3120,0.401343,0.563559
3130,0.401026,0.563939
3140,0.395767,0.565745
3150,0.398199,0.568682
3160,0.39458,0.569053
3170,0.394099,0.570417
3180,0.397004,0.572833
3190,0.397912,0.575952
3200,0.393789,0.57886
3210,0.393024,0.582364
3220,0.398796,0.58316
3230,0.397137,0.586792
3240,0.399445,0.588547
3250,0.396359,0.590186
3260,0.393588,0.591565
3270,0.391958,0.593214
3280,0.3909,0.594111
3290,0.387008,0.596339
3300,0.389138,0.600813
3310,0.388875,0.601819
3320,0.38006,0.604842
3330,0.384482,0.607626
3340,0.38708,0.609157
3350,0.377857,0.612902
3360,0.377856,0.614308
3370,0.378322,0.619853
3380,0.376855,0.623286
3390,0.374023,0.62394
3400,0.37065,0.624912
3410,0.372737,0.627842
3420,0.376974,0.632004
3430,0.376136,0.636143
3440,0.375714,0.637524
3450,0.37175,0.640198
3460,0.37718,0.640137
3470,0.378165,0.644233
3480,0.371715,0.646805
3490,0.375501,0.648968
3500,0.371872,0.651148
3510,0.370742,0.653939
3520,0.373762,0.654723
3530,0.370413,0.657169
3540,0.36214,0.658938
3550,0.362782,0.66259
3560,0.366217,0.663657
3570,0.360899,0.665636
3580,0.358449,0.667728
3590,0.358919,0.668364
3600,0.36115,0.671817
3610,0.353201,0.673732
3620,0.350621,0.677202
3630,0.349174,0.677836
3640,0.347698,0.68188
3650,0.343313,0.68351
3660,0.344407,0.687846
3670,0.345033,0.689879
3680,0.34788,0.690158
3690,0.347345,0.689921
3700,0.344248,0.69375
3710,0.344718,0.69638
3720,0.345838,0.697984
3730,0.348507,0.699971
3740,0.347138,0.701246
3750,0.350146,0.70319
3760,0.348625,0.704707
3770,0.348251,0.707411
3780,0.341046,0.709348
3790,0.341593,0.711906
3800,0.344448,0.714789
3810,0.342493,0.713952
3820,0.344118,0.717173
3830,0.341325,0.718205
3840,0.33739,0.720845
3850,0.337827,0.722625
3860,0.338956,0.721881
3870,0.341255,0.723545
3880,0.339644,0.726286
3890,0.338908,0.729322
3900,0.344125,0.730962
3910,0.33974,0.732746
3920,0.339685,0.732252
3930,0.332484,0.735956
3940,0.332442,0.736782
3950,0.339083,0.738042
3960,0.330056,0.741552
3970,0.328493,0.742642
3980,0.330735,0.742285
3990,0.32686,0.743625
4000,0.331636,0.745875
4010,0.330298,0.745994
4020,0.332607,0.750795
4030,0.334813,0.752647
4040,0.33438,0.751311
4050,0.334464,0.755312
4060,0.330521,0.756831
4070,0.329755,0.756399
4080,0.337603,0.757606
4090,0.335349,0.761797
4100,0.334447,0.762845
4110,0.325602,0.764179
4120,0.333099,0.764946
4130,0.330826,0.765065
4140,0.328601,0.768151
4150,0.328925,0.769253
4160,0.323801,0.770907
4170,0.315946,0.7733
4180,0.325106,0.77291
4190,0.331171,0.772931
4200,0.3326,0.772023
4210,0.334026,0.772996
4220,0.327424,0.775378
4230,0.333427,0.776598
4240,0.327966,0.77823
4250,0.324648,0.780676
4260,0.328056,0.77958
4270,0.333234,0.779438
4280,0.327026,0.781163
4290,0.328782,0.781689
4300,0.331755,0.781935
4310,0.327438,0.783634
4320,0.327157,0.783546
4330,0.317152,0.78469
4340,0.317774,0.78662
4350,0.321198,0.787266
4360,0.327928,0.787249
4370,0.327141,0.788824
4380,0.329743,0.790904
4390,0.325373,0.790384
4400,0.322984,0.790388
4410,0.322537,0.791222
4420,0.320956,0.792616
4430,0.329873,0.791208
4440,0.319853,0.791748
4450,0.318082,0.793085
4460,0.324436,0.79158
4470,0.319594,0.793896
4480,0.321427,0.792487
4490,0.318538,0.794525
4500,0.326109,0.796349
4510,0.325086,0.795381
4520,0.323339,0.795864
4530,0.326263,0.797523
4540,0.324105,0.795146
4550,0.328135,0.793853
4560,0.329774,0.792981
4570,0.325125,0.791406
4580,0.331947,0.789783
4590,0.328575,0.788192
4600,0.329048,0.786784
4610,0.328547,0.786031
4620,0.325829,0.785497
4630,0.331805,0.784926
4640,0.324294,0.78478
4650,0.329436,0.78385
4660,0.327898,0.784225
4670,0.327612,0.783737
4680,0.329359,0.782985
4690,0.325388,0.781862
4700,0.323405,0.78181
4710,0.322128,0.781662
4720,0.327324,0.782355
4730,0.32694,0.782831
4740,0.330725,0.782553
4750,0.336836,0.783203
4760,0.332908,0.781867
4770,0.333765,0.781501
4780,0.328681,0.782168
4790,0.327716,0.781912
4800,0.331162,0.780308
4810,0.328778,0.779561
4820,0.331192,0.779716
4830,0.329432,0.779352
4840,0.328336,0.77698
4850,0.327093,0.776137
4860,0.329384,0.774571
4870,0.322995,0.77187
4880,0.326675,0.77028
4890,0.318349,0.769155
4900,0.314485,0.768709
4910,0.320552,0.769655
4920,0.321673,0.768675
4930,0.316519,0.765938
4940,0.315021,0.76492
4950,0.319974,0.762938
4960,0.321621,0.761147
4970,0.321139,0.758937
4980,0.311845,0.758855
4990,0.314956,0.75569
5000,0.308448,0.755403
5010,0.305336,0.753001
5020,0.302631,0.751928
5030,0.311896,0.751482
5040,0.30934,0.748962
5050,0.311113,0.745223
5060,0.303916,0.745638
5070,0.302386,0.745025
5080,0.306097,0.743073
5090,0.305609,0.742705
5100,0.303976,0.740873
5110,0.30437,0.738003
5120,0.310247,0.735695
5130,0.307372,0.734535
5140,0.309046,0.7317
5150,0.310564,0.72928
5160,0.312256,0.729081
5170,0.314662,0.725686
5180,0.317069,0.725287
5190,0.320235,0.724376
5200,0.328378,0.721108
5210,0.321101,0.719106
5220,0.32182,0.717844
5230,0.320633,0.714408
5240,0.321292,0.712786
5250,0.321491,0.711059
5260,0.320571,0.708784
5270,0.321454,0.708857
5280,0.320096,0.70815
5290,0.317508,0.708043
5300,0.315906,0.705743
5310,0.311438,0.703405
5320,0.319038,0.69927
5330,0.323642,0.69794
5340,0.320651,0.695366
5350,0.322544,0.692154
5360,0.322145,0.689089
5370,0.323974,0.685793
5380,0.316347,0.683783
5390,0.317303,0.682769
5400,0.3246,0.678212
5410,0.322906,0.677512
5420,0.319212,0.674184
5430,0.320013,0.672496
5440,0.315556,0.670803
5450,0.314146,0.668098
5460,0.317455,0.666823
5470,0.319309,0.662852
5480,0.322768,0.661622
5490,0.327377,0.659066
5500,0.330796,0.655094
5510,0.333331,0.652777
5520,0.336119,0.651498
5530,0.343415,0.648277
5540,0.347545,0.646209
5550,0.346336,0.642774
5560,0.339604,0.639575
5570,0.342046,0.636523
5580,0.342483,0.63511
5590,0.342485,0.633631
5600,0.343849,0.632943
5610,0.349913,0.630412
5620,0.350665,0.62822
5630,0.350832,0.625271
5640,0.35698,0.621986
5650,0.352717,0.62213
5660,0.350555,0.619455
5670,0.355414,0.61494
5680,0.358472,0.612395
5690,0.349166,0.609435
5700,0.355869,0.607163
5710,0.353635,0.604589
5720,0.360812,0.601198
5730,0.356867,0.598419
5740,0.349108,0.596882
5750,0.357964,0.595063
5760,0.358558,0.593531
5770,0.358002,0.590761
5780,0.363562,0.588736
5790,0.365342,0.58767
5800,0.368896,0.584361
5810,0.367347,0.583142
5820,0.366693,0.580242
5830,0.371494,0.5756
5840,0.375735,0.574502
5850,0.373388,0.570581
5860,0.369396,0.570631
5870,0.367905,0.566736
5880,0.359549,0.565691
5890,0.361107,0.563877
5900,0.363422,0.560157
5910,0.357595,0.558956
5920,0.361768,0.557704
5930,0.363073,0.55486
5940,0.366872,0.553258
5950,0.370738,0.548219
5960,0.371705,0.546328
5970,0.369589,0.545822
5980,0.373123,0.544333
5990,0.366972,0.543522
6000,0.373085,0.54117
6010,0.374217,0.539032
6020,0.365783,0.53717
6030,0.36895,0.535404
6040,0.369044,0.530237
6050,0.363982,0.527032
6060,0.363457,0.522843
6070,0.370714,0.521425
6080,0.36116,0.518634
6090,0.360149,0.514131
6100,0.363889,0.512542
6110,0.368943,0.512163
6120,0.381624,0.507709
6130,0.378117,0.50322
6140,0.375246,0.503541
6150,0.380169,0.502282
6160,0.38138,0.500324
6170,0.381648,0.497271
6180,0.380465,0.491831
6190,0.373045,0.490268
6200,0.374822,0.486027
6210,0.37247,0.485079
6220,0.384106,0.483843
6230,0.392401,0.47859
6240,0.3943,0.478665
6250,0.388867,0.477131
6260,0.387647,0.476527
6270,0.381729,0.47277
6280,0.380598,0.470333
6290,0.377866,0.46954
6300,0.384559,0.465347
6310,0.395731,0.465352
6320,0.392649,0.461633
6330,0.402422,0.457578
6340,0.41042,0.456073
6350,0.406175,0.45298
6360,0.409687,0.451702
6370,0.411362,0.450139
6380,0.418791,0.446283
6390,0.42366,0.44651
6400,0.419957,0.442852
6410,0.416744,0.439297
6420,0.413556,0.437451
6430,0.420784,0.434208
6440,0.415722,0.433148
6450,0.411898,0.429468
6460,0.420347,0.427976
6470,0.422808,0.427501
6480,0.427326,0.424315
6490,0.424355,0.422355
6500,0.420664,0.423817
6510,0.431442,0.420329
6520,0.431662,0.417291
6530,0.419639,0.417308
6540,0.417403,0.414836
6550,0.414919,0.412538
6560,0.420773,0.411018
6570,0.42577,0.407875
6580,0.42234,0.406817
6590,0.421166,0.404331
6600,0.418417,0.401756
6610,0.41105,0.400846
6620,0.412981,0.398317
6630,0.425363,0.395555
6640,0.42321,0.392412
6650,0.428218,0.390219
6660,0.426472,0.388324
6670,0.425251,0.38725
6680,0.430309,0.385969
6690,0.432123,0.38511
6700,0.429062,0.383468
6710,0.423091,0.383576
6720,0.429758,0.380424
6730,0.422935,0.379448
6740,0.426855,0.379741
6750,0.421981,0.379556
6760,0.416979,0.380696
6770,0.421671,0.377894
6780,0.428709,0.375685
6790,0.43336,0.375824
6800,0.439434,0.377295
6810,0.431096,0.374294
6820,0.423258,0.373965
6830,0.417577,0.374388
6840,0.421313,0.373363
6850,0.427504,0.371123
6860,0.417392,0.370457
6870,0.40541,0.368594
6880,0.40399,0.371347
6890,0.402832,0.37218
6900,0.404551,0.374522
6910,0.405743,0.373715
6920,0.40801,0.373667
6930,0.404624,0.373348
6940,0.40574,0.374341
6950,0.400091,0.372249
6960,0.398402,0.37159
6970,0.39305,0.372068
6980,0.399043,0.370176
6990,0.407379,0.370826
7000,0.405742,0.373045
7010,0.419441,0.372378
7020,0.420425,0.370217
7030,0.418205,0.370324
7040,0.418992,0.369359
7050,0.418909,0.367187
7060,0.414274,0.36608
7070,0.411792,0.365982
7080,0.409953,0.365549
7090,0.409389,0.365363
7100,0.409085,0.364509
7110,0.416834,0.366704
7120,0.417623,0.367753
7130,0.420182,0.368363
7140,0.416684,0.370715
7150,0.421576,0.370794
7160,0.426504,0.373646
7170,0.429342,0.372256
7180,0.425414,0.37259
7190,0.423374,0.373965
7200,0.429516,0.374767
7210,0.426327,0.374633
7220,0.416026,0.37504
7230,0.420426,0.377196
7240,0.421642,0.378633
7250,0.425748,0.381735
7260,0.429517,0.382546
7270,0.422018,0.385459
7280,0.4219,0.389074
7290,0.416826,0.390958
7300,0.416482,0.392683
7310,0.415608,0.393368
7320,0.413634,0.394743
7330,0.415186,0.394337
7340,0.413732,0.395534
7350,0.417289,0.39714
7360,0.415186,0.399223
7370,0.419574,0.402809
7380,0.418399,0.405172
7390,0.41268,0.40706
7400,0.419462,0.408819
7410,0.415356,0.408817
7420,0.418808,0.409886
7430,0.419689,0.412228
7440,0.424777,0.414964
7450,0.419054,0.41416
7460,0.411087,0.416255
7470,0.411168,0.417111
7480,0.402171,0.421376
7490,0.400303,0.424414
7500,0.407856,0.426876
7510,0.399296,0.428999
7520,0.396614,0.431867
7530,0.400573,0.433787
7540,0.405008,0.436024
7550,0.405313,0.437115
7560,0.410694,0.437338
7570,0.415329,0.440384
7580,0.409849,0.441931
7590,0.418227,0.442828
7600,0.416486,0.444428
7610,0.414282,0.448074
7620,0.415852,0.4488
7630,0.412634,0.449853
7640,0.412282,0.452152
7650,0.413068,0.453053
7660,0.415545,0.454447
7670,0.417021,0.457352
7680,0.423399,0.460619
7690,0.42318,0.461897
7700,0.421478,0.462575
7710,0.429398,0.465686
7720,0.432668,0.466377
7730,0.430216,0.470228
7740,0.427465,0.472679
7750,0.42457,0.472778
7760,0.427479,0.472337
7770,0.43015,0.473687
7780,0.426461,0.474735
7790,0.419724,0.475054
7800,0.42547,0.479362
7810,0.419837,0.482641
7820,0.427069,0.482581
7830,0.425428,0.482094
7840,0.434616,0.483169
7850,0.426069,0.486644
7860,0.423424,0.486315
7870,0.427835,0.48862
7880,0.415103,0.492807
7890,0.411146,0.495203
7900,0.411232,0.496989
7910,0.411422,0.499365
7920,0.415156,0.502067
7930,0.411149,0.503747
7940,0.412573,0.50768
7950,0.404976,0.511534
7960,0.410381,0.515101
7970,0.406129,0.518878
7980,0.41089,0.517869
7990,0.408282,0.522187
8000,0.408883,0.52536
8010,0.412431,0.530621
8020,0.413868,0.532008
8030,0.414264,0.531592
8040,0.41545,0.533178
8050,0.413981,0.535104
8060,0.410777,0.537734
8070,0.40966,0.537377
8080,0.400007,0.539505
8090,0.401267,0.540382
8100,0.405817,0.544025
8110,0.409285,0.546345
8120,0.408921,0.547191
8130,0.413534,0.550506
8140,0.405949,0.552759
8150,0.41091,0.555461
8160,0.415294,0.558711
8170,0.412435,0.559166
8180,0.415024,0.559753
8190,0.408657,0.560899
8200,0.407737,0.563612
8210,0.411461,0.565595
8220,0.409705,0.567846
8230,0.404035,0.567674
8240,0.406836,0.569615
8250,0.407556,0.568622
8260,0.411111,0.571591
8270,0.403354,0.575806
8280,0.406439,0.576617
8290,0.397445,0.577857
8300,0.394014,0.580678
8310,0.395684,0.581652
8320,0.396599,0.58353
8330,0.40026,0.587978
8340,0.415915,0.587264
8350,0.415078,0.590713
8360,0.414886,0.594291
8370,0.42029,0.594425
8380,0.415308,0.596316
8390,0.417762,0.598805
8400,0.413225,0.598516
8410,0.418971,0.598724
8420,0.413818,0.599514
8430,0.417799,0.601767
8440,0.421235,0.60301
8450,0.414039,0.602349
8460,0.421571,0.606439
8470,0.415461,0.609713
8480,0.419927,0.610866
8490,0.425455,0.613071
8500,0.421489,0.614051
8510,0.424944,0.616157
8520,0.422405,0.619486
8530,0.4227,0.621669
8540,0.425704,0.623731
8550,0.417072,0.624734
8560,0.415348,0.627383
8570,0.416908,0.630364
8580,0.420362,0.630226
8590,0.413585,0.633521
8600,0.417088,0.636965
8610,0.414476,0.638086
8620,0.420408,0.640727
8630,0.420896,0.643557
8640,0.420495,0.64811
8650,0.422003,0.650124
8660,0.414266,0.651591
8670,0.419833,0.650213
8680,0.420844,0.653865
8690,0.416369,0.654669
8700,0.421613,0.655059
8710,0.422819,0.6558
8720,0.421629,0.65706
8730,0.418592,0.65761
8740,0.421024,0.65903
8750,0.418668,0.659956
8760,0.42231,0.661359
8770,0.420363,0.663177
8780,0.42385,0.663322
8790,0.423878,0.665404
8800,0.420297,0.665187
8810,0.422096,0.666169
8820,0.423499,0.666806
8830,0.430248,0.667221
8840,0.42192,0.670976
8850,0.423229,0.672079
8860,0.423725,0.670613
8870,0.423281,0.671918
8880,0.425435,0.669025
8890,0.426502,0.671815
8900,0.425227,0.673341
8910,0.419653,0.673453
8920,0.422842,0.674517
8930,0.425336,0.675065
8940,0.423039,0.674319
8950,0.423711,0.675073
8960,0.423048,0.674457
8970,0.427661,0.674374
8980,0.423879,0.674308
8990,0.42226,0.678079
9000,0.418836,0.678159
9010,0.418916,0.679703
9020,0.418506,0.679715
9030,0.416254,0.681217
9040,0.424007,0.681552
9050,0.424381,0.681113
9060,0.422368,0.682823
9070,0.42701,0.681309
9080,0.424469,0.682998
9090,0.423398,0.682843
9100,0.41947,0.681753
9110,0.414399,0.683934
9120,0.424771,0.685492
9130,0.43078,0.6848
9140,0.419715,0.687786
9150,0.425441,0.688451
9160,0.425603,0.689354
9170,0.420133,0.689411
9180,0.42881,0.688325
9190,0.424818,0.688974
9200,0.421897,0.68902
9210,0.417472,0.689772
9220,0.422867,0.689293
9230,0.417047,0.68965
9240,0.421015,0.689766
9250,0.425584,0.688297
9260,0.426663,0.689476
9270,0.4218,0.689357
9280,0.416715,0.691101
9290,0.416644,0.692462
9300,0.412466,0.692216
9310,0.42016,0.693954
9320,0.420729,0.692703
9330,0.424069,0.693222
9340,0.422422,0.693151
9350,0.415276,0.693112
9360,0.415769,0.69502
9370,0.42079,0.694918
9380,0.425248,0.694075
9390,0.419533,0.695483
9400,0.422076,0.696037
9410,0.425971,0.69512
9420,0.419928,0.694445
9430,0.42087,0.694818
9440,0.420642,0.69487
9450,0.418113,0.692044
9460,0.425343,0.692148
9470,0.422587,0.693764
9480,0.423729,0.69394
9490,0.416709,0.694449
9500,0.422648,0.694808
9510,0.412515,0.696939
9520,0.417147,0.697679
9530,0.417231,0.699147
9540,0.414173,0.698372
9550,0.409907,0.69853
9560,0.409603,0.699443
9570,0.412869,0.699858
9580,0.418915,0.700164
9590,0.422809,0.698692
9600,0.414866,0.698527
9610,0.421259,0.695282
9620,0.414902,0.693659
9630,0.415535,0.694853
9640,0.411122,0.694152
9650,0.414312,0.693799
9660,0.412894,0.693293
9670,0.409897,0.692921
9680,0.410968,0.693116
9690,0.416726,0.692929
9700,0.423725,0.692572
9710,0.4294,0.690868
9720,0.416718,0.691882
9730,0.415657,0.689877
9740,0.410575,0.691328
9750,0.419236,0.690997
9760,0.417637,0.690299
9770,0.429013,0.686957
9780,0.428274,0.688603
9790,0.428297,0.686798
9800,0.42243,0.684177
9810,0.419135,0.683187
9820,0.416309,0.681379
9830,0.423599,0.68068
9840,0.426495,0.681406
9850,0.425858,0.679913
9860,0.424839,0.67755
9870,0.428913,0.676659
9880,0.433042,0.678435
9890,0.424389,0.678643
9900,0.427122,0.676277
9910,0.428165,0.675579
9920,0.42216,0.672232
9930,0.423847,0.672152
9940,0.426526,0.671081
9950,0.425156,0.672685
9960,0.423575,0.671961
9970,0.424153,0.669695
9980,0.43023,0.668637
9990,0.434357,0.668593
