0,0.499999,0.500094
100,0.493901,0.500052
200,0.495704,0.500646
300,0.497959,0.500505
400,0.493828,0.50117
500,0.48786,0.501132
600,0.492335,0.501312
700,0.498265,0.501513
800,0.48477,0.501963
900,0.488481,0.503046
1000,0.481573,0.503426
1100,0.477544,0.504384
1200,0.477315,0.504772
1300,0.47979,0.505302
1400,0.481555,0.505664
1500,0.475313,0.506617
1600,0.479563,0.506134
1700,0.482822,0.506614
1800,0.497112,0.50867
1900,0.493145,0.509302
2000,0.493784,0.510464
2100,0.479679,0.510823
2200,0.481646,0.511431
2300,0.479237,0.511934
2400,0.490756,0.512532
2500,0.492988,0.512218
2600,0.483022,0.512522
2700,0.483536,0.51245
2800,0.493174,0.512052
2900,0.491087,0.511978
3000,0.491151,0.511788
3100,0.492505,0.511393
3200,0.480636,0.511036
3300,0.487902,0.511159
3400,0.48827,0.511025
3500,0.49735,0.510883
3600,0.485233,0.511318
3700,0.493372,0.510659
3800,0.49585,0.510152
3900,0.490753,0.51009
4000,0.493435,0.510253
4100,0.490987,0.510558
4200,0.492576,0.511055
4300,0.482636,0.512634
4400,0.487275,0.513664
4500,0.486735,0.514617
4600,0.488828,0.516042
4700,0.488805,0.517209
4800,0.468933,0.517642
4900,0.474816,0.518449
5000,0.488539,0.519033
5100,0.495988,0.521526
5200,0.484759,0.522973
5300,0.488205,0.524217
5400,0.488705,0.524947
5500,0.487162,0.525892
5600,0.487452,0.526673
5700,0.488936,0.528392
5800,0.49069,0.529292
5900,0.483179,0.529764
6000,0.493494,0.530508
6100,0.489092,0.531258
6200,0.487225,0.531466
6300,0.484161,0.531575
6400,0.486868,0.532219
6500,0.490822,0.531688
6600,0.491518,0.531289
6700,0.483569,0.531114
6800,0.483638,0.530432
6900,0.485978,0.529511
7000,0.484358,0.529471
7100,0.474785,0.529979
7200,0.489011,0.529577
7300,0.470636,0.530384
7400,0.486538,0.531425
7500,0.489231,0.531598
7600,0.488288,0.531783
7700,0.475129,0.532103
7800,0.490475,0.533292
7900,0.487023,0.53327
8000,0.490624,0.533597
8100,0.486454,0.533822
8200,0.496779,0.53353
8300,0.487419,0.533676
8400,0.477958,0.533614
8500,0.476839,0.533687
8600,0.491282,0.533163
8700,0.496561,0.532422
8800,0.49647,0.532014
8900,0.477401,0.531585
9000,0.495435,0.530691
9100,0.472923,0.529694
9200,0.474149,0.529312
9300,0.474228,0.528527
9400,0.481417,0.527387
9500,0.476039,0.526689
9600,0.478899,0.525615
9700,0.475291,0.525578
9800,0.472845,0.524523
9900,0.474839,0.524764
10000,0.477256,0.525952
10100,0.48834,0.526522
10200,0.487251,0.527339
10300,0.489865,0.528545
10400,0.491777,0.5297
10500,0.497341,0.531603
10600,0.495361,0.532436
10700,0.486265,0.534357
10800,0.489732,0.535567
10900,0.489556,0.537762
11000,0.480706,0.539813
11100,0.484023,0.541212
11200,0.48669,0.543498
11300,0.487573,0.545083
11400,0.481948,0.54597
11500,0.489351,0.54656
11600,0.48939,0.547638
11700,0.474203,0.548786
11800,0.481196,0.549506
11900,0.472285,0.549971
12000,0.48236,0.55025
12100,0.486425,0.549995
12200,0.458554,0.550197
12300,0.466119,0.55037
12400,0.470685,0.550403
12500,0.478995,0.550467
12600,0.475781,0.549989
12700,0.486533,0.550379
12800,0.482948,0.551047
12900,0.480046,0.551199
13000,0.478623,0.552309
13100,0.491028,0.553331
13200,0.487048,0.55411
13300,0.488873,0.555071
13400,0.478854,0.555926
13500,0.488595,0.556384
13600,0.484607,0.556881
13700,0.488008,0.557735
13800,0.492709,0.558795
13900,0.484599,0.560039
14000,0.486135,0.56026
14100,0.486427,0.561486
14200,0.48039,0.562356
14300,0.475814,0.56239
14400,0.473817,0.563169
14500,0.487555,0.563244
14600,0.488199,0.563533
14700,0.486434,0.564089
14800,0.464624,0.564088
14900,0.460272,0.564755
15000,0.453588,0.564428
15100,0.446402,0.56521
15200,0.457769,0.565984
15300,0.464519,0.566892
15400,0.463596,0.568198
15500,0.452408,0.569481
15600,0.472258,0.570562
15700,0.479308,0.571483
15800,0.472673,0.572889
15900,0.481828,0.57513
16000,0.465127,0.576719
16100,0.455457,0.577873
16200,0.464113,0.579754
16300,0.473925,0.581149
16400,0.474553,0.582499
16500,0.476407,0.5846
16600,0.469948,0.585643
16700,0.474929,0.587833
16800,0.475836,0.589284
16900,0.462609,0.591201
17000,0.467818,0.592795
17100,0.478017,0.594928
17200,0.475528,0.595843
17300,0.472761,0.596847
17400,0.473511,0.597568
17500,0.468699,0.598028
17600,0.476818,0.598721
17700,0.477873,0.598964
17800,0.470484,0.599241
17900,0.47715,0.599986
18000,0.469744,0.600136
18100,0.475212,0.600905
18200,0.480546,0.600503
18300,0.470926,0.600244
18400,0.459644,0.599617
18500,0.458622,0.599517
18600,0.475036,0.598998
18700,0.459562,0.598354
18800,0.479958,0.597903
18900,0.481586,0.596804
19000,0.465009,0.595516
19100,0.463269,0.595047
19200,0.464045,0.595095
19300,0.464271,0.594983
19400,0.468893,0.594669
19500,0.463429,0.594562
19600,0.471591,0.59497
19700,0.478686,0.594478
19800,0.475323,0.595324
19900,0.447526,0.595577
20000,0.440422,0.596268
20100,0.435097,0.596858
20200,0.443968,0.597495
20300,0.448931,0.598436
20400,0.465221,0.599142
20500,0.466297,0.600234
20600,0.467059,0.601515
20700,0.46185,0.603682
20800,0.461552,0.605813
20900,0.462659,0.607839
21000,0.454,0.610295
21100,0.452151,0.613055
21200,0.454817,0.615798
21300,0.453456,0.617946
21400,0.456212,0.620659
21500,0.452604,0.62285
21600,0.442287,0.624348
21700,0.44794,0.626061
21800,0.449102,0.627909
21900,0.447003,0.630441
22000,0.442254,0.632668
22100,0.455698,0.634941
22200,0.45819,0.637076
22300,0.455126,0.639758
22400,0.441966,0.642744
22500,0.444075,0.646516
22600,0.453487,0.649905
22700,0.435505,0.652834
22800,0.447584,0.655142
22900,0.435663,0.656497
23000,0.429458,0.658666
23100,0.438092,0.660899
23200,0.438317,0.662903
23300,0.412769,0.66419
23400,0.424143,0.666067
23500,0.425025,0.667871
23600,0.428668,0.670052
23700,0.42065,0.671841
23800,0.430255,0.673321
23900,0.422924,0.673993
24000,0.440459,0.675437
24100,0.424291,0.677445
24200,0.436644,0.678455
24300,0.425259,0.679671
24400,0.410997,0.681481
24500,0.419753,0.683616
24600,0.424624,0.685025
24700,0.420342,0.686698
24800,0.426359,0.688825
24900,0.398231,0.690422
25000,0.413526,0.692055
25100,0.399606,0.694609
25200,0.404306,0.695762
25300,0.411919,0.698095
25400,0.416303,0.699333
25500,0.415613,0.701467
25600,0.416573,0.702848
25700,0.408564,0.704817
25800,0.39386,0.706344
25900,0.387799,0.707743
26000,0.404014,0.708856
26100,0.408505,0.709804
26200,0.401715,0.711153
26300,0.412739,0.712245
26400,0.39445,0.713479
26500,0.399381,0.714336
26600,0.40313,0.715625
26700,0.393213,0.716122
26800,0.402634,0.715484
26900,0.396829,0.716063
27000,0.403701,0.715618
27100,0.400891,0.71529
27200,0.387331,0.714753
27300,0.390287,0.71452
27400,0.40039,0.714942
27500,0.389662,0.71555
27600,0.389653,0.716187
27700,0.386088,0.716044
27800,0.391756,0.715867
27900,0.39481,0.71619
28000,0.392816,0.716363
28100,0.399898,0.716097
28200,0.400909,0.716888
28300,0.394029,0.717482
28400,0.395946,0.717723
28500,0.38511,0.717374
28600,0.39054,0.717585
28700,0.387363,0.718027
28800,0.393376,0.719284
28900,0.390622,0.71982
29000,0.392399,0.720746
29100,0.404221,0.720646
29200,0.395847,0.721108
29300,0.388215,0.721037
29400,0.390259,0.721156
29500,0.392241,0.721123
29600,0.401304,0.72096
29700,0.407861,0.720622
29800,0.392408,0.719316
29900,0.401969,0.718354
30000,0.40241,0.717661
30100,0.404741,0.717049
30200,0.402282,0.716027
30300,0.400973,0.715113
30400,0.408936,0.714183
30500,0.394123,0.712211
30600,0.391051,0.711393
30700,0.399903,0.710527
30800,0.396567,0.709444
30900,0.400582,0.709264
31000,0.401089,0.708903
31100,0.399127,0.707883
31200,0.403997,0.706968
31300,0.41017,0.706271
31400,0.412628,0.706426
31500,0.407327,0.706572
31600,0.411597,0.70641
31700,0.412635,0.706427
31800,0.412746,0.706296
31900,0.411271,0.705231
32000,0.416077,0.704447
32100,0.405654,0.703459
32200,0.418877,0.701692
32300,0.421214,0.699899
32400,0.42354,0.698163
32500,0.419855,0.696478
32600,0.422799,0.69573
32700,0.422976,0.694093
32800,0.425856,0.692867
32900,0.416352,0.69129
33000,0.409993,0.690083
33100,0.389448,0.689448
33200,0.416511,0.687987
33300,0.428491,0.686507
33400,0.42806,0.684968
33500,0.424602,0.684038
33600,0.41865,0.68322
33700,0.416234,0.682406
33800,0.416469,0.682142
33900,0.418724,0.682327
34000,0.418931,0.682545
34100,0.418987,0.683162
34200,0.42586,0.683697
34300,0.407654,0.684244
34400,0.416446,0.684325
34500,0.408065,0.684652
34600,0.41065,0.685124
34700,0.403465,0.686207
34800,0.39075,0.687533
34900,0.405529,0.688218
35000,0.421635,0.688854
35100,0.424233,0.689728
35200,0.425035,0.690593
35300,0.42517,0.690981
35400,0.411044,0.692106
35500,0.424407,0.692273
35600,0.410438,0.692553
35700,0.412286,0.69293
35800,0.409178,0.69273
35900,0.411309,0.692645
36000,0.412579,0.69268
36100,0.412804,0.692826
36200,0.398898,0.692053
36300,0.398023,0.691136
36400,0.388947,0.689835
36500,0.394876,0.688998
36600,0.400553,0.688183
36700,0.403242,0.688061
36800,0.400822,0.687578
36900,0.421531,0.687859
37000,0.413228,0.688417
37100,0.417627,0.688912
37200,0.411812,0.689117
37300,0.412153,0.689294
37400,0.4076,0.689874
37500,0.421333,0.689994
37600,0.42211,0.690901
37700,0.421119,0.690715
37800,0.416577,0.691084
37900,0.428871,0.691891
38000,0.431636,0.691847
38100,0.419306,0.692511
38200,0.415054,0.692474
38300,0.419443,0.69286
38400,0.422287,0.693012
38500,0.415265,0.693237
38600,0.426456,0.693988
38700,0.418117,0.694213
38800,0.419009,0.694464
38900,0.42077,0.694085
39000,0.407819,0.694462
39100,0.41645,0.694685
39200,0.406559,0.695225
39300,0.405395,0.695697
39400,0.419742,0.696772
39500,0.420786,0.696988
39600,0.410891,0.697545
39700,0.409352,0.698996
39800,0.405276,0.699049
39900,0.410568,0.70044
40000,0.417417,0.701274
40100,0.403167,0.702082
40200,0.403989,0.702782
40300,0.398474,0.703555
40400,0.413983,0.703855
40500,0.402635,0.703731
40600,0.40425,0.704066
40700,0.397362,0.704665
40800,0.41316,0.70521
40900,0.39214,0.70503
41000,0.403647,0.705398
41100,0.410635,0.705132
41200,0.399984,0.705255
41300,0.390148,0.705225
41400,0.387543,0.705554
41500,0.398694,0.706144
41600,0.411742,0.706605
41700,0.415337,0.70735
41800,0.413106,0.708677
41900,0.403286,0.710218
42000,0.409637,0.711118
42100,0.401585,0.711946
42200,0.403198,0.713291
42300,0.397162,0.714195
42400,0.401504,0.715197
42500,0.396746,0.716078
42600,0.397673,0.717405
42700,0.390446,0.7189
42800,0.399019,0.719537
42900,0.400958,0.720749
43000,0.381471,0.722092
43100,0.382062,0.722709
43200,0.39301,0.722842
43300,0.393944,0.722718
43400,0.397968,0.72186
43500,0.405053,0.720904
43600,0.402379,0.719621
43700,0.407165,0.718835
43800,0.41341,0.717475
43900,0.398054,0.716657
44000,0.407579,0.715259
44100,0.411059,0.713372
44200,0.39948,0.711706
44300,0.406907,0.709927
44400,0.410562,0.707887
44500,0.408191,0.706083
44600,0.397946,0.704311
44700,0.400571,0.702206
44800,0.399284,0.700952
44900,0.401736,0.699571
45000,0.401783,0.6981
45100,0.417694,0.697661
45200,0.412115,0.697688
45300,0.402129,0.697598
45400,0.401053,0.697398
45500,0.417387,0.697301
45600,0.414044,0.697712
45700,0.417114,0.697924
45800,0.400173,0.69863
45900,0.405046,0.700239
46000,0.392613,0.701801
46100,0.406659,0.70235
46200,0.406538,0.703432
46300,0.404559,0.704811
46400,0.403871,0.705904
46500,0.39774,0.707276
46600,0.396709,0.708577
46700,0.388711,0.710168
46800,0.38856,0.711807
46900,0.392718,0.712947
47000,0.391167,0.715361
47100,0.38756,0.716946
47200,0.393864,0.717491
47300,0.386084,0.719067
47400,0.391389,0.720387
47500,0.389783,0.721406
47600,0.38922,0.722854
47700,0.386716,0.724686
47800,0.383233,0.726038
47900,0.37742,0.726882
48000,0.38449,0.728205
48100,0.388239,0.72938
48200,0.381827,0.729996
48300,0.391503,0.730272
48400,0.378248,0.731083
48500,0.381669,0.731241
48600,0.374797,0.731548
48700,0.369512,0.731159
48800,0.361952,0.729839
48900,0.39285,0.729323
49000,0.395421,0.727929
49100,0.394212,0.726678
49200,0.392677,0.726046
49300,0.394188,0.724899
49400,0.390455,0.723523
49500,0.386361,0.72268
49600,0.394,0.722005
49700,0.387856,0.721184
49800,0.394639,0.720826
49900,0.399229,0.720145
50000,0.402497,0.719769
50100,0.404442,0.719523
50200,0.396023,0.719234
50300,0.404339,0.719079
50400,0.397034,0.718834
50500,0.391425,0.719299
50600,0.373516,0.719629
50700,0.388133,0.720041
50800,0.391717,0.720248
50900,0.396685,0.720837
51000,0.39149,0.719894
51100,0.404124,0.718964
51200,0.40115,0.718826
51300,0.401053,0.718575
51400,0.401988,0.719162
51500,0.388532,0.719368
51600,0.388951,0.719911
51700,0.394904,0.720242
51800,0.394378,0.720195
51900,0.392087,0.720671
52000,0.398015,0.72079
52100,0.400067,0.721446
52200,0.399043,0.722359
52300,0.38379,0.723398
52400,0.38814,0.724654
52500,0.391358,0.725979
52600,0.395332,0.727411
52700,0.394146,0.729168
52800,0.389848,0.730681
52900,0.373176,0.732339
53000,0.373526,0.733888
53100,0.369011,0.735485
53200,0.362874,0.736503
53300,0.378201,0.738359
53400,0.381552,0.739523
53500,0.359482,0.741298
53600,0.356062,0.742676
53700,0.360595,0.744318
53800,0.356493,0.745778
53900,0.350594,0.745912
54000,0.361384,0.746652
54100,0.351608,0.747285
54200,0.345771,0.74758
54300,0.357711,0.748236
54400,0.360903,0.749549
54500,0.360385,0.749965
54600,0.353305,0.750867
54700,0.355759,0.752355
54800,0.348755,0.754002
54900,0.350149,0.75623
55000,0.341475,0.758994
55100,0.350553,0.761393
55200,0.353076,0.763371
55300,0.350365,0.766624
55400,0.333737,0.770306
55500,0.349766,0.772762
55600,0.345246,0.775104
55700,0.343312,0.777404
55800,0.337663,0.779661
55900,0.330459,0.782148
56000,0.32254,0.784439
56100,0.329927,0.78665
56200,0.327695,0.788335
56300,0.32093,0.790158
56400,0.332087,0.791447
56500,0.33007,0.792463
56600,0.327145,0.793366
56700,0.330324,0.793839
56800,0.330709,0.794276
56900,0.327686,0.794918
57000,0.323631,0.794956
57100,0.318001,0.795425
57200,0.314264,0.794444
57300,0.307724,0.794194
57400,0.304728,0.794266
57500,0.307648,0.794477
57600,0.304031,0.795022
57700,0.314346,0.795326
57800,0.318016,0.795009
57900,0.321953,0.795107
58000,0.312872,0.7954
58100,0.316667,0.795491
58200,0.311941,0.795566
58300,0.319104,0.795285
58400,0.31622,0.795338
58500,0.311195,0.795416
58600,0.30945,0.795335
58700,0.311507,0.795619
58800,0.305127,0.795931
58900,0.318356,0.795865
59000,0.322253,0.796544
59100,0.321518,0.796832
59200,0.325247,0.797659
59300,0.314887,0.797766
59400,0.304192,0.798156
59500,0.322147,0.799009
59600,0.311383,0.798955
59700,0.320352,0.798921
59800,0.315099,0.799111
59900,0.322741,0.799449
60000,0.312206,0.799144
60100,0.308332,0.799723
60200,0.29797,0.800214
60300,0.294922,0.800703
60400,0.302823,0.800896
60500,0.316648,0.80115
60600,0.316016,0.80127
60700,0.318579,0.80135
60800,0.314116,0.801473
60900,0.319643,0.800945
61000,0.327417,0.801063
61100,0.319127,0.800782
61200,0.310955,0.801039
61300,0.307506,0.800565
61400,0.301588,0.800049
61500,0.310784,0.800428
61600,0.318751,0.800536
61700,0.304233,0.80021
61800,0.306528,0.799857
61900,0.305047,0.799576
62000,0.321613,0.800129
62100,0.320605,0.79985
62200,0.326097,0.798967
62300,0.312137,0.798359
62400,0.3085,0.798357
62500,0.319741,0.797815
62600,0.322042,0.797616
62700,0.326037,0.79711
62800,0.309733,0.797042
62900,0.32762,0.796458
63000,0.330684,0.796078
63100,0.3217,0.795786
63200,0.32113,0.795429
63300,0.311983,0.794885
63400,0.312336,0.794615
63500,0.329035,0.794006
63600,0.325712,0.793363
63700,0.329272,0.793407
63800,0.321886,0.79389
63900,0.313698,0.79418
64000,0.306623,0.793806
64100,0.295634,0.79412
64200,0.301152,0.794296
64300,0.306818,0.794281
64400,0.337727,0.793885
64500,0.327898,0.792966
64600,0.331979,0.792955
64700,0.312478,0.793419
64800,0.312742,0.794239
64900,0.313479,0.79453
65000,0.311813,0.795656
65100,0.310792,0.796504
65200,0.317169,0.797175
65300,0.319013,0.797708
65400,0.321295,0.797825
65500,0.313226,0.798334
65600,0.313081,0.798787
65700,0.318732,0.798904
65800,0.320955,0.798415
65900,0.312941,0.798383
66000,0.287796,0.798419
66100,0.295944,0.798742
66200,0.315795,0.798999
66300,0.314324,0.798918
66400,0.312407,0.798816
66500,0.302813,0.798867
66600,0.310893,0.798848
66700,0.303508,0.798935
66800,0.312678,0.799067
66900,0.308038,0.799231
67000,0.306715,0.79938
67100,0.311986,0.798681
67200,0.303256,0.798161
67300,0.316527,0.798357
67400,0.301384,0.798116
67500,0.305981,0.797192
67600,0.315068,0.797127
67700,0.314721,0.797545
67800,0.305328,0.797881
67900,0.310255,0.79828
68000,0.31885,0.798435
68100,0.307105,0.799035
68200,0.304291,0.799471
68300,0.307709,0.800018
68400,0.309303,0.800483
68500,0.318566,0.800785
68600,0.321758,0.801583
68700,0.316223,0.801606
68800,0.308344,0.802541
68900,0.323455,0.803531
69000,0.320649,0.804092
69100,0.31896,0.804206
69200,0.305989,0.805246
69300,0.300946,0.805344
69400,0.302472,0.805507
69500,0.286661,0.805749
69600,0.285501,0.805503
69700,0.295606,0.804493
69800,0.287489,0.804479
69900,0.29714,0.804195
70000,0.301507,0.803744
70100,0.319338,0.803215
70200,0.319286,0.802826
70300,0.308603,0.802181
70400,0.314029,0.801117
70500,0.314812,0.799661
70600,0.305384,0.799088
70700,0.308238,0.798088
70800,0.318071,0.797775
70900,0.327376,0.796441
71000,0.336345,0.795065
71100,0.33158,0.792771
71200,0.326889,0.791054
71300,0.323808,0.78876
71400,0.323206,0.786942
71500,0.338397,0.784952
71600,0.336316,0.783409
71700,0.336086,0.781317
71800,0.350485,0.779676
71900,0.33605,0.777796
72000,0.332761,0.775414
72100,0.334066,0.774121
72200,0.341298,0.771966
72300,0.35764,0.770055
72400,0.343581,0.768675
72500,0.364601,0.767256
72600,0.360995,0.76612
72700,0.364026,0.765563
72800,0.356786,0.764207
72900,0.341672,0.763314
73000,0.358233,0.762484
73100,0.348367,0.761703
73200,0.359522,0.76051
73300,0.36331,0.759752
73400,0.356818,0.759828
73500,0.367124,0.759911
73600,0.36101,0.759663
73700,0.357975,0.759199
73800,0.370534,0.758817
73900,0.349692,0.758114
74000,0.3562,0.757594
74100,0.342314,0.757372
74200,0.345942,0.75758
74300,0.336221,0.757629
74400,0.351892,0.757571
74500,0.357805,0.757395
74600,0.358737,0.757535
74700,0.350644,0.758023
74800,0.350222,0.758446
74900,0.350424,0.758503
75000,0.349558,0.758916
75100,0.34887,0.759894
75200,0.344085,0.759466
75300,0.338356,0.760112
75400,0.350568,0.761551
75500,0.35298,0.762404
75600,0.351927,0.763143
75700,0.352266,0.763803
75800,0.351052,0.765591
75900,0.356369,0.766661
76000,0.351673,0.767608
76100,0.350381,0.768508
76200,0.344414,0.768728
76300,0.349372,0.769264
76400,0.341078,0.770426
76500,0.335314,0.77082
76600,0.326609,0.771336
76700,0.324041,0.772443
76800,0.329356,0.773068
76900,0.333348,0.773689
77000,0.331812,0.774368
77100,0.335336,0.774851
77200,0.324448,0.775553
77300,0.32089,0.776704
77400,0.311312,0.777527
77500,0.32413,0.777652
77600,0.336569,0.777801
77700,0.323511,0.778356
77800,0.320907,0.77915
77900,0.310532,0.780099
78000,0.33044,0.780736
78100,0.333899,0.781851
78200,0.324271,0.78238
78300,0.334771,0.783745
78400,0.335549,0.785407
78500,0.322184,0.786832
78600,0.342821,0.788431
78700,0.330369,0.78906
78800,0.324448,0.789168
78900,0.324779,0.789696
79000,0.333874,0.789984
79100,0.323558,0.79008
79200,0.322062,0.789934
79300,0.331448,0.78964
79400,0.333854,0.789975
79500,0.336355,0.790364
79600,0.321914,0.789779
79700,0.328266,0.789581
79800,0.335308,0.788965
79900,0.345579,0.788018
80000,0.344967,0.787117
80100,0.340005,0.78634
80200,0.341465,0.785085
80300,0.337176,0.784263
80400,0.340488,0.782952
80500,0.329577,0.781409
80600,0.329805,0.781142
80700,0.332347,0.781156
80800,0.341151,0.780574
80900,0.339557,0.779531
81000,0.334116,0.779254
81100,0.333897,0.779138
81200,0.334555,0.779064
81300,0.338775,0.778133
81400,0.32924,0.778211
81500,0.338979,0.778117
81600,0.326384,0.777973
81700,0.322697,0.778173
81800,0.329126,0.778039
81900,0.331955,0.778174
82000,0.340606,0.778194
82100,0.335076,0.778337
82200,0.331455,0.778829
82300,0.327582,0.779473
82400,0.32142,0.780353
82500,0.325347,0.781269
82600,0.324659,0.781501
82700,0.315518,0.781935
82800,0.322028,0.781957
82900,0.325291,0.782794
83000,0.327795,0.783209
83100,0.323163,0.783212
83200,0.324465,0.784164
83300,0.332171,0.785016
83400,0.33107,0.785881
83500,0.333399,0.786154
83600,0.329896,0.786392
83700,0.335353,0.785977
83800,0.322442,0.784969
83900,0.337944,0.784825
84000,0.344075,0.784033
84100,0.33751,0.783626
84200,0.336113,0.783585
84300,0.342855,0.782878
84400,0.349138,0.782474
84500,0.326292,0.782131
84600,0.32369,0.781428
84700,0.318999,0.78003
84800,0.32302,0.779059
84900,0.3325,0.778242
85000,0.340595,0.77715
85100,0.342947,0.776374
85200,0.339657,0.775365
85300,0.338531,0.773483
85400,0.345068,0.771619
85500,0.352387,0.770573
85600,0.347249,0.769286
85700,0.348163,0.767868
85800,0.347217,0.766886
85900,0.340897,0.766549
86000,0.345568,0.766079
86100,0.358195,0.766116
86200,0.359988,0.766641
86300,0.352637,0.766573
86400,0.35736,0.766094
86500,0.340751,0.766439
86600,0.339573,0.76672
86700,0.359591,0.766437
86800,0.357377,0.76683
86900,0.348808,0.767726
87000,0.354755,0.768515
87100,0.354214,0.768953
87200,0.35313,0.768109
87300,0.360629,0.768077
87400,0.341041,0.768412
87500,0.341639,0.768142
87600,0.342243,0.768429
87700,0.330905,0.767978
87800,0.340301,0.767491
87900,0.341657,0.766333
88000,0.349631,0.766151
88100,0.345015,0.765906
88200,0.34715,0.765854
88300,0.356333,0.765357
88400,0.356823,0.764773
88500,0.344137,0.764736
88600,0.354093,0.764955
88700,0.365936,0.764825
88800,0.349722,0.76517
88900,0.347668,0.764947
89000,0.354915,0.764643
89100,0.350692,0.764353
89200,0.362953,0.76402
89300,0.352715,0.763541
89400,0.348234,0.762951
89500,0.36597,0.762751
89600,0.358589,0.762753
89700,0.348786,0.762337
89800,0.346821,0.761885
89900,0.348658,0.761253
90000,0.363936,0.760692
90100,0.35507,0.760538
90200,0.359449,0.760901
90300,0.355027,0.760505
90400,0.362461,0.76018
90500,0.356902,0.760786
90600,0.351737,0.760135
90700,0.358858,0.75997
90800,0.355613,0.760181
90900,0.351223,0.760452
91000,0.348197,0.760916
91100,0.36126,0.761026
91200,0.361549,0.761889
91300,0.363356,0.762381
91400,0.359074,0.763536
91500,0.354006,0.763509
91600,0.349633,0.764262
91700,0.355806,0.765063
91800,0.348925,0.765816
91900,0.344858,0.766374
92000,0.341721,0.766914
92100,0.349334,0.767257
92200,0.355342,0.76714
92300,0.350689,0.767722
92400,0.352754,0.767351
92500,0.342813,0.767438
92600,0.341723,0.767359
92700,0.35253,0.76708
92800,0.341275,0.767192
92900,0.341954,0.766702
93000,0.34335,0.767348
93100,0.341493,0.766841
93200,0.336461,0.766732
93300,0.348832,0.766533
93400,0.335685,0.766423
93500,0.342332,0.766571
93600,0.330532,0.766904
93700,0.339938,0.766474
93800,0.344513,0.766584
93900,0.347599,0.766695
94000,0.342493,0.76668
94100,0.355283,0.76755
94200,0.356998,0.767654
94300,0.348047,0.768635
94400,0.35457,0.76958
94500,0.355456,0.769553
94600,0.323697,0.770314
94700,0.325706,0.771371
94800,0.336231,0.772441
94900,0.330564,0.773431
95000,0.336949,0.774962
95100,0.328946,0.775743
95200,0.335738,0.777409
95300,0.346575,0.778167
95400,0.346629,0.778911
95500,0.339414,0.779382
95600,0.348562,0.779648
95700,0.340528,0.78017
95800,0.34382,0.780984
95900,0.330065,0.781239
96000,0.346825,0.781868
96100,0.331141,0.782154
96200,0.330296,0.782793
96300,0.323687,0.782805
96400,0.324528,0.782927
96500,0.333925,0.782205
96600,0.345547,0.782464
96700,0.336216,0.782345
96800,0.334731,0.781648
96900,0.327972,0.781076
97000,0.336168,0.779993
97100,0.330239,0.778717
97200,0.333855,0.777171
97300,0.341166,0.775821
97400,0.329936,0.774833
97500,0.355727,0.773836
97600,0.353483,0.773533
97700,0.358259,0.772684
97800,0.342927,0.772038
97900,0.341157,0.77159
98000,0.350629,0.770956
98100,0.353167,0.77003
98200,0.344299,0.768901
98300,0.357171,0.767656
98400,0.354065,0.766405
98500,0.363765,0.765441
98600,0.357254,0.764213
98700,0.364405,0.763276
98800,0.356625,0.76287
98900,0.344653,0.762103
99000,0.349436,0.7611
99100,0.358083,0.760344
99200,0.350668,0.759491
99300,0.351256,0.758989
99400,0.355651,0.758093
99500,0.36809,0.757303
99600,0.363443,0.756502
99700,0.367815,0.754969
99800,0.353569,0.754599
99900,0.359506,0.753737
