0,0.499999,0.499928
100,0.496381,0.499822
200,0.492926,0.499673
300,0.489586,0.49902
400,0.495543,0.498904
500,0.496572,0.498642
600,0.493979,0.498587
700,0.490502,0.498129
800,0.494868,0.497305
900,0.496402,0.497343
1000,0.485435,0.496528
1100,0.473187,0.495275
1200,0.47222,0.493844
1300,0.485079,0.492398
1400,0.486314,0.491244
1500,0.48471,0.490023
1600,0.478998,0.48861
1700,0.474806,0.486404
1800,0.494999,0.483475
1900,0.481595,0.481431
2000,0.489414,0.479201
2100,0.49005,0.476942
2200,0.47861,0.475604
2300,0.475427,0.473347
2400,0.477427,0.471726
2500,0.486618,0.471138
2600,0.46947,0.469351
2700,0.47379,0.46853
2800,0.487346,0.467634
2900,0.483981,0.466746
3000,0.490378,0.466532
3100,0.483374,0.466319
3200,0.46921,0.465762
3300,0.48008,0.466129
3400,0.488791,0.467392
3500,0.490429,0.46794
3600,0.489208,0.468957
3700,0.485863,0.469853
3800,0.484311,0.47053
3900,0.490227,0.471193
4000,0.495415,0.47206
4100,0.495372,0.473379
4200,0.480859,0.474374
4300,0.491225,0.475778
4400,0.480552,0.476872
4500,0.473484,0.477981
4600,0.493159,0.479606
4700,0.484257,0.48027
4800,0.491158,0.481412
4900,0.485473,0.482416
5000,0.490605,0.48308
5100,0.488798,0.483183
5200,0.483918,0.483242
5300,0.484127,0.483979
5400,0.482062,0.483714
5500,0.484133,0.483405
5600,0.480597,0.482305
5700,0.484081,0.482053
5800,0.484508,0.481344
5900,0.488976,0.48115
6000,0.480374,0.480364
6100,0.4786,0.479811
6200,0.472203,0.479064
6300,0.495432,0.478709
6400,0.498709,0.477968
6500,0.492541,0.478326
6600,0.493376,0.477598
6700,0.486915,0.477326
6800,0.476018,0.476518
6900,0.48594,0.476317
7000,0.49075,0.475493
7100,0.491646,0.475178
7200,0.491799,0.475085
7300,0.496085,0.475481
7400,0.48401,0.475556
7500,0.485372,0.475274
7600,0.475646,0.475523
7700,0.490607,0.476121
7800,0.494892,0.475711
7900,0.488238,0.476029
8000,0.490155,0.476501
8100,0.492058,0.478462
8200,0.489773,0.479816
8300,0.487616,0.481299
8400,0.481848,0.482762
8500,0.484345,0.483308
8600,0.483369,0.484719
8700,0.486878,0.485804
8800,0.490599,0.48635
8900,0.494408,0.486659
9000,0.488963,0.485882
9100,0.489248,0.486194
9200,0.492109,0.48585
9300,0.494621,0.485492
9400,0.49349,0.486395
9500,0.478582,0.486307
9600,0.481317,0.48568
9700,0.471815,0.485499
9800,0.47554,0.484478
9900,0.481987,0.483867
10000,0.490576,0.481884
10100,0.491339,0.480856
10200,0.49441,0.479321
10300,0.494821,0.477564
10400,0.488526,0.477028
10500,0.496283,0.475826
10600,0.496028,0.474778
10700,0.479795,0.473577
10800,0.48422,0.47309
10900,0.486617,0.472307
11000,0.493986,0.470396
11100,0.479651,0.469112
11200,0.485008,0.467901
11300,0.494038,0.467864
11400,0.490274,0.466547
11500,0.493766,0.465575
11600,0.482215,0.465697
11700,0.484519,0.465825
11800,0.492024,0.465354
11900,0.491243,0.465444
12000,0.485875,0.465445
12100,0.466694,0.465623
12200,0.480138,0.465656
12300,0.493901,0.466622
12400,0.493249,0.467174
12500,0.489613,0.46815
12600,0.496776,0.468441
12700,0.483281,0.469299
12800,0.480723,0.469589
12900,0.493892,0.470429
13000,0.468846,0.471354
13100,0.487559,0.472977
13200,0.481315,0.474156
13300,0.490776,0.475288
13400,0.488796,0.476605
13500,0.492486,0.477721
13600,0.492496,0.479537
13700,0.487791,0.480988
13800,0.477359,0.482618
13900,0.480376,0.484242
14000,0.486172,0.485699
14100,0.491635,0.48762
14200,0.480766,0.489644
14300,0.494619,0.49177
14400,0.497491,0.494183
14500,0.485131,0.496915
14600,0.492231,0.499167
14700,0.488413,0.501386
14800,0.495443,0.503384
14900,0.48115,0.505867
15000,0.470433,0.508168
15100,0.484667,0.509524
15200,0.486359,0.510757
15300,0.494131,0.513168
15400,0.491229,0.51541
15500,0.495681,0.518037
15600,0.49747,0.520421
15700,0.494969,0.522801
15800,0.487863,0.524432
15900,0.494233,0.526584
16000,0.49102,0.528254
16100,0.482084,0.529418
16200,0.496817,0.529324
16300,0.486302,0.529188
16400,0.479195,0.529256
16500,0.479419,0.529791
16600,0.488539,0.529172
16700,0.489593,0.528661
16800,0.483629,0.52848
16900,0.489907,0.527574
17000,0.493922,0.527045
17100,0.481992,0.526892
17200,0.481686,0.525898
17300,0.488548,0.524847
17400,0.484334,0.524372
17500,0.48665,0.522612
17600,0.497355,0.520992
17700,0.484659,0.520098
17800,0.494243,0.520042
17900,0.495315,0.519413
18000,0.489981,0.518804
18100,0.490468,0.519201
18200,0.492454,0.519001
18300,0.487486,0.518384
18400,0.491922,0.518066
18500,0.482886,0.517521
18600,0.479731,0.517861
18700,0.47481,0.517265
18800,0.495302,0.517387
18900,0.496053,0.51666
19000,0.490302,0.517427
19100,0.491798,0.516622
19200,0.492794,0.516789
19300,0.492746,0.515928
19400,0.486259,0.514786
19500,0.491894,0.514636
19600,0.490712,0.514642
19700,0.494851,0.513846
19800,0.490974,0.513293
19900,0.484298,0.51369
20000,0.484954,0.513815
20100,0.477417,0.51413
20200,0.489929,0.514036
20300,0.489066,0.514282
20400,0.494239,0.514754
20500,0.494902,0.515318
20600,0.496115,0.515474
20700,0.495035,0.515757
20800,0.488027,0.515935
20900,0.489091,0.516542
21000,0.486266,0.517695
21100,0.485428,0.51846
21200,0.491448,0.519302
21300,0.496056,0.520146
21400,0.490695,0.520924
21500,0.491827,0.521433
21600,0.488946,0.521869
21700,0.489226,0.522643
21800,0.491076,0.524145
21900,0.483743,0.525243
22000,0.487886,0.525046
22100,0.480914,0.524524
22200,0.493651,0.524539
22300,0.494576,0.52537
22400,0.493183,0.52682
22500,0.489819,0.527652
22600,0.477784,0.528088
22700,0.494129,0.528555
22800,0.487483,0.528562
22900,0.473564,0.529
23000,0.48447,0.528278
23100,0.474988,0.527945
23200,0.494575,0.526876
23300,0.490656,0.52668
23400,0.489575,0.527261
23500,0.487835,0.527625
23600,0.492275,0.528169
23700,0.484119,0.528555
23800,0.48629,0.52973
23900,0.491304,0.529386
24000,0.473183,0.529358
24100,0.467743,0.529946
24200,0.479177,0.530821
24300,0.470402,0.530616
24400,0.46183,0.531779
24500,0.453665,0.532423
24600,0.454806,0.532268
24700,0.452929,0.532086
24800,0.447989,0.532731
24900,0.468423,0.532986
25000,0.465406,0.533988
25100,0.470997,0.534349
25200,0.470756,0.535572
25300,0.470664,0.536477
25400,0.484362,0.538432
25500,0.477166,0.539506
25600,0.483898,0.541116
25700,0.471143,0.542184
25800,0.467372,0.544001
25900,0.480817,0.545425
26000,0.475698,0.547752
26100,0.476426,0.550085
26200,0.483768,0.551909
26300,0.492301,0.553317
26400,0.485812,0.555134
26500,0.485234,0.556478
26600,0.484012,0.557674
26700,0.483078,0.559037
26800,0.484134,0.559848
26900,0.488061,0.561042
27000,0.483525,0.562319
27100,0.483838,0.56338
27200,0.486467,0.564105
27300,0.477078,0.564505
27400,0.484321,0.564006
27500,0.483678,0.562742
27600,0.475423,0.562587
27700,0.492237,0.561773
27800,0.488437,0.560382
27900,0.484506,0.560009
28000,0.487051,0.558423
28100,0.481245,0.557393
28200,0.488097,0.556154
28300,0.488694,0.555267
28400,0.486292,0.554967
28500,0.487917,0.554739
28600,0.486572,0.5548
28700,0.486266,0.554834
28800,0.487207,0.555217
28900,0.491898,0.555052
29000,0.483918,0.55604
29100,0.484271,0.556268
29200,0.479909,0.556336
29300,0.477207,0.556337
29400,0.487725,0.556091
29500,0.488029,0.555832
29600,0.488231,0.554685
29700,0.48128,0.554417
29800,0.490405,0.55503
29900,0.474863,0.555193
30000,0.486111,0.554185
30100,0.488902,0.553471
30200,0.485838,0.552576
30300,0.478874,0.551234
30400,0.490357,0.549473
30500,0.476916,0.547748
30600,0.489739,0.545757
30700,0.480988,0.543421
30800,0.495619,0.541315
30900,0.484905,0.539056
31000,0.481936,0.536939
31100,0.4902,0.535866
31200,0.488484,0.53396
31300,0.497029,0.53272
31400,0.476019,0.531792
31500,0.491415,0.531327
31600,0.485632,0.530745
31700,0.482797,0.53002
31800,0.489173,0.530105
31900,0.487855,0.529212
32000,0.4936,0.528978
32100,0.462689,0.527327
32200,0.477226,0.526698
32300,0.467996,0.52618
32400,0.470012,0.525514
32500,0.490484,0.524882
32600,0.478923,0.525341
32700,0.487807,0.526643
32800,0.490574,0.527228
32900,0.494176,0.528388
33000,0.482645,0.529136
33100,0.483849,0.529509
33200,0.480879,0.530577
33300,0.494283,0.531068
33400,0.483094,0.531687
33500,0.491147,0.532166
33600,0.487498,0.532463
33700,0.479448,0.533067
33800,0.479611,0.533714
33900,0.489608,0.533738
34000,0.487647,0.533928
34100,0.480358,0.533788
34200,0.478475,0.53351
34300,0.479447,0.533155
34400,0.488402,0.532331
34500,0.475104,0.53053
34600,0.472844,0.528735
34700,0.480602,0.527269
34800,0.4865,0.524983
34900,0.493752,0.523767
35000,0.491315,0.522014
35100,0.493977,0.519595
35200,0.482834,0.517524
35300,0.481185,0.515267
35400,0.496501,0.513427
35500,0.491248,0.511482
35600,0.492677,0.509307
35700,0.49021,0.507515
35800,0.49273,0.506074
35900,0.492197,0.504585
36000,0.487359,0.502411
36100,0.487015,0.500525
36200,0.491669,0.498169
36300,0.476327,0.495941
36400,0.474129,0.49455
36500,0.483074,0.492876
36600,0.493943,0.491827
36700,0.47862,0.491196
36800,0.484092,0.49042
36900,0.493013,0.489697
37000,0.498228,0.488096
37100,0.494127,0.486007
37200,0.485995,0.484486
37300,0.489316,0.483205
37400,0.491587,0.482019
37500,0.484317,0.48129
37600,0.485473,0.480668
37700,0.489553,0.479546
37800,0.485169,0.478913
37900,0.486699,0.478229
38000,0.482455,0.477302
38100,0.495891,0.476463
38200,0.486714,0.475853
38300,0.488977,0.475202
38400,0.464691,0.474402
38500,0.48218,0.473984
38600,0.492282,0.474229
38700,0.491828,0.474012
38800,0.481202,0.473922
38900,0.477178,0.474127
39000,0.484866,0.474303
39100,0.482034,0.474867
39200,0.479624,0.47535
39300,0.483661,0.475302
39400,0.490297,0.475671
39500,0.491791,0.476333
39600,0.485578,0.476816
39700,0.486492,0.476846
39800,0.480497,0.47681
39900,0.496108,0.477457
40000,0.482646,0.477938
40100,0.491041,0.478821
40200,0.494703,0.479274
40300,0.482777,0.479436
40400,0.480039,0.480914
40500,0.492498,0.481585
40600,0.49494,0.482367
40700,0.482183,0.482674
40800,0.481907,0.483576
40900,0.475494,0.484389
41000,0.490211,0.484408
41100,0.490662,0.484847
41200,0.487222,0.484332
41300,0.491414,0.483994
41400,0.489697,0.483639
41500,0.475026,0.483918
41600,0.479006,0.483166
41700,0.498166,0.482412
41800,0.489051,0.481883
41900,0.492019,0.480664
42000,0.495331,0.480197
42100,0.484566,0.479484
42200,0.488228,0.478681
42300,0.497388,0.477551
42400,0.489018,0.477082
42500,0.481882,0.476259
42600,0.488627,0.4752
42700,0.497191,0.473965
42800,0.496691,0.47376
42900,0.48377,0.47313
43000,0.48557,0.472085
43100,0.484199,0.471588
43200,0.489994,0.470449
43300,0.473002,0.471179
43400,0.469092,0.471472
43500,0.473334,0.47174
43600,0.483223,0.471487
43700,0.482529,0.471008
43800,0.491305,0.471272
43900,0.490699,0.471745
44000,0.486841,0.472584
44100,0.487059,0.473394
44200,0.497693,0.473589
44300,0.486054,0.474136
44400,0.486348,0.474581
44500,0.481421,0.474428
44600,0.488496,0.474666
44700,0.47971,0.475552
44800,0.469485,0.475897
44900,0.470988,0.476681
45000,0.473827,0.477619
45100,0.477497,0.478331
45200,0.482621,0.478474
45300,0.487157,0.478301
45400,0.493542,0.478974
45500,0.484502,0.478703
45600,0.487839,0.478165
45700,0.487088,0.478355
45800,0.49189,0.478508
45900,0.485011,0.478799
46000,0.490003,0.479209
46100,0.480717,0.47922
46200,0.489061,0.478998
46300,0.497845,0.478986
46400,0.484425,0.478641
46500,0.491081,0.478521
46600,0.477124,0.477817
46700,0.483947,0.476543
46800,0.494051,0.476185
46900,0.491918,0.475858
47000,0.497342,0.474686
47100,0.487698,0.473781
47200,0.49449,0.472512
47300,0.486168,0.471984
47400,0.488316,0.471229
47500,0.487705,0.470509
47600,0.482101,0.469865
47700,0.48189,0.470474
47800,0.491714,0.470468
47900,0.49658,0.470443
48000,0.481508,0.470704
48100,0.495081,0.47119
48200,0.48896,0.472153
48300,0.488466,0.472988
48400,0.483465,0.473302
48500,0.480491,0.475149
48600,0.481875,0.477777
48700,0.486177,0.479038
48800,0.494711,0.480551
48900,0.490626,0.482687
49000,0.492605,0.485243
49100,0.495571,0.487657
49200,0.496273,0.490338
49300,0.479229,0.492236
49400,0.489254,0.494657
49500,0.484007,0.496943
49600,0.479047,0.498519
49700,0.484245,0.499693
49800,0.485395,0.50148
49900,0.479009,0.502867
50000,0.476886,0.504117
50100,0.48149,0.504879
50200,0.484139,0.506164
50300,0.486101,0.505863
50400,0.473106,0.506396
50500,0.483768,0.506864
50600,0.493582,0.506757
50700,0.492042,0.507425
50800,0.486988,0.507803
50900,0.48831,0.508878
51000,0.494107,0.509264
51100,0.489655,0.510146
51200,0.48454,0.511181
51300,0.488492,0.511412
51400,0.487329,0.512467
51500,0.479614,0.512644
51600,0.491812,0.513164
51700,0.479352,0.513201
51800,0.492122,0.513743
51900,0.497669,0.514519
52000,0.495849,0.515366
52100,0.476091,0.515627
52200,0.472327,0.515285
52300,0.478929,0.514803
52400,0.471448,0.514418
52500,0.495527,0.513206
52600,0.492867,0.512193
52700,0.494117,0.511597
52800,0.495307,0.510446
52900,0.494353,0.509406
53000,0.488913,0.508004
53100,0.481373,0.50651
53200,0.478106,0.505925
53300,0.48448,0.504856
53400,0.48181,0.503657
53500,0.487152,0.503268
53600,0.476969,0.50173
53700,0.481652,0.500222
53800,0.475461,0.500096
53900,0.439713,0.499677
54000,0.446475,0.499592
54100,0.459165,0.499801
54200,0.470166,0.499466
54300,0.483412,0.49892
54400,0.492137,0.499013
54500,0.494287,0.499067
54600,0.485222,0.499103
54700,0.487028,0.499205
54800,0.471829,0.499617
54900,0.495126,0.49932
55000,0.491781,0.4993
55100,0.492546,0.499696
55200,0.491512,0.499301
55300,0.491763,0.499538
55400,0.490613,0.498888
55500,0.490829,0.498382
55600,0.479438,0.497403
55700,0.487001,0.496141
55800,0.491852,0.49507
55900,0.498188,0.494598
56000,0.493231,0.49207
56100,0.490548,0.490739
56200,0.478862,0.489626
56300,0.485427,0.488284
56400,0.476034,0.486702
56500,0.492506,0.48502
56600,0.492285,0.483481
56700,0.493957,0.481103
56800,0.491116,0.478539
56900,0.492591,0.476657
57000,0.491981,0.476006
57100,0.485432,0.475705
57200,0.486502,0.475137
57300,0.492616,0.475242
57400,0.493747,0.475357
57500,0.491475,0.474748
57600,0.488487,0.4757
57700,0.484621,0.475902
57800,0.482296,0.476424
57900,0.487839,0.476612
58000,0.486559,0.477693
58100,0.485451,0.4775
58200,0.485408,0.478995
58300,0.477749,0.480316
58400,0.48257,0.480887
58500,0.493392,0.481418
58600,0.492388,0.483108
58700,0.487259,0.484212
58800,0.489984,0.484847
58900,0.488487,0.486197
59000,0.479797,0.487243
59100,0.481212,0.488509
59200,0.492508,0.489133
59300,0.495291,0.489959
59400,0.488866,0.49114
59500,0.493692,0.491742
59600,0.495566,0.492485
59700,0.491004,0.493392
59800,0.490348,0.493448
59900,0.497656,0.493537
60000,0.492491,0.493138
60100,0.49171,0.492732
60200,0.493342,0.492253
60300,0.494671,0.49205
60400,0.482066,0.491802
60500,0.492309,0.491649
60600,0.492899,0.491908
60700,0.494127,0.49216
60800,0.496173,0.492338
60900,0.493512,0.492723
61000,0.495022,0.493681
61100,0.492141,0.493271
61200,0.474601,0.493462
61300,0.494642,0.494895
61400,0.490501,0.496417
61500,0.479478,0.497926
61600,0.490912,0.498591
61700,0.493423,0.500065
61800,0.475198,0.501002
61900,0.474735,0.502304
62000,0.473109,0.503208
62100,0.47661,0.504279
62200,0.473492,0.505716
62300,0.476786,0.506526
62400,0.493323,0.507347
62500,0.491742,0.508469
62600,0.489073,0.509829
62700,0.479246,0.51199
62800,0.489372,0.513974
62900,0.493277,0.515894
63000,0.486983,0.51841
63100,0.498144,0.521723
63200,0.491759,0.523992
63300,0.487824,0.526465
63400,0.475978,0.528923
63500,0.486985,0.531966
63600,0.48819,0.533897
63700,0.493139,0.535873
63800,0.486204,0.537617
63900,0.49293,0.539598
64000,0.482699,0.541799
64100,0.472875,0.544414
64200,0.489439,0.546635
64300,0.492035,0.548496
64400,0.488504,0.550129
64500,0.488423,0.551885
64600,0.481666,0.553395
64700,0.491524,0.554453
64800,0.475083,0.556277
64900,0.481075,0.5577
65000,0.488421,0.559129
65100,0.491725,0.559805
65200,0.492449,0.560677
65300,0.482938,0.56096
65400,0.478949,0.560809
65500,0.48542,0.561141
65600,0.49226,0.560779
65700,0.469303,0.559967
65800,0.462829,0.559901
65900,0.483875,0.559789
66000,0.484595,0.559105
66100,0.486712,0.557923
66200,0.484641,0.556517
66300,0.481564,0.555574
66400,0.487169,0.554092
66500,0.486465,0.552745
66600,0.483263,0.551135
66700,0.489833,0.550575
66800,0.484319,0.549376
66900,0.469199,0.548815
67000,0.489568,0.548276
67100,0.478845,0.54742
67200,0.488522,0.546762
67300,0.486663,0.546674
67400,0.477696,0.546463
67500,0.48268,0.547251
67600,0.490531,0.547395
67700,0.490356,0.548051
67800,0.487142,0.549047
67900,0.485271,0.550953
68000,0.484042,0.552304
68100,0.48681,0.554286
68200,0.487281,0.555731
68300,0.491787,0.556801
68400,0.487811,0.557973
68500,0.484406,0.559004
68600,0.481553,0.559528
68700,0.489177,0.558819
68800,0.487601,0.558962
68900,0.478677,0.558618
69000,0.464889,0.557843
69100,0.478234,0.557566
69200,0.483908,0.557694
69300,0.487024,0.556197
69400,0.483191,0.556556
69500,0.465975,0.556133
69600,0.462345,0.55626
69700,0.481345,0.55647
69800,0.48626,0.556454
69900,0.481347,0.556252
70000,0.484796,0.556185
70100,0.478332,0.556303
70200,0.484304,0.557063
70300,0.485518,0.557947
70400,0.490512,0.55776
70500,0.478878,0.558549
70600,0.477675,0.559455
70700,0.482931,0.559215
70800,0.476289,0.559559
70900,0.479809,0.559975
71000,0.484811,0.559543
71100,0.491777,0.559337
71200,0.480628,0.559564
71300,0.481103,0.559519
71400,0.474919,0.55936
71500,0.467234,0.560833
71600,0.484394,0.561146
71700,0.469967,0.561181
71800,0.479776,0.560855
71900,0.482971,0.560631
72000,0.48754,0.560873
72100,0.489044,0.559917
72200,0.466243,0.559071
72300,0.479066,0.558027
72400,0.4815,0.557614
72500,0.482127,0.557646
72600,0.48654,0.557184
72700,0.484558,0.556635
72800,0.489264,0.557093
72900,0.484357,0.556313
73000,0.483942,0.556311
73100,0.48236,0.55624
73200,0.484863,0.555544
73300,0.488933,0.555077
73400,0.485968,0.553725
73500,0.479507,0.552952
73600,0.467206,0.552633
73700,0.48344,0.551674
73800,0.490335,0.551555
73900,0.47937,0.552164
74000,0.479573,0.550893
74100,0.479187,0.550024
74200,0.480177,0.549934
74300,0.475835,0.549623
74400,0.479193,0.549814
74500,0.481761,0.549781
74600,0.488258,0.550162
74700,0.484223,0.550384
74800,0.478546,0.551121
74900,0.486004,0.551684
75000,0.490245,0.551688
75100,0.48794,0.551758
75200,0.490548,0.551957
75300,0.475793,0.553668
75400,0.479701,0.55442
75500,0.487381,0.555235
75600,0.485549,0.556121
75700,0.483764,0.556552
75800,0.484331,0.556583
75900,0.485547,0.556971
76000,0.475531,0.557608
76100,0.455389,0.558069
76200,0.482713,0.55767
76300,0.491339,0.557792
76400,0.470031,0.557588
76500,0.4737,0.557533
76600,0.470288,0.557305
76700,0.472223,0.557307
76800,0.482799,0.556568
76900,0.464034,0.556769
77000,0.467455,0.556957
77100,0.474224,0.556325
77200,0.474812,0.555317
77300,0.474119,0.554491
77400,0.478799,0.55346
77500,0.474741,0.552239
77600,0.475311,0.551633
77700,0.486347,0.550171
77800,0.480586,0.548902
77900,0.482148,0.547104
78000,0.49145,0.545674
78100,0.49128,0.544651
78200,0.491585,0.543551
78300,0.491681,0.54308
78400,0.490574,0.541218
78500,0.492049,0.539924
78600,0.489963,0.538844
78700,0.494293,0.538491
78800,0.493585,0.537997
78900,0.490503,0.537433
79000,0.483847,0.536631
79100,0.476677,0.535745
79200,0.489816,0.53499
79300,0.483868,0.53451
79400,0.480124,0.533938
79500,0.478591,0.532887
79600,0.483288,0.532576
79700,0.48355,0.532788
79800,0.478878,0.532416
79900,0.49063,0.532535
80000,0.489061,0.532428
80100,0.490393,0.534102
80200,0.479782,0.535253
80300,0.469899,0.536208
80400,0.481267,0.536435
80500,0.487256,0.537503
80600,0.487333,0.537321
80700,0.469502,0.537748
80800,0.470924,0.538548
80900,0.483882,0.538004
81000,0.493783,0.538252
81100,0.48984,0.538758
81200,0.480521,0.539152
81300,0.486049,0.53832
81400,0.481993,0.538257
81500,0.483411,0.537789
81600,0.485735,0.537636
81700,0.482922,0.536383
81800,0.478866,0.536488
81900,0.493684,0.5349
82000,0.493937,0.534476
82100,0.483222,0.533702
82200,0.488038,0.532835
82300,0.493142,0.531795
82400,0.490841,0.530515
82500,0.467843,0.529251
82600,0.493888,0.528375
82700,0.489603,0.528378
82800,0.47387,0.527709
82900,0.48251,0.526942
83000,0.463221,0.526861
83100,0.469316,0.526341
83200,0.474067,0.527491
83300,0.474677,0.527106
83400,0.481793,0.526655
83500,0.476959,0.525992
83600,0.479498,0.526035
83700,0.470926,0.526322
83800,0.481308,0.526267
83900,0.496276,0.526094
84000,0.479667,0.526041
84100,0.481044,0.526024
84200,0.487794,0.525827
84300,0.466487,0.526026
84400,0.493308,0.525084
84500,0.492098,0.524924
84600,0.486675,0.524544
84700,0.476475,0.523973
84800,0.489858,0.524126
84900,0.495347,0.524209
85000,0.465299,0.524386
85100,0.475818,0.525294
85200,0.474201,0.525972
85300,0.480983,0.526259
85400,0.480022,0.526268
85500,0.465677,0.527307
85600,0.479068,0.527906
85700,0.491794,0.528496
85800,0.48656,0.530092
85900,0.47483,0.531647
86000,0.477643,0.533429
86100,0.484179,0.534906
86200,0.490917,0.536099
86300,0.490956,0.536983
86400,0.483435,0.537984
86500,0.485925,0.538071
86600,0.492077,0.538425
86700,0.479305,0.539195
86800,0.483479,0.538741
86900,0.486978,0.53874
87000,0.495285,0.538599
87100,0.4895,0.538915
87200,0.477568,0.538744
87300,0.487496,0.538824
87400,0.489708,0.538605
87500,0.482327,0.538683
87600,0.474874,0.538622
87700,0.4717,0.53828
87800,0.482288,0.538463
87900,0.46937,0.538358
88000,0.483762,0.538765
88100,0.479047,0.538095
88200,0.485998,0.537628
88300,0.486767,0.537977
88400,0.490713,0.537613
88500,0.483084,0.537808
88600,0.480794,0.538221
88700,0.496221,0.53838
88800,0.474024,0.53789
88900,0.486463,0.539341
89000,0.482939,0.539346
89100,0.489087,0.53945
89200,0.487716,0.540121
89300,0.463525,0.541036
89400,0.461387,0.542244
89500,0.481604,0.543116
89600,0.473747,0.543478
89700,0.466902,0.543612
89800,0.47467,0.544081
89900,0.490843,0.545074
90000,0.49072,0.546121
90100,0.48523,0.546116
90200,0.480422,0.546486
90300,0.484766,0.545615
90400,0.485931,0.545123
90500,0.484259,0.544396
90600,0.484908,0.544131
90700,0.49283,0.542464
90800,0.469683,0.540833
90900,0.482506,0.539723
91000,0.471015,0.538316
91100,0.479561,0.536638
91200,0.486028,0.535368
91300,0.47891,0.533789
91400,0.489333,0.531411
91500,0.489938,0.529182
91600,0.481338,0.526822
91700,0.490903,0.524607
91800,0.481157,0.521961
91900,0.48569,0.519945
92000,0.482443,0.518239
92100,0.487225,0.516328
92200,0.486739,0.51461
92300,0.488842,0.512623
92400,0.49245,0.510258
92500,0.485143,0.508365
92600,0.490228,0.507809
92700,0.474451,0.507097
92800,0.485073,0.506832
92900,0.492365,0.50682
93000,0.485948,0.506733
93100,0.48891,0.507104
93200,0.488439,0.507464
93300,0.482227,0.507522
93400,0.480444,0.507512
93500,0.498725,0.507728
93600,0.4809,0.507742
93700,0.478759,0.507627
93800,0.496486,0.507584
93900,0.497575,0.5082
94000,0.495144,0.508699
94100,0.49443,0.508247
94200,0.493614,0.508681
94300,0.486193,0.50891
94400,0.476454,0.507898
94500,0.471856,0.507321
94600,0.472618,0.506805
94700,0.462762,0.506707
94800,0.466902,0.506085
94900,0.491777,0.506037
95000,0.491976,0.505975
95100,0.498275,0.506878
95200,0.494361,0.50779
95300,0.492556,0.508501
95400,0.494664,0.509375
95500,0.494088,0.509966
95600,0.486535,0.511024
95700,0.49298,0.512225
95800,0.483993,0.513055
95900,0.492961,0.514048
96000,0.48582,0.514499
96100,0.493884,0.515251
96200,0.484689,0.516731
96300,0.486935,0.516702
96400,0.490656,0.517205
96500,0.492238,0.518121
96600,0.490443,0.518861
96700,0.477102,0.520081
96800,0.47027,0.520505
96900,0.476099,0.521471
97000,0.495741,0.522849
97100,0.490814,0.523458
97200,0.472198,0.523094
97300,0.491806,0.522544
97400,0.492761,0.521602
97500,0.477348,0.521627
97600,0.49241,0.520756
97700,0.48687,0.520525
97800,0.492789,0.520012
97900,0.477725,0.519368
98000,0.493465,0.519368
98100,0.479114,0.519527
98200,0.472622,0.518225
98300,0.490029,0.518417
98400,0.479342,0.516949
98500,0.480637,0.516626
98600,0.479023,0.51577
98700,0.489001,0.515166
98800,0.492597,0.513857
98900,0.492128,0.514128
99000,0.496488,0.513736
99100,0.492383,0.513621
99200,0.485037,0.513021
99300,0.491439,0.51315
99400,0.490393,0.513517
99500,0.491387,0.513318
99600,0.480595,0.513763
99700,0.487037,0.513481
99800,0.493185,0.513657
99900,0.494138,0.514588
