0,0.499999,0.499972
100,0.495112,0.500082
200,0.490234,0.49965
300,0.492221,0.500373
400,0.486093,0.500246
500,0.492722,0.50101
600,0.482921,0.502081
700,0.492237,0.50309
800,0.482399,0.503868
900,0.488365,0.503691
1000,0.48171,0.503244
1100,0.484946,0.502968
1200,0.489163,0.50304
1300,0.489745,0.502824
1400,0.495097,0.503137
1500,0.481292,0.50387
1600,0.488833,0.504633
1700,0.493674,0.505454
1800,0.496608,0.505625
1900,0.491899,0.505351
2000,0.481319,0.504916
2100,0.478539,0.503954
2200,0.468168,0.503858
2300,0.486019,0.503939
2400,0.484117,0.503921
2500,0.489728,0.504392
2600,0.497486,0.504594
2700,0.485126,0.505025
2800,0.484535,0.505785
2900,0.497243,0.505818
3000,0.495289,0.506294
3100,0.496023,0.506594
3200,0.498703,0.507661
3300,0.4858,0.507432
3400,0.494482,0.506855
3500,0.492845,0.506162
3600,0.476612,0.506696
3700,0.483716,0.506539
3800,0.494247,0.507297
3900,0.485096,0.507505
4000,0.48329,0.507283
4100,0.49325,0.507509
4200,0.486302,0.508707
4300,0.495087,0.509123
4400,0.488568,0.509636
4500,0.491038,0.5097
4600,0.482409,0.510274
4700,0.491921,0.509537
4800,0.495324,0.508258
4900,0.491978,0.50792
5000,0.489395,0.507856
5100,0.491732,0.507615
5200,0.492417,0.506699
5300,0.498937,0.506605
5400,0.492031,0.506164
5500,0.497685,0.506124
5600,0.476445,0.505448
5700,0.464607,0.505208
5800,0.473535,0.505789
5900,0.466008,0.505928
6000,0.46738,0.506532
6100,0.47656,0.506851
6200,0.482225,0.507687
6300,0.482145,0.508651
6400,0.479195,0.510711
6500,0.48323,0.51232
6600,0.49431,0.51443
6700,0.48777,0.516495
6800,0.486068,0.518657
6900,0.489316,0.521052
7000,0.491843,0.522875
7100,0.478798,0.525012
7200,0.469155,0.526703
7300,0.471388,0.52876
7400,0.472097,0.53044
7500,0.483343,0.531732
7600,0.490261,0.53317
7700,0.495032,0.534459
7800,0.47581,0.535872
7900,0.488352,0.536531
8000,0.487681,0.537012
8100,0.486341,0.537863
8200,0.482062,0.539122
8300,0.484817,0.539729
8400,0.480225,0.540727
8500,0.486471,0.541594
8600,0.48936,0.54231
8700,0.485774,0.543163
8800,0.485429,0.542978
8900,0.485295,0.54316
9000,0.477423,0.543484
9100,0.490006,0.542996
9200,0.49087,0.542517
9300,0.490237,0.542889
9400,0.487045,0.543215
9500,0.48684,0.543536
9600,0.483839,0.543621
9700,0.482225,0.544545
9800,0.489678,0.545477
9900,0.484606,0.546287
10000,0.482097,0.547393
10100,0.486096,0.548924
10200,0.491881,0.549294
10300,0.489807,0.550107
10400,0.482832,0.55113
10500,0.480799,0.55219
10600,0.489045,0.554043
10700,0.484116,0.555601
10800,0.483737,0.557244
10900,0.48887,0.558845
11000,0.48496,0.560077
11100,0.487875,0.5608
11200,0.48385,0.562577
11300,0.479192,0.563954
11400,0.481233,0.565138
11500,0.47789,0.565974
11600,0.471138,0.567308
11700,0.470087,0.568475
11800,0.471564,0.569136
11900,0.461514,0.569795
12000,0.484116,0.570153
12100,0.483132,0.570807
12200,0.484852,0.571749
12300,0.489709,0.572364
12400,0.479649,0.572657
12500,0.475607,0.573551
12600,0.476974,0.574142
12700,0.482757,0.574295
12800,0.480302,0.574129
12900,0.484578,0.574152
13000,0.479305,0.573618
13100,0.480333,0.573426
13200,0.481293,0.573165
13300,0.48599,0.572759
13400,0.487729,0.571985
13500,0.472001,0.570768
13600,0.462018,0.569919
13700,0.480996,0.568697
13800,0.478975,0.567957
13900,0.471328,0.566954
14000,0.476145,0.56662
14100,0.466036,0.56534
14200,0.478487,0.563989
14300,0.482405,0.562982
14400,0.480567,0.561866
14500,0.491682,0.56087
14600,0.473326,0.560133
14700,0.480044,0.559839
14800,0.478242,0.558605
14900,0.468679,0.557509
15000,0.489864,0.5574
15100,0.491906,0.556462
15200,0.486421,0.556018
15300,0.486534,0.555365
15400,0.480553,0.55467
15500,0.486965,0.553999
15600,0.494366,0.553318
15700,0.490399,0.551642
15800,0.491733,0.551188
15900,0.478257,0.550263
16000,0.487396,0.549374
16100,0.481067,0.547926
16200,0.479603,0.546536
16300,0.492916,0.545647
16400,0.487352,0.545224
16500,0.484417,0.544781
16600,0.481413,0.544605
16700,0.465426,0.54385
16800,0.485928,0.543746
16900,0.475353,0.542995
17000,0.493021,0.542859
17100,0.489857,0.542954
17200,0.492301,0.542778
17300,0.493388,0.543617
17400,0.486236,0.544266
17500,0.48488,0.543792
17600,0.48582,0.543278
17700,0.487301,0.543017
17800,0.480768,0.54241
17900,0.481385,0.542113
18000,0.477377,0.54209
18100,0.488417,0.541851
18200,0.479894,0.541536
18300,0.486902,0.540761
18400,0.490731,0.540369
18500,0.47641,0.539286
18600,0.489777,0.537027
18700,0.490044,0.535194
18800,0.48199,0.53388
18900,0.49327,0.53182
19000,0.491374,0.530297
19100,0.489628,0.52876
19200,0.480165,0.527811
19300,0.487673,0.526549
19400,0.478719,0.52587
19500,0.472565,0.5252
19600,0.482613,0.523885
19700,0.492416,0.523132
19800,0.482807,0.522218
19900,0.489614,0.521436
20000,0.488467,0.521357
20100,0.481321,0.521059
20200,0.497437,0.521089
20300,0.495239,0.52139
20400,0.481779,0.522065
20500,0.47835,0.522659
20600,0.484385,0.523566
20700,0.486587,0.524314
20800,0.491048,0.524364
20900,0.47532,0.525018
21000,0.480239,0.525548
21100,0.491129,0.525906
21200,0.479508,0.526495
21300,0.48365,0.527386
21400,0.48043,0.52885
21500,0.486056,0.53003
21600,0.481105,0.531186
21700,0.4895,0.533013
21800,0.484536,0.535214
21900,0.485432,0.537648
22000,0.494808,0.539601
22100,0.492219,0.54151
22200,0.492968,0.543164
22300,0.48187,0.544247
22400,0.488084,0.546249
22500,0.477332,0.547979
22600,0.483017,0.549787
22700,0.487527,0.552062
22800,0.477519,0.55417
22900,0.484045,0.555934
23000,0.485737,0.557956
23100,0.48578,0.559355
23200,0.457414,0.560766
23300,0.464553,0.563301
23400,0.465285,0.565743
23500,0.460306,0.568062
23600,0.477031,0.570111
23700,0.482531,0.571225
23800,0.475012,0.573006
23900,0.479058,0.574422
24000,0.4824,0.576006
24100,0.473093,0.577035
24200,0.46756,0.57879
24300,0.469669,0.579495
24400,0.479421,0.580791
24500,0.476433,0.582759
24600,0.48023,0.583824
24700,0.462611,0.585094
24800,0.474705,0.585737
24900,0.47321,0.586404
25000,0.46596,0.586705
25100,0.4789,0.587039
25200,0.46569,0.586871
25300,0.475189,0.587057
25400,0.484643,0.586695
25500,0.47814,0.587071
25600,0.476747,0.586767
25700,0.473681,0.586738
25800,0.471042,0.586528
25900,0.473289,0.586246
26000,0.475259,0.585411
26100,0.480268,0.584238
26200,0.478855,0.583402
26300,0.477003,0.58232
26400,0.487862,0.580293
26500,0.475287,0.577717
26600,0.486604,0.574659
26700,0.486973,0.571722
26800,0.481306,0.56903
26900,0.475582,0.566446
27000,0.468497,0.56404
27100,0.480886,0.561603
27200,0.484646,0.559048
27300,0.483489,0.55608
27400,0.489075,0.55339
27500,0.490305,0.549717
27600,0.483877,0.54795
27700,0.491865,0.545698
27800,0.481696,0.544024
27900,0.474077,0.542791
28000,0.492481,0.54215
28100,0.48628,0.542182
28200,0.491191,0.542267
28300,0.491741,0.542884
28400,0.477139,0.543787
28500,0.483198,0.545324
28600,0.482039,0.54635
28700,0.490545,0.547215
28800,0.486215,0.547688
28900,0.486271,0.548913
29000,0.492011,0.55027
29100,0.47359,0.551459
29200,0.469126,0.55281
29300,0.48282,0.554128
29400,0.491717,0.55508
29500,0.483164,0.55572
29600,0.478444,0.5562
29700,0.486723,0.556929
29800,0.485645,0.557843
29900,0.486735,0.557769
30000,0.486125,0.558557
30100,0.478104,0.559085
30200,0.479506,0.559855
30300,0.477138,0.559866
30400,0.474665,0.56005
30500,0.485091,0.559741
30600,0.482157,0.560272
30700,0.48456,0.560251
30800,0.478698,0.560477
30900,0.479569,0.560506
31000,0.474262,0.560844
31100,0.48335,0.561093
31200,0.490413,0.56115
31300,0.475233,0.561038
31400,0.477766,0.560923
31500,0.4717,0.561697
31600,0.477329,0.561331
31700,0.472906,0.561613
31800,0.485779,0.562354
31900,0.478914,0.562288
32000,0.489895,0.561069
32100,0.488149,0.561308
32200,0.468598,0.560811
32300,0.468667,0.559905
32400,0.489996,0.559651
32500,0.486023,0.559253
32600,0.488418,0.558301
32700,0.488924,0.557012
32800,0.491202,0.556639
32900,0.490609,0.555906
33000,0.473661,0.554839
33100,0.48513,0.553998
33200,0.480107,0.552617
33300,0.489877,0.551499
33400,0.486857,0.550221
33500,0.490878,0.549651
33600,0.480302,0.549623
33700,0.48429,0.550326
33800,0.490415,0.550422
33900,0.486861,0.551176
34000,0.488571,0.5514
34100,0.488134,0.552375
34200,0.480939,0.551785
34300,0.481551,0.552282
34400,0.481924,0.552172
34500,0.492607,0.55177
34600,0.475363,0.552265
34700,0.477898,0.552484
34800,0.482218,0.552936
34900,0.477015,0.55342
35000,0.483194,0.553774
35100,0.478138,0.554935
35200,0.461163,0.556082
35300,0.47642,0.557056
35400,0.478772,0.558015
35500,0.487295,0.558802
35600,0.485803,0.559717
35700,0.479778,0.560293
35800,0.485622,0.560676
35900,0.48023,0.562092
36000,0.483913,0.562283
36100,0.48417,0.562836
36200,0.480163,0.564107
36300,0.489834,0.565009
36400,0.483857,0.565412
36500,0.474969,0.566037
36600,0.471835,0.566636
36700,0.467257,0.567594
36800,0.464075,0.566734
36900,0.458487,0.567448
37000,0.462084,0.567351
37100,0.484114,0.567928
37200,0.478101,0.568521
37300,0.480822,0.569237
37400,0.467432,0.569973
37500,0.477387,0.570871
37600,0.479243,0.571184
37700,0.477597,0.571779
37800,0.47782,0.572171
37900,0.479469,0.571686
38000,0.484397,0.571315
38100,0.458237,0.570716
38200,0.483456,0.570599
38300,0.471517,0.570205
38400,0.486785,0.569817
38500,0.48093,0.570264
38600,0.472226,0.569625
38700,0.482169,0.569072
38800,0.483999,0.568734
38900,0.484855,0.56819
39000,0.484177,0.568107
39100,0.475654,0.568625
39200,0.481151,0.568761
39300,0.475045,0.569077
39400,0.471686,0.568995
39500,0.480223,0.568663
39600,0.471636,0.569897
39700,0.460602,0.570085
39800,0.483624,0.570565
39900,0.468152,0.570846
40000,0.481654,0.570972
40100,0.476686,0.571265
40200,0.478107,0.571967
40300,0.47598,0.572516
40400,0.480912,0.572915
40500,0.472147,0.57349
40600,0.481189,0.572956
40700,0.475727,0.57171
40800,0.474763,0.571002
40900,0.483339,0.570241
41000,0.479309,0.569381
41100,0.486706,0.568654
41200,0.482451,0.567917
41300,0.489197,0.567248
41400,0.482945,0.565278
41500,0.489137,0.563765
41600,0.486114,0.562367
41700,0.488519,0.560915
41800,0.489143,0.559423
41900,0.489774,0.557959
42000,0.475588,0.556835
42100,0.47634,0.554875
42200,0.489895,0.553285
42300,0.488681,0.551507
42400,0.480387,0.549509
42500,0.490192,0.546895
42600,0.493097,0.544682
42700,0.486432,0.543727
42800,0.492035,0.542423
42900,0.487489,0.541064
43000,0.491514,0.539936
43100,0.486112,0.539179
43200,0.484429,0.539231
43300,0.486377,0.539498
43400,0.492954,0.538912
43500,0.481296,0.537972
43600,0.491081,0.537401
43700,0.491562,0.537622
43800,0.483328,0.537293
43900,0.490428,0.537945
44000,0.482181,0.538685
44100,0.49349,0.538757
44200,0.479975,0.539388
44300,0.485814,0.540409
44400,0.492905,0.541033
44500,0.478686,0.542087
44600,0.48253,0.542021
44700,0.487869,0.542439
44800,0.485516,0.542763
44900,0.48501,0.544
45000,0.467518,0.544988
45100,0.477907,0.546032
45200,0.48846,0.546562
45300,0.487377,0.547192
45400,0.48579,0.547553
45500,0.481389,0.547415
45600,0.489947,0.547502
45700,0.488382,0.548452
45800,0.488791,0.54771
45900,0.483947,0.547241
46000,0.493357,0.546961
46100,0.491454,0.546972
46200,0.485896,0.547107
46300,0.493783,0.546942
46400,0.489707,0.545565
46500,0.48604,0.545447
46600,0.491317,0.544421
46700,0.477333,0.543478
46800,0.472897,0.542129
46900,0.490906,0.540954
47000,0.495419,0.540362
47100,0.492841,0.539352
47200,0.492581,0.538872
47300,0.493461,0.538419
47400,0.487413,0.538346
47500,0.492041,0.53816
47600,0.479594,0.5377
47700,0.479609,0.537146
47800,0.476981,0.536449
47900,0.473751,0.53604
48000,0.471548,0.535259
48100,0.480945,0.5343
48200,0.477463,0.534168
48300,0.477588,0.533656
48400,0.470801,0.533426
48500,0.479844,0.532776
48600,0.477689,0.532534
48700,0.48026,0.532812
48800,0.473229,0.532656
48900,0.483848,0.531602
49000,0.480876,0.53049
49100,0.478276,0.529694
49200,0.493318,0.528187
49300,0.49164,0.526411
49400,0.486168,0.525542
49500,0.48563,0.524185
49600,0.489939,0.522684
49700,0.481524,0.522125
49800,0.492491,0.521064
49900,0.491855,0.520929
50000,0.47889,0.520126
50100,0.489982,0.519155
50200,0.493159,0.518536
50300,0.487716,0.518173
50400,0.495009,0.517089
50500,0.483505,0.51684
50600,0.490015,0.516655
50700,0.490977,0.516099
50800,0.494146,0.516141
50900,0.495548,0.516227
51000,0.488672,0.517059
51100,0.498747,0.517662
51200,0.485249,0.518505
51300,0.489666,0.519647
51400,0.487695,0.52041
51500,0.492946,0.520683
51600,0.485347,0.521497
51700,0.488287,0.521308
51800,0.498272,0.522182
51900,0.487644,0.523266
52000,0.4743,0.523077
52100,0.49093,0.524371
52200,0.484533,0.52543
52300,0.477703,0.52572
52400,0.496621,0.526852
52500,0.492339,0.527754
52600,0.484551,0.528382
52700,0.487082,0.529031
52800,0.489132,0.529746
52900,0.477255,0.53001
53000,0.488924,0.530277
53100,0.481341,0.529225
53200,0.491584,0.528716
53300,0.491457,0.528752
53400,0.487964,0.527847
53500,0.496134,0.526476
53600,0.477881,0.525212
53700,0.478998,0.524384
53800,0.490424,0.522818
53900,0.489414,0.520997
54000,0.480643,0.519488
54100,0.487237,0.518281
54200,0.475109,0.517284
54300,0.49184,0.51626
54400,0.493217,0.514738
54500,0.484741,0.512552
54600,0.484199,0.510349
54700,0.490731,0.507589
54800,0.492124,0.505591
54900,0.485498,0.502966
55000,0.493432,0.500368
55100,0.482456,0.498024
55200,0.495742,0.496245
55300,0.489671,0.493364
55400,0.4751,0.491263
55500,0.485064,0.488703
55600,0.490938,0.486018
55700,0.491925,0.48347
55800,0.486073,0.481317
55900,0.491439,0.479933
56000,0.487001,0.478113
56100,0.493514,0.475655
56200,0.476719,0.473619
56300,0.489676,0.471737
56400,0.491122,0.470527
56500,0.484744,0.469789
56600,0.476087,0.469332
56700,0.494376,0.468177
56800,0.490585,0.467399
56900,0.485805,0.46654
57000,0.483716,0.464932
57100,0.490401,0.463833
57200,0.487503,0.464183
57300,0.47547,0.464534
57400,0.48459,0.464671
57500,0.488941,0.465307
57600,0.487678,0.465256
57700,0.492569,0.46545
57800,0.485865,0.465965
57900,0.48268,0.466566
58000,0.488418,0.466698
58100,0.483105,0.466229
58200,0.479526,0.466505
58300,0.493132,0.466615
58400,0.483547,0.467081
58500,0.487069,0.466956
58600,0.480207,0.467076
58700,0.482888,0.467743
58800,0.486675,0.468513
58900,0.486828,0.469551
59000,0.486662,0.470027
59100,0.489003,0.46958
59200,0.493712,0.470075
59300,0.498156,0.470547
59400,0.493513,0.470713
59500,0.485183,0.471777
59600,0.483284,0.47225
59700,0.466554,0.472449
59800,0.44996,0.472205
59900,0.481575,0.47215
60000,0.478721,0.471966
60100,0.491959,0.471626
60200,0.493033,0.470977
60300,0.487468,0.469787
60400,0.486789,0.469229
60500,0.481825,0.468514
60600,0.475846,0.466833
60700,0.466946,0.46591
60800,0.458072,0.464205
60900,0.464704,0.462828
61000,0.481078,0.460847
61100,0.484087,0.458197
61200,0.476844,0.455399
61300,0.47906,0.45286
61400,0.457761,0.449161
61500,0.47079,0.446171
61600,0.479043,0.443035
61700,0.479998,0.439585
61800,0.480349,0.437903
61900,0.485717,0.437022
62000,0.469038,0.434963
62100,0.483553,0.433393
62200,0.477281,0.431726
62300,0.485202,0.430591
62400,0.483422,0.429011
62500,0.485532,0.428242
62600,0.475975,0.42694
62700,0.478457,0.425801
62800,0.472733,0.424841
62900,0.477991,0.42354
63000,0.464898,0.42285
63100,0.48593,0.423584
63200,0.472436,0.42371
63300,0.462618,0.423639
63400,0.479919,0.423612
63500,0.471868,0.423129
63600,0.48053,0.422877
63700,0.475448,0.422342
63800,0.48675,0.421972
63900,0.481691,0.421753
64000,0.472291,0.422475
64100,0.479234,0.42289
64200,0.482288,0.423166
64300,0.477631,0.423215
64400,0.482368,0.4232
64500,0.471378,0.423564
64600,0.472462,0.425169
64700,0.476198,0.425983
64800,0.481533,0.428329
64900,0.478035,0.429872
65000,0.486489,0.431399
65100,0.487171,0.432347
65200,0.477456,0.433863
65300,0.488356,0.435236
65400,0.48298,0.436717
65500,0.471933,0.438002
65600,0.489095,0.439544
65700,0.489968,0.440723
65800,0.483926,0.441608
65900,0.479648,0.44165
66000,0.488245,0.442725
66100,0.486954,0.442427
66200,0.48076,0.442314
66300,0.487986,0.44213
66400,0.481843,0.442015
66500,0.464252,0.441944
66600,0.461298,0.44129
66700,0.477576,0.440427
66800,0.448072,0.439459
66900,0.4564,0.438865
67000,0.487196,0.438748
67100,0.489081,0.437755
67200,0.487993,0.436055
67300,0.479007,0.435676
67400,0.485012,0.433989
67500,0.472595,0.432936
67600,0.471987,0.432696
67700,0.487256,0.431144
67800,0.48145,0.430019
67900,0.487721,0.428831
68000,0.481366,0.428281
68100,0.4783,0.428321
68200,0.471829,0.428008
68300,0.460588,0.427718
68400,0.47945,0.428722
68500,0.478984,0.429165
68600,0.477742,0.429948
68700,0.470104,0.43032
68800,0.481994,0.430171
68900,0.473719,0.430075
69000,0.46676,0.430948
69100,0.479484,0.431962
69200,0.486318,0.432716
69300,0.480793,0.433092
69400,0.48713,0.434215
69500,0.47843,0.43526
69600,0.470997,0.436215
69700,0.476219,0.437561
69800,0.484585,0.438801
69900,0.484037,0.439711
70000,0.478819,0.441346
70100,0.491339,0.442512
70200,0.484811,0.443788
70300,0.486876,0.445312
70400,0.474842,0.446099
70500,0.483386,0.447515
70600,0.45335,0.447912
70700,0.453268,0.449071
70800,0.465833,0.449713
70900,0.458274,0.44948
71000,0.471113,0.450158
71100,0.470467,0.450621
71200,0.483188,0.451525
71300,0.48763,0.452148
71400,0.473189,0.452471
71500,0.474547,0.452556
71600,0.484375,0.453445
71700,0.475823,0.453714
71800,0.491259,0.453535
71900,0.488792,0.454269
72000,0.484883,0.454621
72100,0.492021,0.454976
72200,0.488566,0.456126
72300,0.479265,0.456866
72400,0.483191,0.456992
72500,0.48649,0.457354
72600,0.492968,0.457319
72700,0.492176,0.45841
72800,0.484161,0.459693
72900,0.491713,0.460074
73000,0.488899,0.460552
73100,0.492064,0.461573
73200,0.487963,0.46211
73300,0.483284,0.46282
73400,0.491645,0.46347
73500,0.484165,0.4648
73600,0.487352,0.466343
73700,0.485498,0.467913
73800,0.488482,0.46965
73900,0.495984,0.470526
74000,0.493699,0.471551
74100,0.489345,0.472985
74200,0.482469,0.473627
74300,0.491663,0.473159
74400,0.491281,0.472886
74500,0.491769,0.472747
74600,0.494216,0.472451
74700,0.487794,0.471342
74800,0.483403,0.471462
74900,0.488831,0.470793
75000,0.475846,0.470175
75100,0.487675,0.468888
75200,0.489665,0.468443
75300,0.491922,0.468152
75400,0.490346,0.467745
75500,0.485712,0.468349
75600,0.48087,0.467756
75700,0.482188,0.46756
75800,0.469599,0.466819
75900,0.458023,0.465481
76000,0.48742,0.464134
76100,0.492856,0.463491
76200,0.492556,0.46287
76300,0.48958,0.462656
76400,0.483959,0.462786
76500,0.488426,0.463305
76600,0.487592,0.463154
76700,0.482582,0.463384
76800,0.486043,0.463699
76900,0.490184,0.463177
77000,0.481111,0.462752
77100,0.484244,0.461734
77200,0.489553,0.460801
77300,0.493319,0.459558
77400,0.486873,0.458262
77500,0.492053,0.457219
77600,0.48601,0.455841
77700,0.483362,0.455274
77800,0.491081,0.454496
77900,0.488305,0.453421
78000,0.490701,0.451906
78100,0.480796,0.450927
78200,0.473518,0.449709
78300,0.476643,0.448574
78400,0.491991,0.448055
78500,0.478539,0.447911
78600,0.492203,0.447602
78700,0.480809,0.447668
78800,0.472728,0.448472
78900,0.49102,0.448871
79000,0.484397,0.449703
79100,0.491717,0.450163
79200,0.492349,0.451794
79300,0.491638,0.454069
79400,0.475941,0.45681
79500,0.483913,0.45905
79600,0.495432,0.461512
79700,0.486212,0.463013
79800,0.492003,0.466202
79900,0.488102,0.469262
80000,0.49125,0.471833
80100,0.488448,0.474008
80200,0.479476,0.476978
80300,0.49013,0.479123
80400,0.490131,0.480781
80500,0.478784,0.483021
80600,0.494025,0.484762
80700,0.485734,0.485815
80800,0.491988,0.486907
80900,0.47684,0.487877
81000,0.489527,0.488563
81100,0.482379,0.489131
81200,0.492108,0.488864
81300,0.496287,0.488634
81400,0.484139,0.487836
81500,0.494726,0.487699
81600,0.490762,0.486787
81700,0.47985,0.485521
81800,0.479462,0.484906
81900,0.493414,0.483666
82000,0.489861,0.482401
82100,0.493083,0.481323
82200,0.470774,0.480536
82300,0.474107,0.480104
82400,0.486566,0.479531
82500,0.497076,0.478519
82600,0.486393,0.478553
82700,0.47382,0.47777
82800,0.498797,0.477723
82900,0.496348,0.477577
83000,0.492519,0.476979
83100,0.496258,0.478089
83200,0.496817,0.478706
83300,0.493759,0.478937
83400,0.489638,0.479187
83500,0.491982,0.479742
83600,0.490802,0.481103
83700,0.47859,0.481908
83800,0.494577,0.482693
83900,0.482877,0.483518
84000,0.476911,0.484274
84100,0.490355,0.484931
84200,0.486597,0.485449
84300,0.492777,0.486204
84400,0.488676,0.485787
84500,0.492593,0.485955
84600,0.474188,0.486113
84700,0.486266,0.486813
84800,0.4899,0.487341
84900,0.484734,0.487665
85000,0.494394,0.488514
85100,0.48875,0.488771
85200,0.497028,0.490299
85300,0.496222,0.490649
85400,0.489502,0.491177
85500,0.483592,0.492924
85600,0.478189,0.493988
85700,0.47821,0.495142
85800,0.476735,0.495751
85900,0.485299,0.497049
86000,0.493469,0.498272
86100,0.485921,0.499209
86200,0.493073,0.501048
86300,0.488278,0.502604
86400,0.49401,0.503482
86500,0.488253,0.504303
86600,0.492411,0.504359
86700,0.493525,0.504703
86800,0.498714,0.505162
86900,0.48926,0.505514
87000,0.481808,0.505504
87100,0.492635,0.506422
87200,0.491924,0.507744
87300,0.488265,0.509264
87400,0.484572,0.51078
87500,0.466194,0.511411
87600,0.496525,0.513148
87700,0.487941,0.514414
87800,0.484595,0.51521
87900,0.485855,0.516278
88000,0.492587,0.517687
88100,0.488465,0.519338
88200,0.492277,0.520342
88300,0.483949,0.521908
88400,0.492967,0.523315
88500,0.48876,0.524876
88600,0.494092,0.525688
88700,0.490306,0.526644
88800,0.496454,0.528282
88900,0.491402,0.529521
89000,0.492791,0.531129
89100,0.496008,0.532581
89200,0.487819,0.534042
89300,0.487788,0.535973
89400,0.487497,0.536953
89500,0.48029,0.538566
89600,0.488968,0.540261
89700,0.482769,0.541413
89800,0.482221,0.542651
89900,0.490344,0.544037
90000,0.484097,0.5451
90100,0.483791,0.545801
90200,0.485468,0.546456
90300,0.490661,0.546863
90400,0.485655,0.546694
90500,0.490883,0.546894
90600,0.4857,0.5468
90700,0.491369,0.546809
90800,0.478664,0.546446
90900,0.486804,0.546296
91000,0.462779,0.545183
91100,0.454053,0.544077
91200,0.477043,0.543697
91300,0.470554,0.542511
91400,0.473869,0.541745
91500,0.473793,0.540596
91600,0.485034,0.539355
91700,0.488596,0.537611
91800,0.488689,0.537242
91900,0.487165,0.538231
92000,0.49258,0.539463
92100,0.48986,0.539835
92200,0.473151,0.540625
92300,0.475843,0.541754
92400,0.481356,0.542915
92500,0.482678,0.543656
92600,0.482688,0.54497
92700,0.48089,0.545942
92800,0.486703,0.547326
92900,0.485526,0.549087
93000,0.473811,0.550322
93100,0.479579,0.552505
93200,0.481958,0.554101
93300,0.485396,0.556067
93400,0.489397,0.557327
93500,0.479752,0.558067
93600,0.484217,0.55906
93700,0.485308,0.559795
93800,0.488788,0.560572
93900,0.481856,0.560533
94000,0.480894,0.561437
94100,0.482433,0.562219
94200,0.484877,0.563276
94300,0.47434,0.564672
94400,0.483807,0.56573
94500,0.484181,0.567145
94600,0.48506,0.569455
94700,0.476475,0.570307
94800,0.485282,0.571937
94900,0.48495,0.574354
95000,0.482428,0.575617
95100,0.482562,0.5772
95200,0.473042,0.578674
95300,0.468542,0.580276
95400,0.467546,0.581557
95500,0.481231,0.582742
95600,0.474326,0.583547
95700,0.474948,0.584741
95800,0.475553,0.58546
95900,0.464193,0.586167
96000,0.472769,0.586918
96100,0.478313,0.587988
96200,0.465758,0.589307
96300,0.460263,0.589928
96400,0.459907,0.590562
96500,0.473592,0.590838
96600,0.459517,0.592407
96700,0.465221,0.592905
96800,0.457655,0.593662
96900,0.47408,0.593627
97000,0.473925,0.594087
97100,0.472434,0.595054
97200,0.466079,0.596231
97300,0.473662,0.59761
97400,0.475489,0.598631
97500,0.472469,0.599596
97600,0.473823,0.601198
97700,0.465399,0.603495
97800,0.466378,0.605847
97900,0.466807,0.607633
98000,0.468143,0.608872
98100,0.455135,0.610707
98200,0.46637,0.612297
98300,0.461186,0.61339
98400,0.462768,0.615048
98500,0.45557,0.616506
98600,0.454805,0.61765
98700,0.468699,0.618193
98800,0.459402,0.619305
98900,0.463998,0.620494
99000,0.468848,0.620981
99100,0.450068,0.621121
99200,0.464958,0.621131
99300,0.468062,0.62172
99400,0.458334,0.621912
99500,0.468908,0.622377
99600,0.462269,0.622008
99700,0.45577,0.622461
99800,0.457102,0.621833
99900,0.463782,0.622226
