0,0.499999,0.500041
100,0.495332,0.500296
200,0.497274,0.500105
300,0.489032,0.50043
400,0.489689,0.500868
500,0.491343,0.501765
600,0.487449,0.501349
700,0.479257,0.500628
800,0.493672,0.500723
900,0.487769,0.500446
1000,0.494765,0.500356
1100,0.49093,0.500082
1200,0.489654,0.499246
1300,0.483527,0.499291
1400,0.477747,0.499472
1500,0.480795,0.499713
1600,0.470732,0.499682
1700,0.473419,0.500139
1800,0.479865,0.499624
1900,0.480905,0.500224
2000,0.491242,0.500481
2100,0.485407,0.501294
2200,0.489995,0.501987
2300,0.480521,0.502896
2400,0.481319,0.503439
2500,0.480026,0.503662
2600,0.481137,0.50368
2700,0.487256,0.503988
2800,0.486835,0.505037
2900,0.480681,0.505449
3000,0.488368,0.504905
3100,0.495864,0.504242
3200,0.487299,0.505115
3300,0.485491,0.505583
3400,0.480595,0.505075
3500,0.495894,0.505294
3600,0.476274,0.505151
3700,0.4728,0.503674
3800,0.465529,0.502228
3900,0.466125,0.501242
4000,0.476826,0.499861
4100,0.47109,0.498085
4200,0.461643,0.497466
4300,0.465632,0.496429
4400,0.466441,0.497437
4500,0.466033,0.497748
4600,0.467304,0.498136
4700,0.457991,0.499109
4800,0.462682,0.50078
4900,0.458877,0.502337
5000,0.45796,0.504839
5100,0.458389,0.507525
5200,0.45771,0.510959
5300,0.456247,0.515342
5400,0.457523,0.520197
5500,0.458172,0.525398
5600,0.435368,0.531719
5700,0.433185,0.538974
5800,0.44713,0.546552
5900,0.442226,0.553852
6000,0.439564,0.561398
6100,0.435781,0.570121
6200,0.419172,0.57953
6300,0.427892,0.588524
6400,0.429092,0.59838
6500,0.432769,0.608773
6600,0.43654,0.617446
6700,0.433764,0.625434
6800,0.445261,0.633991
6900,0.4225,0.64181
7000,0.408115,0.649488
7100,0.400515,0.657351
7200,0.404858,0.665126
7300,0.400335,0.672631
7400,0.400847,0.679662
7500,0.38974,0.686526
7600,0.391622,0.692452
7700,0.383697,0.697809
7800,0.385007,0.703555
7900,0.397528,0.708113
8000,0.376707,0.712851
8100,0.377387,0.717243
8200,0.374599,0.721707
8300,0.367969,0.725899
8400,0.378226,0.729897
8500,0.372367,0.734228
8600,0.358997,0.737723
8700,0.350428,0.742761
8800,0.347946,0.74612
8900,0.339057,0.750294
9000,0.331964,0.754628
9100,0.339689,0.758251
9200,0.343475,0.762002
9300,0.344229,0.765323
9400,0.336117,0.769217
9500,0.338804,0.772771
9600,0.338899,0.775497
9700,0.336467,0.777726
9800,0.323234,0.779802
9900,0.323392,0.782132
10000,0.310369,0.785015
10100,0.318358,0.787438
10200,0.322305,0.78961
10300,0.314637,0.7912
10400,0.30489,0.793006
10500,0.301669,0.794925
10600,0.307916,0.795703
10700,0.30587,0.79644
10800,0.295809,0.797449
10900,0.294633,0.798707
11000,0.294064,0.799842
11100,0.293078,0.801798
11200,0.293888,0.803418
11300,0.290338,0.80486
11400,0.288761,0.806237
11500,0.291256,0.807439
11600,0.290462,0.807988
11700,0.287899,0.808599
11800,0.284105,0.809264
11900,0.287152,0.809795
12000,0.283382,0.810723
12100,0.303984,0.81157
12200,0.292514,0.812426
12300,0.284466,0.814413
12400,0.290504,0.816328
12500,0.298512,0.817557
12600,0.300957,0.818459
12700,0.301548,0.820202
12800,0.289989,0.821622
12900,0.291454,0.822812
13000,0.27961,0.824059
13100,0.273944,0.824575
13200,0.271967,0.82479
13300,0.276517,0.824823
13400,0.27609,0.824646
13500,0.290394,0.824649
13600,0.272701,0.824764
13700,0.270309,0.824776
13800,0.275208,0.82498
13900,0.28207,0.82518
14000,0.268217,0.824993
14100,0.27461,0.824802
14200,0.268182,0.824876
14300,0.276905,0.825624
14400,0.272051,0.826508
14500,0.264715,0.827181
14600,0.279357,0.82834
14700,0.277028,0.829581
14800,0.282327,0.830639
14900,0.269759,0.831906
15000,0.271532,0.832953
15100,0.274513,0.834427
15200,0.276372,0.835214
15300,0.261977,0.836283
15400,0.263616,0.837299
15500,0.271498,0.83805
15600,0.279819,0.838845
15700,0.28193,0.83913
15800,0.292503,0.838939
15900,0.268444,0.83867
16000,0.286913,0.837744
16100,0.283588,0.836128
16200,0.278196,0.834352
16300,0.270011,0.832491
16400,0.289439,0.8307
16500,0.297678,0.828264
16600,0.301552,0.82546
16700,0.308429,0.82274
16800,0.304738,0.818672
16900,0.316171,0.815318
17000,0.322461,0.811994
17100,0.323992,0.807738
17200,0.315542,0.803771
17300,0.33167,0.799169
17400,0.324365,0.794568
17500,0.341812,0.789584
17600,0.342919,0.784647
17700,0.33507,0.780092
17800,0.349104,0.775492
17900,0.346747,0.771554
18000,0.360537,0.767185
18100,0.352308,0.763065
18200,0.345549,0.759332
18300,0.344478,0.755905
18400,0.333781,0.75296
18500,0.335723,0.750515
18600,0.33072,0.748013
18700,0.339511,0.746007
18800,0.346582,0.744389
18900,0.348461,0.743097
19000,0.337926,0.742287
19100,0.338219,0.742076
19200,0.341078,0.742071
19300,0.346665,0.74239
19400,0.334802,0.743393
19500,0.336634,0.745038
19600,0.334119,0.746975
19700,0.328941,0.749352
19800,0.333481,0.752551
19900,0.321415,0.755646
20000,0.314186,0.760478
20100,0.306659,0.765456
20200,0.304351,0.77123
20300,0.290721,0.776319
20400,0.280487,0.782009
20500,0.28508,0.787739
20600,0.278052,0.794459
20700,0.274236,0.800931
20800,0.267084,0.807137
20900,0.252985,0.814156
21000,0.257675,0.820557
21100,0.264289,0.827281
21200,0.25568,0.833724
21300,0.251408,0.839619
21400,0.25517,0.845182
21500,0.254096,0.850724
21600,0.24855,0.856008
21700,0.232618,0.861069
21800,0.225343,0.86572
21900,0.221143,0.869386
22000,0.21383,0.872398
22100,0.208754,0.875482
22200,0.206866,0.877726
22300,0.205599,0.87958
22400,0.212287,0.880018
22500,0.211708,0.880133
22600,0.226372,0.880052
22700,0.235272,0.878919
22800,0.220465,0.87817
22900,0.210727,0.876963
23000,0.209382,0.875125
23100,0.205269,0.873084
23200,0.207381,0.870799
23300,0.213213,0.86838
23400,0.217243,0.865472
23500,0.221076,0.862717
23600,0.235641,0.860724
23700,0.241912,0.858468
23800,0.251679,0.857211
23900,0.24478,0.855713
24000,0.243461,0.85428
24100,0.233793,0.853661
24200,0.231034,0.852932
24300,0.245013,0.851915
24400,0.245291,0.851658
24500,0.238359,0.851673
24600,0.237485,0.852301
24700,0.227778,0.853292
24800,0.2348,0.853499
24900,0.244242,0.855412
25000,0.236207,0.856722
25100,0.225972,0.858396
25200,0.215474,0.860219
25300,0.233866,0.86214
25400,0.227261,0.863546
25500,0.206936,0.865765
25600,0.209883,0.867997
25700,0.208056,0.869806
25800,0.215638,0.871266
25900,0.222644,0.873445
26000,0.226138,0.875135
26100,0.20529,0.877368
26200,0.201078,0.879112
26300,0.189411,0.881001
26400,0.19032,0.882917
26500,0.178184,0.883753
26600,0.179558,0.885112
26700,0.179358,0.886881
26800,0.175889,0.887737
26900,0.16921,0.88967
27000,0.165102,0.891824
27100,0.167055,0.893594
27200,0.165782,0.895199
27300,0.15913,0.897082
27400,0.161524,0.898793
27500,0.167941,0.90039
27600,0.160324,0.901966
27700,0.153365,0.903822
27800,0.149928,0.905436
27900,0.14949,0.906895
28000,0.144141,0.908473
28100,0.140435,0.91003
28200,0.137466,0.911491
28300,0.136019,0.912859
28400,0.136277,0.914498
28500,0.13308,0.916158
28600,0.131793,0.917616
28700,0.129113,0.919151
28800,0.128879,0.920903
28900,0.129203,0.922477
29000,0.135933,0.924299
29100,0.122284,0.925688
29200,0.116086,0.927423
29300,0.115222,0.928838
29400,0.112561,0.930796
29500,0.112496,0.932591
29600,0.111124,0.93423
29700,0.1089,0.935903
29800,0.0979292,0.937707
29900,0.106605,0.939539
30000,0.0990868,0.940998
30100,0.0946312,0.942456
30200,0.0914307,0.944346
30300,0.0883829,0.946215
30400,0.085682,0.947997
30500,0.0805104,0.94963
30600,0.0782383,0.951218
30700,0.0756658,0.952667
30800,0.0749331,0.954058
30900,0.0720771,0.955544
31000,0.0678263,0.95674
31100,0.0651654,0.958407
31200,0.0616761,0.959946
31300,0.0612826,0.961178
31400,0.0596745,0.962674
31500,0.0576459,0.963871
31600,0.0553256,0.965273
31700,0.0532745,0.966635
31800,0.0505154,0.967981
31900,0.0492287,0.968757
32000,0.0462292,0.969962
32100,0.0451354,0.970877
32200,0.0426426,0.971614
32300,0.0425102,0.972576
32400,0.0403415,0.973656
32500,0.039297,0.974844
32600,0.0364918,0.975906
32700,0.0356258,0.977108
32800,0.0338591,0.978426
32900,0.0327321,0.979561
33000,0.0309969,0.980508
33100,0.0291084,0.981539
33200,0.0269709,0.982586
33300,0.0255195,0.983829
33400,0.0241141,0.984714
33500,0.0224866,0.985636
33600,0.0213069,0.986527
33700,0.0195524,0.987511
33800,0.018215,0.988573
33900,0.0166953,0.989547
34000,0.0153194,0.990405
34100,0.0138085,0.991349
34200,0.012435,0.992264
34300,0.0110959,0.993127
34400,0.00958689,0.993971
34500,0.0084257,0.994702
34600,0.00727562,0.995377
34700,0.00657199,0.995901
34800,0.00568046,0.996519
34900,0.00477543,0.99704
35000,0.00389945,0.997508
35100,0.00339215,0.997875
35200,0.00289382,0.998162
35300,0.00245283,0.998388
35400,0.00226742,0.998548
35500,0.00200997,0.998746
35600,0.00171497,0.998931
35700,0.0014395,0.999113
35800,0.00120071,0.999241
35900,0.00100224,0.99937
36000,0.000852091,0.999448
36100,0.000753206,0.999526
36200,0.000675962,0.999577
36300,0.000599288,0.999616
36400,0.000560207,0.99964
36500,0.000509598,0.999685
36600,0.000460957,0.999716
36700,0.000436847,0.999732
36800,0.000369647,0.999764
36900,0.000320769,0.999797
37000,0.000327048,0.999807
37100,0.000331971,0.999824
37200,0.000296794,0.999828
37300,0.000272141,0.999836
37400,0.000259142,0.99985
37500,0.000263112,0.99985
37600,0.000240165,0.999866
37700,0.000235885,0.999866
37800,0.000253909,0.999859
37900,0.000258282,0.999858
38000,0.000282179,0.999847
38100,0.000278144,0.999839
38200,0.000246587,0.999852
38300,0.000229535,0.99986
38400,0.00024008,0.999852
38500,0.000215546,0.999866
38600,0.000231845,0.999854
38700,0.000205972,0.999871
38800,0.000205898,0.999868
38900,0.000198126,0.999877
39000,0.000191521,0.999879
39100,0.000167381,0.999896
39200,0.000169603,0.999895
39300,0.000163566,0.999897
39400,0.000144772,0.99991
39500,0.00013414,0.999916
39600,0.000131083,0.999917
39700,0.00012222,0.999923
39800,9.86815e-05,0.999938
39900,5.98451e-05,0.999962
40000,5.01102e-05,0.999968
40100,3.74809e-05,0.999977
40200,2.19667e-05,0.999986
40300,9.23379e-06,0.999994
40400,6.22448e-06,0.999996
40500,7.74065e-06,0.999995
40600,1.01698e-05,0.999994
40700,4.68413e-06,0.999997
40800,8.63146e-07,0.999999
40900,0,1
41000,0,1
41100,0,1
41200,0,1
41300,0,1
41400,0,1
41500,0,1
41600,0,1
41700,0,1
41800,0,1
41900,0,1
42000,0,1
42100,0,1
42200,0,1
42300,0,1
42400,0,1
42500,0,1
42600,0,1
42700,0,1
42800,0,1
42900,0,1
43000,0,1
43100,0,1
43200,0,1
43300,0,1
43400,0,1
43500,0,1
43600,0,1
43700,0,1
43800,0,1
43900,0,1
44000,0,1
44100,0,1
44200,0,1
44300,0,1
44400,0,1
44500,0,1
44600,0,1
44700,0,1
44800,0,1
44900,0,1
45000,0,1
45100,0,1
45200,0,1
45300,0,1
45400,0,1
45500,0,1
45600,0,1
45700,0,1
45800,0,1
45900,0,1
46000,0,1
46100,0,1
46200,0,1
46300,0,1
46400,0,1
46500,0,1
46600,0,1
46700,0,1
46800,0,1
46900,0,1
47000,0,1
47100,0,1
47200,0,1
47300,0,1
47400,0,1
47500,0,1
47600,0,1
47700,0,1
47800,0,1
47900,0,1
48000,0,1
48100,0,1
48200,0,1
48300,0,1
48400,0,1
48500,0,1
48600,0,1
48700,0,1
48800,0,1
48900,0,1
49000,0,1
49100,0,1
49200,0,1
49300,0,1
49400,0,1
49500,0,1
49600,0,1
49700,0,1
49800,0,1
49900,0,1
50000,0,1
50100,0,1
50200,0,1
50300,0,1
50400,0,1
50500,0,1
50600,0,1
50700,0,1
50800,0,1
50900,0,1
51000,0,1
51100,0,1
51200,0,1
51300,0,1
51400,0,1
51500,0,1
51600,0,1
51700,0,1
51800,0,1
51900,0,1
52000,0,1
52100,0,1
52200,0,1
52300,0,1
52400,0,1
52500,0,1
52600,0,1
52700,0,1
52800,0,1
52900,0,1
53000,0,1
53100,0,1
53200,0,1
53300,0,1
53400,0,1
53500,0,1
53600,0,1
53700,0,1
53800,0,1
53900,0,1
54000,0,1
54100,0,1
54200,0,1
54300,0,1
54400,0,1
54500,0,1
54600,0,1
54700,0,1
54800,0,1
54900,0,1
55000,0,1
55100,0,1
55200,0,1
55300,0,1
55400,0,1
55500,0,1
55600,0,1
55700,0,1
55800,0,1
55900,0,1
56000,0,1
56100,0,1
56200,0,1
56300,0,1
56400,0,1
56500,0,1
56600,0,1
56700,0,1
56800,0,1
56900,0,1
57000,0,1
57100,0,1
57200,0,1
57300,0,1
57400,0,1
57500,0,1
57600,0,1
57700,0,1
57800,0,1
57900,0,1
58000,0,1
58100,0,1
58200,0,1
58300,0,1
58400,0,1
58500,0,1
58600,0,1
58700,0,1
58800,0,1
58900,0,1
59000,0,1
59100,0,1
59200,0,1
59300,0,1
59400,0,1
59500,0,1
59600,0,1
59700,0,1
59800,0,1
59900,0,1
60000,0,1
60100,0,1
60200,0,1
60300,0,1
60400,0,1
60500,0,1
60600,0,1
60700,0,1
60800,0,1
60900,0,1
61000,0,1
61100,0,1
61200,0,1
61300,0,1
61400,0,1
61500,0,1
61600,0,1
61700,0,1
61800,0,1
61900,0,1
62000,0,1
62100,0,1
62200,0,1
62300,0,1
62400,0,1
62500,0,1
62600,0,1
62700,0,1
62800,0,1
62900,0,1
63000,0,1
63100,0,1
63200,0,1
63300,0,1
63400,0,1
63500,0,1
63600,0,1
63700,0,1
63800,0,1
63900,0,1
64000,0,1
64100,0,1
64200,0,1
64300,0,1
64400,0,1
64500,0,1
64600,0,1
64700,0,1
64800,0,1
64900,0,1
65000,0,1
65100,0,1
65200,0,1
65300,0,1
65400,0,1
65500,0,1
65600,0,1
65700,0,1
65800,0,1
65900,0,1
66000,0,1
66100,0,1
66200,0,1
66300,0,1
66400,0,1
66500,0,1
66600,0,1
66700,0,1
66800,0,1
66900,0,1
67000,0,1
67100,0,1
67200,0,1
67300,0,1
67400,0,1
67500,0,1
67600,0,1
67700,0,1
67800,0,1
67900,0,1
68000,0,1
68100,0,1
68200,0,1
68300,0,1
68400,0,1
68500,0,1
68600,0,1
68700,0,1
68800,0,1
68900,0,1
69000,0,1
69100,0,1
69200,0,1
69300,0,1
69400,0,1
69500,0,1
69600,0,1
69700,0,1
69800,0,1
69900,0,1
70000,0,1
70100,0,1
70200,0,1
70300,0,1
70400,0,1
70500,0,1
70600,0,1
70700,0,1
70800,0,1
70900,0,1
71000,0,1
71100,0,1
71200,0,1
71300,0,1
71400,0,1
71500,0,1
71600,0,1
71700,0,1
71800,0,1
71900,0,1
72000,0,1
72100,0,1
72200,0,1
72300,0,1
72400,0,1
72500,0,1
72600,0,1
72700,0,1
72800,0,1
72900,0,1
73000,0,1
73100,0,1
73200,0,1
73300,0,1
73400,0,1
73500,0,1
73600,0,1
73700,0,1
73800,0,1
73900,0,1
74000,0,1
74100,0,1
74200,0,1
74300,0,1
74400,0,1
74500,0,1
74600,0,1
74700,0,1
74800,0,1
74900,0,1
75000,0,1
75100,0,1
75200,0,1
75300,0,1
75400,0,1
75500,0,1
75600,0,1
75700,0,1
75800,0,1
75900,0,1
76000,0,1
76100,0,1
76200,0,1
76300,0,1
76400,0,1
76500,0,1
76600,0,1
76700,0,1
76800,0,1
76900,0,1
77000,0,1
77100,0,1
77200,0,1
77300,0,1
77400,0,1
77500,0,1
77600,0,1
77700,0,1
77800,0,1
77900,0,1
78000,0,1
78100,0,1
78200,0,1
78300,0,1
78400,0,1
78500,0,1
78600,0,1
78700,0,1
78800,0,1
78900,0,1
79000,0,1
79100,0,1
79200,0,1
79300,0,1
79400,0,1
79500,0,1
79600,0,1
79700,0,1
79800,0,1
79900,0,1
80000,0,1
80100,0,1
80200,0,1
80300,0,1
80400,0,1
80500,0,1
80600,0,1
80700,0,1
80800,0,1
80900,0,1
81000,0,1
81100,0,1
81200,0,1
81300,0,1
81400,0,1
81500,0,1
81600,0,1
81700,0,1
81800,0,1
81900,0,1
82000,0,1
82100,0,1
82200,0,1
82300,0,1
82400,0,1
82500,0,1
82600,0,1
82700,0,1
82800,0,1
82900,0,1
83000,0,1
83100,0,1
83200,0,1
83300,0,1
83400,0,1
83500,0,1
83600,0,1
83700,0,1
83800,0,1
83900,0,1
84000,0,1
84100,0,1
84200,0,1
84300,0,1
84400,0,1
84500,0,1
84600,0,1
84700,0,1
84800,0,1
84900,0,1
85000,0,1
85100,0,1
85200,0,1
85300,0,1
85400,0,1
85500,0,1
85600,0,1
85700,0,1
85800,0,1
85900,0,1
86000,0,1
86100,0,1
86200,0,1
86300,0,1
86400,0,1
86500,0,1
86600,0,1
86700,0,1
86800,0,1
86900,0,1
87000,0,1
87100,0,1
87200,0,1
87300,0,1
87400,0,1
87500,0,1
87600,0,1
87700,0,1
87800,0,1
87900,0,1
88000,0,1
88100,0,1
88200,0,1
88300,0,1
88400,0,1
88500,0,1
88600,0,1
88700,0,1
88800,0,1
88900,0,1
89000,0,1
89100,0,1
89200,0,1
89300,0,1
89400,0,1
89500,0,1
89600,0,1
89700,0,1
89800,0,1
89900,0,1
90000,0,1
90100,0,1
90200,0,1
90300,0,1
90400,0,1
90500,0,1
90600,0,1
90700,0,1
90800,0,1
90900,0,1
91000,0,1
91100,0,1
91200,0,1
91300,0,1
91400,0,1
91500,0,1
91600,0,1
91700,0,1
91800,0,1
91900,0,1
92000,0,1
92100,0,1
92200,0,1
92300,0,1
92400,0,1
92500,0,1
92600,0,1
92700,0,1
92800,0,1
92900,0,1
93000,0,1
93100,0,1
93200,0,1
93300,0,1
93400,0,1
93500,0,1
93600,0,1
93700,0,1
93800,0,1
93900,0,1
94000,0,1
94100,0,1
94200,0,1
94300,0,1
94400,0,1
94500,0,1
94600,0,1
94700,0,1
94800,0,1
94900,0,1
95000,0,1
95100,0,1
95200,0,1
95300,0,1
95400,0,1
95500,0,1
95600,0,1
95700,0,1
95800,0,1
95900,0,1
96000,0,1
96100,0,1
96200,0,1
96300,0,1
96400,0,1
96500,0,1
96600,0,1
96700,0,1
96800,0,1
96900,0,1
97000,0,1
97100,0,1
97200,0,1
97300,0,1
97400,0,1
97500,0,1
97600,0,1
97700,0,1
97800,0,1
97900,0,1
98000,0,1
98100,0,1
98200,0,1
98300,0,1
98400,0,1
98500,0,1
98600,0,1
98700,0,1
98800,0,1
98900,0,1
99000,0,1
99100,0,1
99200,0,1
99300,0,1
99400,0,1
99500,0,1
99600,0,1
99700,0,1
99800,0,1
99900,0,1
