0,0.499999,0.500011
100,0.495494,0.500403
200,0.493789,0.500167
300,0.495871,0.499912
400,0.482484,0.499678
500,0.485827,0.49923
600,0.496144,0.498744
700,0.467662,0.498508
800,0.497294,0.498538
900,0.488608,0.498506
1000,0.491151,0.498479
1100,0.488291,0.497462
1200,0.491741,0.497405
1300,0.499014,0.497268
1400,0.495193,0.49678
1500,0.498327,0.497376
1600,0.495512,0.496528
1700,0.493822,0.496286
1800,0.483079,0.496648
1900,0.494201,0.496631
2000,0.482183,0.497889
2100,0.491757,0.498779
2200,0.494658,0.499624
2300,0.485047,0.501092
2400,0.491811,0.50224
2500,0.485953,0.50279
2600,0.487817,0.504188
2700,0.492366,0.504777
2800,0.493028,0.505916
2900,0.494593,0.505799
3000,0.478932,0.507533
3100,0.490208,0.509129
3200,0.481906,0.510043
3300,0.488924,0.510883
3400,0.483623,0.512112
3500,0.494613,0.512956
3600,0.483821,0.514468
3700,0.494929,0.516196
3800,0.494253,0.516967
3900,0.487753,0.517789
4000,0.479399,0.517924
4100,0.492968,0.519009
4200,0.49445,0.520402
4300,0.496245,0.521906
4400,0.470566,0.522249
4500,0.458442,0.52269
4600,0.474931,0.523901
4700,0.479067,0.524843
4800,0.491215,0.525281
4900,0.483824,0.525805
5000,0.464498,0.526657
5100,0.46361,0.527307
5200,0.4424,0.528426
5300,0.44595,0.529045
5400,0.442405,0.529724
5500,0.467068,0.530432
5600,0.465685,0.531316
5700,0.483829,0.532263
5800,0.482796,0.533599
5900,0.485626,0.534539
6000,0.49274,0.535018
6100,0.489374,0.535684
6200,0.487156,0.536979
6300,0.477424,0.537208
6400,0.475534,0.538218
6500,0.486802,0.539053
6600,0.47024,0.540464
6700,0.481233,0.541674
6800,0.480497,0.543226
6900,0.486273,0.544537
7000,0.487926,0.545255
7100,0.477437,0.545838
7200,0.489823,0.546793
7300,0.483173,0.547445
7400,0.491248,0.549272
7500,0.486212,0.54985
7600,0.480401,0.550501
7700,0.490422,0.55098
7800,0.491327,0.551659
7900,0.485563,0.552162
8000,0.483673,0.552622
8100,0.472154,0.553307
8200,0.474916,0.554038
8300,0.484616,0.554851
8400,0.487859,0.554752
8500,0.484521,0.554739
8600,0.493587,0.553696
8700,0.488018,0.553345
8800,0.479684,0.552443
8900,0.47637,0.551736
9000,0.47531,0.551788
9100,0.483606,0.550697
9200,0.463073,0.550916
9300,0.474292,0.549931
9400,0.471643,0.549564
9500,0.487034,0.548763
9600,0.488172,0.54805
9700,0.493946,0.547823
9800,0.490584,0.547436
9900,0.475979,0.546881
10000,0.462494,0.546291
10100,0.464056,0.546064
10200,0.468745,0.545558
10300,0.472902,0.54507
10400,0.476797,0.545522
10500,0.468636,0.545097
10600,0.46576,0.545173
10700,0.471842,0.544911
10800,0.487126,0.544586
10900,0.478573,0.544259
11000,0.489129,0.543496
11100,0.489525,0.543619
11200,0.484889,0.543402
11300,0.491103,0.543291
11400,0.47607,0.543401
11500,0.476975,0.543304
11600,0.480038,0.542722
11700,0.47311,0.541962
11800,0.480634,0.542634
11900,0.477201,0.543715
12000,0.482439,0.544901
12100,0.476488,0.546207
12200,0.486924,0.547767
12300,0.481165,0.548762
12400,0.482572,0.550904
12500,0.485025,0.552901
12600,0.475397,0.554686
12700,0.468179,0.556702
12800,0.466741,0.559014
12900,0.478605,0.561744
13000,0.48034,0.563898
13100,0.482888,0.566478
13200,0.477401,0.568818
13300,0.471379,0.572218
13400,0.479064,0.5738
13500,0.486728,0.576424
13600,0.473651,0.577601
13700,0.480847,0.579348
13800,0.486155,0.58113
13900,0.470023,0.582762
14000,0.474726,0.584566
14100,0.47714,0.586036
14200,0.465416,0.58726
14300,0.478497,0.588127
14400,0.478885,0.589596
14500,0.474728,0.590662
14600,0.462824,0.59068
14700,0.47075,0.591147
14800,0.470355,0.591532
14900,0.468676,0.591219
15000,0.471473,0.590783
15100,0.477045,0.590548
15200,0.468521,0.590115
15300,0.477969,0.589715
15400,0.475815,0.588251
15500,0.472325,0.586733
15600,0.464965,0.585486
15700,0.485496,0.583987
15800,0.479338,0.582923
15900,0.473598,0.582397
16000,0.457321,0.580671
16100,0.447108,0.579217
16200,0.457909,0.578153
16300,0.445203,0.577087
16400,0.454602,0.576791
16500,0.450747,0.576334
16600,0.472151,0.576258
16700,0.451206,0.575514
16800,0.453362,0.574516
16900,0.470392,0.573984
17000,0.470947,0.574155
17100,0.474892,0.57385
17200,0.480352,0.573749
17300,0.475747,0.573507
17400,0.488179,0.573951
17500,0.473849,0.57394
17600,0.468644,0.573483
17700,0.471819,0.574533
17800,0.482485,0.574437
17900,0.469816,0.575822
18000,0.474899,0.576986
18100,0.462851,0.57763
18200,0.457296,0.578738
18300,0.460124,0.580052
18400,0.46505,0.580287
18500,0.480941,0.581202
18600,0.471029,0.581477
18700,0.453297,0.581154
18800,0.444317,0.580519
18900,0.478537,0.580275
19000,0.474276,0.580503
19100,0.477028,0.580767
19200,0.478329,0.581619
19300,0.464484,0.581862
19400,0.484556,0.582131
19500,0.480654,0.582375
19600,0.472923,0.582837
19700,0.468226,0.583156
19800,0.476051,0.582887
19900,0.467887,0.582403
20000,0.477921,0.581849
20100,0.48162,0.580288
20200,0.477017,0.579118
20300,0.475043,0.577728
20400,0.481543,0.576437
20500,0.484354,0.576168
20600,0.477322,0.575308
20700,0.47549,0.574595
20800,0.469384,0.574579
20900,0.45265,0.574062
21000,0.459304,0.573724
21100,0.48084,0.573774
21200,0.472169,0.573451
21300,0.483581,0.573101
21400,0.477702,0.573227
21500,0.47104,0.572485
21600,0.477865,0.572252
21700,0.48273,0.572075
21800,0.472647,0.571992
21900,0.485897,0.57065
22000,0.462696,0.570269
22100,0.479821,0.570534
22200,0.467826,0.570271
22300,0.466416,0.570211
22400,0.462186,0.570046
22500,0.442867,0.569701
22600,0.45097,0.569851
22700,0.455747,0.569327
22800,0.457705,0.56917
22900,0.456752,0.569766
23000,0.473,0.570496
23100,0.467093,0.571213
23200,0.481596,0.572026
23300,0.460897,0.573391
23400,0.478044,0.574526
23500,0.474298,0.577211
23600,0.467637,0.579198
23700,0.455992,0.58206
23800,0.453164,0.583814
23900,0.47121,0.585699
24000,0.474264,0.588619
24100,0.470733,0.59133
24200,0.46358,0.59438
24300,0.46995,0.597658
24400,0.456318,0.601547
24500,0.460699,0.604225
24600,0.455726,0.608085
24700,0.455047,0.611449
24800,0.467362,0.615018
24900,0.456545,0.618108
25000,0.449666,0.620788
25100,0.459054,0.622703
25200,0.46182,0.624311
25300,0.452746,0.626046
25400,0.448058,0.627669
25500,0.447898,0.629169
25600,0.452217,0.630654
25700,0.446501,0.632089
25800,0.453044,0.63349
25900,0.459624,0.634398
26000,0.458723,0.6351
26100,0.456026,0.635071
26200,0.440722,0.636412
26300,0.443228,0.636961
26400,0.459586,0.637052
26500,0.456155,0.637666
26600,0.457187,0.637958
26700,0.459249,0.638149
26800,0.460062,0.638416
26900,0.448224,0.638527
27000,0.445249,0.638743
27100,0.455144,0.639921
27200,0.456541,0.640265
27300,0.455371,0.641564
27400,0.442131,0.642463
27500,0.442373,0.644083
27600,0.446399,0.644731
27700,0.445901,0.645674
27800,0.431882,0.64616
27900,0.426939,0.647478
28000,0.447184,0.648287
28100,0.445858,0.649997
28200,0.428611,0.650152
28300,0.432685,0.651945
28400,0.437596,0.653552
28500,0.42544,0.654478
28600,0.44095,0.655215
28700,0.441991,0.656704
28800,0.435905,0.657827
28900,0.440819,0.659321
29000,0.443326,0.659424
29100,0.441343,0.659586
29200,0.446323,0.660153
29300,0.443233,0.660061
29400,0.444978,0.660388
29500,0.443013,0.660924
29600,0.431377,0.66071
29700,0.426331,0.660443
29800,0.435004,0.660396
29900,0.436424,0.659385
30000,0.441514,0.659237
30100,0.437148,0.658426
30200,0.434643,0.657523
30300,0.419037,0.656984
30400,0.413523,0.655718
30500,0.425491,0.654652
30600,0.431811,0.653866
30700,0.443819,0.652872
30800,0.448415,0.652036
30900,0.449685,0.652303
31000,0.432525,0.652343
31100,0.448166,0.652603
31200,0.436998,0.653146
31300,0.434955,0.653404
31400,0.449773,0.654166
31500,0.441053,0.654371
31600,0.44493,0.654505
31700,0.445705,0.655504
31800,0.443492,0.656379
31900,0.446071,0.656648
32000,0.437587,0.657346
32100,0.432252,0.657803
32200,0.435175,0.658855
32300,0.44628,0.65965
32400,0.44202,0.660985
32500,0.420539,0.662586
32600,0.443434,0.664378
32700,0.441689,0.665555
32800,0.441083,0.665945
32900,0.44528,0.666289
33000,0.430426,0.667499
33100,0.433851,0.668531
33200,0.407683,0.669029
33300,0.409737,0.669359
33400,0.416655,0.670009
33500,0.412484,0.670134
33600,0.413909,0.670573
33700,0.418567,0.67111
33800,0.424791,0.671861
33900,0.416077,0.672438
34000,0.405754,0.673614
34100,0.414401,0.67472
34200,0.41909,0.67493
34300,0.418992,0.675366
34400,0.412184,0.676397
34500,0.425973,0.676623
34600,0.41936,0.677237
34700,0.430543,0.677499
34800,0.436722,0.678143
34900,0.422621,0.678526
35000,0.426717,0.679344
35100,0.423213,0.679933
35200,0.43153,0.679691
35300,0.426361,0.680464
35400,0.426599,0.680591
35500,0.428742,0.681032
35600,0.409794,0.681675
35700,0.41951,0.681767
35800,0.430235,0.681192
35900,0.428101,0.681251
36000,0.420079,0.681424
36100,0.430978,0.681523
36200,0.42336,0.682212
36300,0.417901,0.682157
36400,0.427962,0.683056
36500,0.428074,0.684083
36600,0.421878,0.685251
36700,0.422801,0.685825
36800,0.420974,0.687505
36900,0.416925,0.689162
37000,0.422717,0.690086
37100,0.423684,0.691454
37200,0.415169,0.692722
37300,0.428712,0.693994
37400,0.420818,0.694682
37500,0.411786,0.694856
37600,0.415288,0.694815
37700,0.419312,0.695097
37800,0.416088,0.69554
37900,0.425147,0.694601
38000,0.421765,0.694795
38100,0.414555,0.694675
38200,0.42305,0.695119
38300,0.428028,0.695612
38400,0.423636,0.695035
38500,0.418542,0.694884
38600,0.422038,0.694732
38700,0.418098,0.695178
38800,0.416031,0.694673
38900,0.401442,0.694724
39000,0.420327,0.694404
39100,0.420481,0.694562
39200,0.417958,0.694226
39300,0.4254,0.692935
39400,0.411336,0.691772
39500,0.419075,0.691726
39600,0.428206,0.691335
39700,0.423169,0.690429
39800,0.419645,0.689613
39900,0.424387,0.688843
40000,0.416429,0.68781
40100,0.422677,0.686636
40200,0.426656,0.684974
40300,0.432761,0.683215
40400,0.433381,0.681792
40500,0.431036,0.680302
40600,0.430748,0.679135
40700,0.433208,0.677152
40800,0.438642,0.675512
40900,0.426166,0.673866
41000,0.428029,0.672237
41100,0.431719,0.671066
41200,0.429511,0.669496
41300,0.44111,0.667387
41400,0.435876,0.666188
41500,0.427044,0.664914
41600,0.427082,0.663935
41700,0.433401,0.662806
41800,0.439725,0.662329
41900,0.440798,0.660901
42000,0.445783,0.659788
42100,0.44514,0.658213
42200,0.440259,0.657227
42300,0.446243,0.656411
42400,0.452111,0.655259
42500,0.448518,0.653373
42600,0.442214,0.652551
42700,0.447974,0.651576
42800,0.449742,0.651233
42900,0.445015,0.651543
43000,0.43556,0.651607
43100,0.451174,0.652047
43200,0.451362,0.65141
43300,0.436412,0.650838
43400,0.443499,0.650452
43500,0.436997,0.650115
43600,0.436963,0.649863
43700,0.442737,0.649911
43800,0.433211,0.6505
43900,0.447211,0.65086
44000,0.453389,0.650646
44100,0.454149,0.651347
44200,0.4499,0.651103
44300,0.441918,0.651487
44400,0.439608,0.651661
44500,0.447315,0.65204
44600,0.437969,0.651693
44700,0.449368,0.65126
44800,0.451728,0.650915
44900,0.448044,0.650317
45000,0.455739,0.650196
45100,0.454032,0.649549
45200,0.453569,0.648395
45300,0.449381,0.64688
45400,0.440626,0.6465
45500,0.456898,0.645651
45600,0.456311,0.644037
45700,0.449878,0.642782
45800,0.443285,0.641231
45900,0.443254,0.639797
46000,0.4507,0.638257
46100,0.457077,0.637143
46200,0.444029,0.635935
46300,0.45421,0.635361
46400,0.458709,0.634367
46500,0.447508,0.633034
46600,0.456267,0.631905
46700,0.455973,0.631163
46800,0.457165,0.630155
46900,0.451341,0.629152
47000,0.460166,0.628766
47100,0.454139,0.628266
47200,0.461311,0.627914
47300,0.448444,0.627974
47400,0.461633,0.628234
47500,0.456591,0.628829
47600,0.463118,0.629103
47700,0.458866,0.628996
47800,0.460146,0.629214
47900,0.448397,0.630679
48000,0.46194,0.631656
48100,0.456286,0.63253
48200,0.451945,0.633657
48300,0.45252,0.634296
48400,0.453575,0.63502
48500,0.460744,0.63466
48600,0.453278,0.635682
48700,0.444177,0.636192
48800,0.449561,0.636554
48900,0.459879,0.637447
49000,0.462115,0.638613
49100,0.45498,0.638911
49200,0.455164,0.639655
49300,0.45381,0.640771
49400,0.458579,0.640815
49500,0.456431,0.641184
49600,0.444404,0.641631
49700,0.431433,0.642166
49800,0.437462,0.642266
49900,0.429667,0.64281
50000,0.455344,0.643678
50100,0.447733,0.64458
50200,0.447312,0.645911
50300,0.451087,0.646307
50400,0.445762,0.646797
50500,0.440572,0.647471
50600,0.451728,0.647481
50700,0.444734,0.64801
50800,0.440721,0.649368
50900,0.454856,0.650211
51000,0.447478,0.65084
51100,0.429129,0.651453
51200,0.429962,0.65137
51300,0.447894,0.651258
51400,0.440259,0.650731
51500,0.434381,0.650704
51600,0.44301,0.650918
51700,0.44617,0.65119
51800,0.450074,0.651097
51900,0.443969,0.65048
52000,0.433618,0.651298
52100,0.445504,0.651132
52200,0.440078,0.650765
52300,0.441971,0.650047
52400,0.445619,0.649487
52500,0.441553,0.648992
52600,0.45859,0.648559
52700,0.439373,0.647845
52800,0.441796,0.646681
52900,0.442634,0.646573
53000,0.432681,0.646039
53100,0.439141,0.645671
53200,0.44346,0.64489
53300,0.446112,0.644687
53400,0.452989,0.644438
53500,0.435046,0.644757
53600,0.434806,0.645169
53700,0.423852,0.645575
53800,0.434405,0.645398
53900,0.455525,0.645265
54000,0.439816,0.645228
54100,0.43399,0.645386
54200,0.436805,0.645958
54300,0.454131,0.646282
54400,0.448982,0.646588
54500,0.455075,0.64716
54600,0.454971,0.647321
54700,0.447573,0.648183
54800,0.455041,0.648534
54900,0.448475,0.648972
55000,0.441274,0.648908
55100,0.450609,0.648735
55200,0.448288,0.648439
55300,0.440247,0.648377
55400,0.444637,0.648596
55500,0.444437,0.64824
55600,0.45559,0.647495
55700,0.450697,0.647203
55800,0.444495,0.646542
55900,0.444284,0.646616
56000,0.456281,0.646497
56100,0.427468,0.646176
56200,0.431636,0.646492
56300,0.446855,0.646538
56400,0.450427,0.645973
56500,0.441491,0.646859
56600,0.447939,0.6484
56700,0.450962,0.649507
56800,0.447472,0.651063
56900,0.450154,0.651887
57000,0.439735,0.652525
57100,0.435879,0.653105
57200,0.424465,0.652292
57300,0.431919,0.653578
57400,0.439565,0.6538
57500,0.438676,0.653616
57600,0.442043,0.653867
57700,0.439158,0.653114
57800,0.43091,0.653056
57900,0.451989,0.653407
58000,0.447615,0.65486
58100,0.451142,0.655693
58200,0.443756,0.656265
58300,0.449759,0.656491
58400,0.44872,0.656943
58500,0.44793,0.657484
58600,0.447122,0.658293
58700,0.443566,0.658609
58800,0.448104,0.65872
58900,0.451831,0.659805
59000,0.441504,0.660555
59100,0.435493,0.661084
59200,0.431609,0.662576
59300,0.436083,0.66398
59400,0.440919,0.665118
59500,0.441958,0.665453
59600,0.440243,0.665989
59700,0.433426,0.667263
59800,0.426752,0.668965
59900,0.426877,0.670419
60000,0.429356,0.671738
60100,0.429281,0.673528
60200,0.427064,0.674335
60300,0.427754,0.676157
60400,0.421733,0.677615
60500,0.429051,0.678569
60600,0.429193,0.678581
60700,0.41156,0.678538
60800,0.430073,0.678969
60900,0.431911,0.6796
61000,0.429136,0.679661
61100,0.421298,0.680662
61200,0.42187,0.680954
61300,0.41972,0.682059
61400,0.428803,0.682737
61500,0.415724,0.683074
61600,0.419619,0.683614
61700,0.423713,0.683661
61800,0.400923,0.68365
61900,0.405573,0.68467
62000,0.420086,0.686143
62100,0.420367,0.687216
62200,0.427634,0.689217
62300,0.422188,0.689889
62400,0.415665,0.689879
62500,0.411494,0.690063
62600,0.394632,0.690961
62700,0.404555,0.691772
62800,0.412791,0.692215
62900,0.412754,0.692073
63000,0.413195,0.692118
63100,0.406187,0.692979
63200,0.407002,0.694073
63300,0.41153,0.695737
63400,0.413457,0.69808
63500,0.413646,0.699653
63600,0.404043,0.701079
63700,0.403068,0.702395
63800,0.413686,0.703663
63900,0.406127,0.704552
64000,0.408971,0.70574
64100,0.411699,0.706304
64200,0.416008,0.706843
64300,0.404622,0.706575
64400,0.39441,0.706448
64500,0.412855,0.706766
64600,0.401405,0.707351
64700,0.39256,0.708295
64800,0.40878,0.708181
64900,0.410599,0.70832
65000,0.408601,0.708493
65100,0.401577,0.708159
65200,0.410328,0.707818
65300,0.409984,0.70673
65400,0.401408,0.705836
65500,0.401589,0.704121
65600,0.392993,0.702835
65700,0.388731,0.702041
65800,0.393957,0.701218
65900,0.412044,0.70012
66000,0.413518,0.69905
66100,0.411516,0.697317
66200,0.425852,0.696835
66300,0.41668,0.69664
66400,0.406106,0.695864
66500,0.407892,0.694809
66600,0.413413,0.693557
66700,0.416771,0.692042
66800,0.42238,0.69129
66900,0.423719,0.68958
67000,0.417731,0.689382
67100,0.419281,0.689305
67200,0.419158,0.688621
67300,0.424855,0.688593
67400,0.429654,0.688159
67500,0.425223,0.68751
67600,0.419194,0.68685
67700,0.425278,0.686851
67800,0.421053,0.687064
67900,0.428665,0.686673
68000,0.429463,0.686735
68100,0.414516,0.686509
68200,0.432799,0.68635
68300,0.420025,0.686016
68400,0.425671,0.68522
68500,0.428944,0.683998
68600,0.429434,0.682403
68700,0.424422,0.680586
68800,0.425936,0.679173
68900,0.438598,0.677475
69000,0.435581,0.675231
69100,0.444204,0.673215
69200,0.441601,0.671343
69300,0.43404,0.669594
69400,0.43571,0.66767
69500,0.438122,0.665131
69600,0.42244,0.663429
69700,0.426978,0.660474
69800,0.447369,0.658525
69900,0.44551,0.656162
70000,0.434071,0.654721
70100,0.433049,0.653123
70200,0.435634,0.651026
70300,0.449509,0.64917
70400,0.459062,0.647569
70500,0.445143,0.646799
70600,0.458903,0.644399
70700,0.443784,0.642476
70800,0.450783,0.640137
70900,0.449608,0.638209
71000,0.453872,0.636102
71100,0.447182,0.634069
71200,0.45592,0.632009
71300,0.456374,0.630874
71400,0.463069,0.630063
71500,0.454865,0.628591
71600,0.463208,0.627122
71700,0.467705,0.625844
71800,0.459278,0.624629
71900,0.462743,0.623956
72000,0.461244,0.623034
72100,0.457378,0.622385
72200,0.469107,0.622057
72300,0.463495,0.620991
72400,0.468124,0.619862
72500,0.464227,0.618738
72600,0.464874,0.618459
72700,0.468152,0.618339
72800,0.470008,0.617674
72900,0.471461,0.617901
73000,0.466942,0.616363
73100,0.461745,0.615921
73200,0.461304,0.616419
73300,0.460367,0.616418
73400,0.462249,0.616177
73500,0.461772,0.615193
73600,0.466715,0.614942
73700,0.463392,0.615727
73800,0.460227,0.615363
73900,0.462134,0.615562
74000,0.460977,0.615742
74100,0.462354,0.616172
74200,0.460986,0.615755
74300,0.467625,0.616085
74400,0.471493,0.616608
74500,0.472335,0.616193
74600,0.461746,0.615475
74700,0.459673,0.614671
74800,0.462628,0.614812
74900,0.458317,0.614164
75000,0.466055,0.614064
75100,0.465617,0.61378
75200,0.458901,0.614228
75300,0.451259,0.61402
75400,0.447816,0.61378
75500,0.455087,0.614113
75600,0.461222,0.614483
75700,0.469269,0.613788
75800,0.472619,0.613218
75900,0.456504,0.613271
76000,0.46815,0.613442
76100,0.464545,0.613654
76200,0.454759,0.61373
76300,0.438755,0.61319
76400,0.450153,0.613009
76500,0.467321,0.613621
76600,0.462927,0.613772
76700,0.458068,0.614369
76800,0.456819,0.614965
76900,0.455353,0.614639
77000,0.472191,0.614277
77100,0.460232,0.614616
77200,0.470197,0.615004
77300,0.457488,0.615262
77400,0.45967,0.615192
77500,0.455896,0.615889
77600,0.467978,0.616419
77700,0.466452,0.616988
77800,0.46631,0.617297
77900,0.459606,0.616983
78000,0.470506,0.617255
78100,0.471125,0.617328
78200,0.459235,0.618721
78300,0.466863,0.619255
78400,0.462217,0.619487
78500,0.454706,0.619942
78600,0.463832,0.619732
78700,0.460526,0.619805
78800,0.462018,0.618798
78900,0.469238,0.618207
79000,0.469795,0.616949
79100,0.46885,0.616491
79200,0.469377,0.616194
79300,0.470531,0.614607
79400,0.468542,0.613776
79500,0.462877,0.612832
79600,0.468258,0.611356
79700,0.467584,0.610347
79800,0.474995,0.609876
79900,0.474347,0.608474
80000,0.474652,0.607192
80100,0.467863,0.606582
80200,0.476195,0.605353
80300,0.464275,0.605531
80400,0.464189,0.605219
80500,0.466967,0.604994
80600,0.469597,0.604182
80700,0.469734,0.603881
80800,0.472106,0.604138
80900,0.474244,0.604408
81000,0.470311,0.605333
81100,0.461788,0.605567
81200,0.472004,0.606944
81300,0.454722,0.60802
81400,0.459068,0.610215
81500,0.464128,0.612224
81600,0.461546,0.614578
81700,0.464097,0.616231
81800,0.46687,0.618347
81900,0.466989,0.620182
82000,0.469139,0.621484
82100,0.469231,0.62286
82200,0.462845,0.623934
82300,0.455864,0.62521
82400,0.461025,0.625556
82500,0.464375,0.626495
82600,0.459566,0.627748
82700,0.458243,0.629008
82800,0.438784,0.630242
82900,0.45725,0.631707
83000,0.455592,0.633248
83100,0.440264,0.63515
83200,0.450476,0.636396
83300,0.441645,0.637857
83400,0.448093,0.638605
83500,0.453809,0.638801
83600,0.4476,0.639981
83700,0.455593,0.639992
83800,0.458686,0.639879
83900,0.452961,0.639549
84000,0.461442,0.639081
84100,0.437423,0.638136
84200,0.453703,0.637272
84300,0.460045,0.637107
84400,0.46164,0.63639
84500,0.455267,0.63625
84600,0.456439,0.636761
84700,0.458258,0.635658
84800,0.453439,0.635336
84900,0.457847,0.634841
85000,0.456938,0.63406
85100,0.462392,0.633191
85200,0.454439,0.632802
85300,0.446412,0.631525
85400,0.450038,0.630632
85500,0.440038,0.629545
85600,0.449523,0.628617
85700,0.453751,0.628329
85800,0.454985,0.627772
85900,0.460309,0.628042
86000,0.455302,0.629195
86100,0.458302,0.629518
86200,0.460145,0.629785
86300,0.450997,0.630386
86400,0.454978,0.631475
86500,0.453455,0.633216
86600,0.444328,0.634372
86700,0.445105,0.636047
86800,0.43867,0.638353
86900,0.44298,0.640364
87000,0.44598,0.642275
87100,0.432818,0.643986
87200,0.440316,0.646395
87300,0.451642,0.647618
87400,0.432163,0.649133
87500,0.4466,0.650789
87600,0.441071,0.651817
87700,0.444371,0.652733
87800,0.451624,0.654068
87900,0.442068,0.656
88000,0.446538,0.656826
88100,0.438338,0.658894
88200,0.44741,0.659974
88300,0.43835,0.660479
88400,0.434469,0.661153
88500,0.433473,0.662175
88600,0.446605,0.663039
88700,0.435443,0.663281
88800,0.442506,0.663072
88900,0.446839,0.662505
89000,0.432931,0.662859
89100,0.433152,0.662492
89200,0.429459,0.662401
89300,0.441028,0.661524
89400,0.441804,0.660172
89500,0.434741,0.659788
89600,0.442443,0.659305
89700,0.438585,0.658181
89800,0.420007,0.657971
89900,0.438812,0.65734
90000,0.42484,0.6567
90100,0.433722,0.656885
90200,0.430045,0.657849
90300,0.430916,0.657857
90400,0.440621,0.658149
90500,0.445232,0.657996
90600,0.437663,0.657921
90700,0.433382,0.657928
90800,0.430788,0.65864
90900,0.43357,0.659345
91000,0.435786,0.660198
91100,0.4313,0.661784
91200,0.434712,0.663176
91300,0.436278,0.664698
91400,0.417092,0.665199
91500,0.419785,0.666263
91600,0.418711,0.667917
91700,0.429753,0.669385
91800,0.427636,0.671131
91900,0.411689,0.672188
92000,0.433251,0.673075
92100,0.442015,0.673679
92200,0.424108,0.674278
92300,0.433298,0.674362
92400,0.431414,0.674605
92500,0.426923,0.67502
92600,0.434292,0.67524
92700,0.428621,0.675172
92800,0.415965,0.675197
92900,0.434988,0.675837
93000,0.429643,0.677003
93100,0.426379,0.677795
93200,0.429538,0.679408
93300,0.422738,0.680792
93400,0.417931,0.681267
93500,0.425967,0.681762
93600,0.42264,0.682149
93700,0.41133,0.682774
93800,0.427184,0.682709
93900,0.419033,0.683035
94000,0.422218,0.682966
94100,0.425081,0.682294
94200,0.42418,0.681731
94300,0.434646,0.681648
94400,0.435856,0.680589
94500,0.421457,0.679818
94600,0.429342,0.67857
94700,0.423942,0.677532
94800,0.428147,0.675944
94900,0.436644,0.67517
95000,0.436776,0.673905
95100,0.435351,0.672065
95200,0.430401,0.669977
95300,0.435485,0.667848
95400,0.437964,0.666402
95500,0.438876,0.663843
95600,0.440872,0.662491
95700,0.442016,0.660795
95800,0.443905,0.659526
95900,0.449342,0.658297
96000,0.442646,0.657043
96100,0.436299,0.655957
96200,0.437767,0.654459
96300,0.441934,0.653713
96400,0.444766,0.653391
96500,0.446664,0.653288
96600,0.451318,0.653403
96700,0.443163,0.653387
96800,0.446723,0.653807
96900,0.435467,0.654312
97000,0.427647,0.654739
97100,0.435516,0.655111
97200,0.44176,0.655981
97300,0.446658,0.655487
97400,0.44689,0.655135
97500,0.445694,0.654537
97600,0.451553,0.653712
97700,0.43194,0.652715
97800,0.451618,0.651903
97900,0.449967,0.650863
98000,0.449823,0.650684
98100,0.437666,0.649865
98200,0.442955,0.648261
98300,0.448949,0.646772
98400,0.451329,0.645526
98500,0.443085,0.64454
98600,0.450157,0.642097
98700,0.450464,0.639141
98800,0.453951,0.63657
98900,0.451065,0.635126
99000,0.445882,0.633242
99100,0.440284,0.631783
99200,0.43514,0.629743
99300,0.446656,0.628557
99400,0.456166,0.627067
99500,0.460986,0.625518
99600,0.441912,0.624752
99700,0.444075,0.622904
99800,0.457055,0.621488
99900,0.458073,0.620673
