0,0.499999,0.500023
100,0.499065,0.499658
200,0.485928,0.50045
300,0.484739,0.50031
400,0.494391,0.499556
500,0.483373,0.499323
600,0.487457,0.49997
700,0.475284,0.500535
800,0.495613,0.500161
900,0.492072,0.499971
1000,0.4955,0.50034
1100,0.479266,0.499211
1200,0.474706,0.498354
1300,0.487249,0.498735
1400,0.486218,0.499028
1500,0.490015,0.499246
1600,0.484914,0.499653
1700,0.489712,0.500448
1800,0.48783,0.501378
1900,0.491954,0.501657
2000,0.499516,0.50202
2100,0.491193,0.503235
2200,0.485808,0.504354
2300,0.489219,0.506168
2400,0.495269,0.507713
2500,0.480938,0.509044
2600,0.495018,0.510333
2700,0.49603,0.51102
2800,0.49589,0.512405
2900,0.491987,0.513702
3000,0.487659,0.514454
3100,0.487428,0.515268
3200,0.472498,0.51634
3300,0.479564,0.517041
3400,0.486305,0.51788
3500,0.494,0.519663
3600,0.486518,0.521198
3700,0.492324,0.522955
3800,0.490254,0.523967
3900,0.491978,0.525245
4000,0.493355,0.52684
4100,0.489288,0.528175
4200,0.487723,0.528248
4300,0.478057,0.529605
4400,0.494856,0.530398
4500,0.487937,0.531094
4600,0.484584,0.531405
4700,0.476872,0.532073
4800,0.467989,0.533164
4900,0.493504,0.533478
5000,0.487767,0.534425
5100,0.477082,0.534917
5200,0.492572,0.535319
5300,0.490765,0.534905
5400,0.483622,0.534584
5500,0.480941,0.534333
5600,0.486433,0.534243
5700,0.486548,0.534326
5800,0.486521,0.534102
5900,0.480226,0.533984
6000,0.472802,0.532987
6100,0.490976,0.533016
6200,0.491975,0.532317
6300,0.491364,0.531263
6400,0.489693,0.529284
6500,0.487571,0.528058
6600,0.494837,0.526305
6700,0.483058,0.524083
6800,0.490202,0.522587
6900,0.490048,0.520807
7000,0.487664,0.518542
7100,0.489642,0.515013
7200,0.487301,0.513252
7300,0.482894,0.509961
7400,0.484069,0.506127
7500,0.478296,0.502718
7600,0.49424,0.499795
7700,0.495519,0.497109
7800,0.487479,0.492979
7900,0.485169,0.490049
8000,0.476468,0.487134
8100,0.479968,0.484342
8200,0.490788,0.4816
8300,0.495004,0.479096
8400,0.482861,0.476714
8500,0.488108,0.474904
8600,0.488508,0.473531
8700,0.487691,0.471642
8800,0.477754,0.470167
8900,0.488811,0.469031
9000,0.48778,0.467142
9100,0.48733,0.465507
9200,0.488473,0.465211
9300,0.486336,0.465093
9400,0.481612,0.465034
9500,0.488192,0.464568
9600,0.493825,0.464448
9700,0.48572,0.464926
9800,0.470049,0.465428
9900,0.472949,0.46591
10000,0.46893,0.467387
10100,0.490111,0.468529
10200,0.487428,0.46912
10300,0.485178,0.470467
10400,0.49274,0.471943
10500,0.486841,0.473336
10600,0.49,0.474879
10700,0.485954,0.476457
10800,0.490587,0.478551
10900,0.487351,0.479714
11000,0.488993,0.480402
11100,0.491029,0.481349
11200,0.493447,0.48315
11300,0.485001,0.484547
11400,0.484881,0.485831
11500,0.493707,0.486218
11600,0.484915,0.487212
11700,0.4763,0.487473
11800,0.4883,0.488017
11900,0.492283,0.488448
12000,0.499352,0.490049
12100,0.489495,0.491896
12200,0.483843,0.493839
12300,0.489211,0.495344
12400,0.493851,0.497568
12500,0.491898,0.499861
12600,0.479417,0.502019
12700,0.490784,0.504453
12800,0.496502,0.507001
12900,0.48571,0.508394
13000,0.475335,0.509418
13100,0.492039,0.511099
13200,0.489948,0.512427
13300,0.473765,0.513753
13400,0.474816,0.515822
13500,0.484293,0.517658
13600,0.491187,0.520063
13700,0.488409,0.521336
13800,0.484284,0.523193
13900,0.49428,0.524172
14000,0.485965,0.526338
14100,0.47086,0.527028
14200,0.476036,0.527781
14300,0.489492,0.528793
14400,0.488219,0.528612
14500,0.49023,0.52812
14600,0.486862,0.527132
14700,0.485868,0.526309
14800,0.486135,0.525846
14900,0.490321,0.525115
15000,0.490417,0.524921
15100,0.496952,0.524339
15200,0.483432,0.523046
15300,0.490313,0.522108
15400,0.482278,0.521402
15500,0.481562,0.520215
15600,0.493132,0.519959
15700,0.489893,0.5196
15800,0.491641,0.519315
15900,0.494894,0.51889
16000,0.49774,0.51816
16100,0.487014,0.518578
16200,0.49314,0.518878
16300,0.481841,0.518779
16400,0.489139,0.518855
16500,0.478225,0.519531
16600,0.474781,0.520182
16700,0.476792,0.521637
16800,0.492164,0.522743
16900,0.49288,0.524385
17000,0.495856,0.525895
17100,0.491154,0.526097
17200,0.488719,0.527677
17300,0.476611,0.529093
17400,0.478844,0.53012
17500,0.485784,0.531389
17600,0.48531,0.532446
17700,0.484782,0.533899
17800,0.49365,0.534669
17900,0.484404,0.535812
18000,0.4896,0.537078
18100,0.48382,0.537362
18200,0.489628,0.53784
18300,0.492804,0.538363
18400,0.49505,0.538816
18500,0.480461,0.53929
18600,0.481325,0.539993
18700,0.484352,0.540554
18800,0.484829,0.541322
18900,0.470591,0.541967
19000,0.480981,0.542868
19100,0.474458,0.543668
19200,0.493559,0.544081
19300,0.485652,0.545042
19400,0.493017,0.544965
19500,0.484313,0.545845
19600,0.486329,0.545833
19700,0.492787,0.545352
19800,0.478202,0.544318
19900,0.490893,0.544598
20000,0.4796,0.545091
20100,0.483114,0.545427
20200,0.481588,0.545861
20300,0.489318,0.545084
20400,0.479972,0.545534
20500,0.47649,0.545492
20600,0.479083,0.545605
20700,0.482825,0.545361
20800,0.483384,0.544423
20900,0.477123,0.544477
21000,0.483013,0.544552
21100,0.488887,0.54506
21200,0.486551,0.545241
21300,0.492061,0.545842
21400,0.486463,0.546786
21500,0.480489,0.547701
21600,0.486447,0.548936
21700,0.484807,0.549798
21800,0.482603,0.551297
21900,0.48299,0.552477
22000,0.479078,0.553823
22100,0.487345,0.555363
22200,0.48795,0.556809
22300,0.466783,0.557324
22400,0.47379,0.55803
22500,0.486609,0.557782
22600,0.481407,0.558916
22700,0.482399,0.558936
22800,0.480568,0.559173
22900,0.472304,0.559929
23000,0.491774,0.559416
23100,0.46448,0.559382
23200,0.479121,0.558878
23300,0.47958,0.558388
23400,0.485215,0.557803
23500,0.484953,0.555232
23600,0.488161,0.553885
23700,0.472001,0.552796
23800,0.466594,0.551398
23900,0.481911,0.550072
24000,0.482258,0.548225
24100,0.490673,0.547355
24200,0.488102,0.546241
24300,0.47908,0.545137
24400,0.48605,0.543721
24500,0.48277,0.542675
24600,0.483539,0.541218
24700,0.492243,0.540926
24800,0.490982,0.540175
24900,0.483547,0.538436
25000,0.4946,0.538215
25100,0.493117,0.537856
25200,0.486251,0.537196
25300,0.486501,0.536292
25400,0.496494,0.535576
25500,0.492676,0.534662
25600,0.48926,0.534123
25700,0.483311,0.533421
25800,0.484662,0.532906
25900,0.481474,0.532476
26000,0.478578,0.531948
26100,0.479013,0.531791
26200,0.46348,0.531952
26300,0.459267,0.531399
26400,0.460222,0.532022
26500,0.462419,0.532341
26600,0.465367,0.532611
26700,0.484127,0.531898
26800,0.479873,0.533113
26900,0.479222,0.534114
27000,0.476035,0.535535
27100,0.471865,0.537069
27200,0.476111,0.538423
27300,0.467002,0.538927
27400,0.485105,0.540899
27500,0.489814,0.542475
27600,0.484946,0.543468
27700,0.479521,0.544806
27800,0.49056,0.546057
27900,0.48201,0.547622
28000,0.476975,0.549628
28100,0.488946,0.55153
28200,0.478138,0.553096
28300,0.476955,0.555472
28400,0.470479,0.556794
28500,0.467002,0.558163
28600,0.481152,0.559395
28700,0.477554,0.560611
28800,0.464204,0.56191
28900,0.472861,0.562717
29000,0.475528,0.564051
29100,0.488569,0.564708
29200,0.473394,0.56642
29300,0.479024,0.56778
29400,0.458597,0.568288
29500,0.466851,0.57005
29600,0.466552,0.571104
29700,0.453491,0.57168
29800,0.454214,0.572139
29900,0.453288,0.573426
30000,0.469209,0.573851
30100,0.476004,0.573364
30200,0.470324,0.574366
30300,0.451338,0.574588
30400,0.468012,0.575019
30500,0.444564,0.57517
30600,0.4419,0.57457
30700,0.455572,0.574386
30800,0.47537,0.574063
30900,0.475844,0.573228
31000,0.474878,0.574002
31100,0.471187,0.574605
31200,0.476769,0.576142
31300,0.483444,0.578098
31400,0.479201,0.579028
31500,0.479516,0.580401
31600,0.482059,0.581233
31700,0.472636,0.582526
31800,0.472285,0.583929
31900,0.481918,0.584346
32000,0.482894,0.584634
32100,0.465606,0.584864
32200,0.45215,0.584638
32300,0.457701,0.585723
32400,0.470575,0.585942
32500,0.476947,0.586365
32600,0.468579,0.587011
32700,0.483488,0.587126
32800,0.47474,0.587511
32900,0.474589,0.588474
33000,0.474757,0.588811
33100,0.46592,0.58814
33200,0.465522,0.58793
33300,0.480293,0.58751
33400,0.464198,0.587595
33500,0.481126,0.586809
33600,0.473711,0.586784
33700,0.478542,0.587811
33800,0.481433,0.588293
33900,0.481641,0.589057
34000,0.464945,0.589696
34100,0.478323,0.5898
34200,0.480035,0.590229
34300,0.474781,0.590191
34400,0.471898,0.589884
34500,0.472462,0.58971
34600,0.4791,0.588849
34700,0.472558,0.58722
34800,0.477823,0.585241
34900,0.474039,0.584021
35000,0.47954,0.582291
35100,0.479963,0.581069
35200,0.485245,0.579704
35300,0.476755,0.578416
35400,0.487595,0.575956
35500,0.479791,0.573862
35600,0.481417,0.572079
35700,0.483488,0.569775
35800,0.480735,0.568105
35900,0.489834,0.566233
36000,0.46718,0.565196
36100,0.474354,0.563236
36200,0.478335,0.561965
36300,0.467799,0.559984
36400,0.459893,0.558236
36500,0.477733,0.557618
36600,0.481131,0.556296
36700,0.48279,0.554739
36800,0.476273,0.55279
36900,0.487665,0.551655
37000,0.486414,0.55038
37100,0.484279,0.55002
37200,0.488966,0.549919
37300,0.469226,0.548944
37400,0.489541,0.54896
37500,0.476416,0.549231
37600,0.490812,0.550328
37700,0.488658,0.551178
37800,0.485242,0.551935
37900,0.46952,0.552297
38000,0.480648,0.551683
38100,0.481681,0.552861
38200,0.481377,0.554157
38300,0.483198,0.556224
38400,0.468978,0.558159
38500,0.468843,0.560361
38600,0.482077,0.561264
38700,0.480396,0.562048
38800,0.482469,0.563492
38900,0.481347,0.566328
39000,0.481371,0.568326
39100,0.489462,0.570338
39200,0.482862,0.572656
39300,0.484094,0.573787
39400,0.475062,0.574842
39500,0.484183,0.576091
39600,0.477571,0.577581
39700,0.479411,0.579369
39800,0.46952,0.581046
39900,0.475338,0.581995
40000,0.472029,0.582899
40100,0.463932,0.583342
40200,0.466282,0.583352
40300,0.470263,0.582792
40400,0.473834,0.583265
40500,0.480425,0.583579
40600,0.48415,0.583321
40700,0.481265,0.583671
40800,0.467591,0.583542
40900,0.470616,0.582696
41000,0.480244,0.583113
41100,0.465945,0.583897
41200,0.478434,0.584135
41300,0.484861,0.583884
41400,0.476245,0.583708
41500,0.479726,0.584391
41600,0.468507,0.584311
41700,0.471213,0.583473
41800,0.478121,0.583052
41900,0.475919,0.582391
42000,0.476509,0.582552
42100,0.477544,0.582495
42200,0.482682,0.582275
42300,0.461333,0.582312
42400,0.468591,0.581849
42500,0.481167,0.58081
42600,0.478342,0.580429
42700,0.477831,0.579595
42800,0.48037,0.577968
42900,0.485029,0.577147
43000,0.469399,0.576635
43100,0.463032,0.575652
43200,0.488827,0.574149
43300,0.488077,0.57271
43400,0.480915,0.570933
43500,0.475405,0.569294
43600,0.481931,0.56811
43700,0.48696,0.567699
43800,0.475204,0.567106
43900,0.489571,0.566622
44000,0.488712,0.565317
44100,0.484652,0.563702
44200,0.484063,0.562678
44300,0.474078,0.561214
44400,0.491804,0.559646
44500,0.480707,0.559126
44600,0.474572,0.558966
44700,0.477221,0.5593
44800,0.483281,0.558938
44900,0.486724,0.559191
45000,0.485873,0.559029
45100,0.482288,0.55961
45200,0.467651,0.559814
45300,0.458428,0.559945
45400,0.467511,0.561244
45500,0.479922,0.561647
45600,0.489135,0.562126
45700,0.469066,0.5627
45800,0.478666,0.563985
45900,0.48296,0.564174
46000,0.47674,0.564886
46100,0.48662,0.566041
46200,0.479265,0.567364
46300,0.483396,0.568249
46400,0.480615,0.570396
46500,0.48126,0.572223
46600,0.476727,0.574493
46700,0.483937,0.576466
46800,0.47652,0.578755
46900,0.471544,0.581252
47000,0.482796,0.584043
47100,0.473212,0.586152
47200,0.473013,0.58879
47300,0.467706,0.591828
47400,0.464891,0.594688
47500,0.465105,0.597471
47600,0.468996,0.599526
47700,0.46761,0.601742
47800,0.471407,0.604492
47900,0.458981,0.605989
48000,0.457509,0.607674
48100,0.464387,0.609776
48200,0.468754,0.611431
48300,0.458503,0.612451
48400,0.467366,0.613557
48500,0.467121,0.614412
48600,0.451111,0.614703
48700,0.472574,0.614019
48800,0.470509,0.61456
48900,0.457876,0.614491
49000,0.46126,0.615073
49100,0.474406,0.615508
49200,0.46377,0.615963
49300,0.47069,0.61564
49400,0.474591,0.615449
49500,0.469652,0.614903
49600,0.468617,0.614417
49700,0.47248,0.613631
49800,0.464351,0.612218
49900,0.464057,0.611033
50000,0.457917,0.609973
50100,0.471241,0.60814
50200,0.474671,0.606586
50300,0.468384,0.605034
50400,0.46029,0.603061
50500,0.459011,0.601529
50600,0.470046,0.599662
50700,0.47662,0.598348
50800,0.471568,0.597511
50900,0.472923,0.596008
51000,0.467851,0.595646
51100,0.464315,0.594172
51200,0.465976,0.593487
51300,0.458874,0.593601
51400,0.465979,0.594167
51500,0.464475,0.593607
51600,0.468452,0.594337
51700,0.47549,0.594829
51800,0.465817,0.59597
51900,0.478431,0.597324
52000,0.477663,0.598442
52100,0.473311,0.599216
52200,0.460425,0.60096
52300,0.474637,0.602621
52400,0.474411,0.603708
52500,0.466354,0.604446
52600,0.468262,0.605293
52700,0.461985,0.606636
52800,0.466473,0.607556
52900,0.470693,0.60875
53000,0.463014,0.609838
53100,0.450718,0.61059
53200,0.457822,0.611104
53300,0.461313,0.610574
53400,0.47502,0.6103
53500,0.459583,0.609438
53600,0.470406,0.608541
53700,0.474676,0.607513
53800,0.477842,0.606267
53900,0.477517,0.605615
54000,0.467012,0.604143
54100,0.475742,0.603781
54200,0.461582,0.601805
54300,0.466166,0.600566
54400,0.470135,0.599343
54500,0.464423,0.597973
54600,0.463345,0.597675
54700,0.46252,0.596391
54800,0.479666,0.59582
54900,0.477816,0.59543
55000,0.468725,0.594237
55100,0.459065,0.593039
55200,0.475258,0.592058
55300,0.481888,0.59134
55400,0.47897,0.590563
55500,0.481598,0.59104
55600,0.474668,0.590509
55700,0.47263,0.590391
55800,0.461709,0.591139
55900,0.462302,0.591352
56000,0.446853,0.591742
56100,0.454669,0.591535
56200,0.476148,0.591488
56300,0.469055,0.59103
56400,0.481276,0.590525
56500,0.475124,0.590774
56600,0.467042,0.590875
56700,0.461708,0.589688
56800,0.461789,0.589572
56900,0.451554,0.588728
57000,0.469426,0.588866
57100,0.481159,0.588869
57200,0.47651,0.589246
57300,0.480802,0.588896
57400,0.472562,0.589481
57500,0.472098,0.589694
57600,0.470818,0.59025
57700,0.473895,0.589681
57800,0.477716,0.58973
57900,0.473713,0.589804
58000,0.483669,0.589346
58100,0.479628,0.58895
58200,0.470533,0.587684
58300,0.482465,0.586692
58400,0.477385,0.585578
58500,0.480254,0.584413
58600,0.476809,0.583387
58700,0.480827,0.581889
58800,0.481802,0.580328
58900,0.472749,0.578488
59000,0.472804,0.576713
59100,0.478827,0.576039
59200,0.476523,0.574978
59300,0.486541,0.574147
59400,0.47637,0.573121
59500,0.482404,0.571055
59600,0.482447,0.57032
59700,0.473113,0.569175
59800,0.474639,0.567554
59900,0.474812,0.566273
60000,0.477829,0.565284
60100,0.477744,0.56517
60200,0.471308,0.564419
60300,0.475238,0.564793
60400,0.467123,0.564711
60500,0.46614,0.564755
60600,0.481299,0.563501
60700,0.478282,0.562841
60800,0.482069,0.562008
60900,0.470715,0.560975
61000,0.458745,0.558801
61100,0.481659,0.557276
61200,0.48999,0.555395
61300,0.490093,0.553887
61400,0.489382,0.552889
61500,0.475087,0.551419
61600,0.482491,0.55092
61700,0.4887,0.550368
61800,0.489799,0.549363
61900,0.482758,0.548835
62000,0.476487,0.547715
62100,0.487549,0.545984
62200,0.490035,0.545186
62300,0.491646,0.54425
62400,0.481183,0.544162
62500,0.487567,0.543684
62600,0.485784,0.544338
62700,0.488538,0.54474
62800,0.490635,0.544559
62900,0.488046,0.544946
63000,0.488104,0.545311
63100,0.483518,0.546298
63200,0.481509,0.546706
63300,0.490058,0.546645
63400,0.479183,0.547083
63500,0.492977,0.547779
63600,0.493082,0.548848
63700,0.491849,0.549336
63800,0.493519,0.550625
63900,0.484018,0.551661
64000,0.480555,0.551746
64100,0.477599,0.55232
64200,0.476833,0.552631
64300,0.484325,0.55314
64400,0.477133,0.553944
64500,0.484734,0.553902
64600,0.483884,0.553414
64700,0.48859,0.553815
64800,0.480787,0.554396
64900,0.487688,0.55447
65000,0.488855,0.55448
65100,0.483504,0.554753
65200,0.482607,0.555693
65300,0.485488,0.556801
65400,0.484304,0.557429
65500,0.489328,0.558367
65600,0.476609,0.558698
65700,0.474765,0.559429
65800,0.467608,0.559823
65900,0.460249,0.559774
66000,0.485065,0.56021
66100,0.482676,0.560793
66200,0.483201,0.561737
66300,0.474085,0.56187
66400,0.468563,0.562624
66500,0.459826,0.564308
66600,0.45646,0.564657
66700,0.457853,0.565943
66800,0.447206,0.567312
66900,0.458013,0.568872
67000,0.461365,0.570775
67100,0.458868,0.572447
67200,0.463741,0.573754
67300,0.456238,0.575451
67400,0.45139,0.578023
67500,0.447345,0.58075
67600,0.459586,0.582972
67700,0.457689,0.585973
67800,0.467484,0.588176
67900,0.471166,0.590686
68000,0.478564,0.593077
68100,0.46594,0.595493
68200,0.466628,0.597431
68300,0.469175,0.598768
68400,0.473992,0.600625
68500,0.458782,0.602189
68600,0.464072,0.603854
68700,0.456972,0.606195
68800,0.463828,0.607482
68900,0.475137,0.608652
69000,0.468578,0.610092
69100,0.457984,0.611374
69200,0.460238,0.612023
69300,0.456088,0.613271
69400,0.457976,0.613543
69500,0.437815,0.614391
69600,0.448412,0.616474
69700,0.445633,0.617533
69800,0.428723,0.618242
69900,0.441012,0.61859
70000,0.43519,0.619276
70100,0.458288,0.619597
70200,0.468319,0.619582
70300,0.451724,0.620127
70400,0.452921,0.620636
70500,0.470369,0.620957
70600,0.442885,0.620565
70700,0.46556,0.620714
70800,0.466926,0.620402
70900,0.472406,0.62016
71000,0.467561,0.620564
71100,0.472215,0.619905
71200,0.463196,0.619071
71300,0.459435,0.619073
71400,0.466916,0.618346
71500,0.463188,0.617441
71600,0.463763,0.61704
71700,0.465021,0.616673
71800,0.468115,0.616067
71900,0.455376,0.616428
72000,0.459664,0.616748
72100,0.448858,0.617517
72200,0.469178,0.617915
72300,0.460286,0.618764
72400,0.458624,0.61999
72500,0.469624,0.620629
72600,0.461015,0.621475
72700,0.459091,0.622195
72800,0.456111,0.623238
72900,0.461137,0.623754
73000,0.464855,0.625077
73100,0.463545,0.625715
73200,0.451143,0.625136
73300,0.44949,0.626033
73400,0.461262,0.626653
73500,0.462636,0.626636
73600,0.456393,0.626748
73700,0.464192,0.62721
73800,0.4475,0.627033
73900,0.467068,0.628115
74000,0.430199,0.627607
74100,0.446999,0.628209
74200,0.459985,0.627812
74300,0.455331,0.627062
74400,0.449546,0.626833
74500,0.45665,0.625632
74600,0.459005,0.625327
74700,0.465675,0.624995
74800,0.44432,0.625228
74900,0.457149,0.625108
75000,0.462189,0.624223
75100,0.468309,0.623875
75200,0.456699,0.624037
75300,0.455595,0.623371
75400,0.455028,0.623576
75500,0.45284,0.623022
75600,0.453854,0.622395
75700,0.454632,0.621971
75800,0.45097,0.621152
75900,0.465268,0.620471
76000,0.466392,0.620141
76100,0.454934,0.619525
76200,0.46382,0.61981
76300,0.470377,0.620223
76400,0.457473,0.619934
76500,0.471251,0.61946
76600,0.462755,0.619248
76700,0.461447,0.619067
76800,0.466526,0.61917
76900,0.463392,0.619019
77000,0.452098,0.61835
77100,0.465975,0.618169
77200,0.467165,0.617686
77300,0.468404,0.616947
77400,0.461154,0.615854
77500,0.468312,0.614953
77600,0.469878,0.613403
77700,0.472884,0.612154
77800,0.47014,0.61073
77900,0.474009,0.609552
78000,0.461395,0.607768
78100,0.463044,0.606624
78200,0.463528,0.604709
78300,0.461208,0.602904
78400,0.46869,0.600419
78500,0.462457,0.598229
78600,0.465014,0.595958
78700,0.474264,0.593292
78800,0.472304,0.591928
78900,0.473892,0.589989
79000,0.476793,0.5881
79100,0.47928,0.586503
79200,0.476084,0.585045
79300,0.472052,0.584013
79400,0.477222,0.58354
79500,0.476182,0.582732
79600,0.471369,0.582248
79700,0.48391,0.581918
79800,0.473454,0.581417
79900,0.480954,0.580845
80000,0.482444,0.580226
80100,0.469079,0.579724
80200,0.474186,0.579928
80300,0.481043,0.579299
80400,0.484575,0.578487
80500,0.469506,0.577816
80600,0.472286,0.576988
80700,0.475567,0.574963
80800,0.476906,0.573402
80900,0.478292,0.57234
81000,0.472256,0.570536
81100,0.47785,0.568533
81200,0.455925,0.567116
81300,0.480476,0.565654
81400,0.484288,0.563812
81500,0.483153,0.563145
81600,0.475611,0.56279
81700,0.474978,0.56248
81800,0.463849,0.561875
81900,0.468896,0.562873
82000,0.464112,0.563641
82100,0.475998,0.564294
82200,0.471486,0.564674
82300,0.48018,0.566725
82400,0.481746,0.568806
82500,0.47887,0.570787
82600,0.476872,0.572916
82700,0.482324,0.57456
82800,0.476054,0.575069
82900,0.482066,0.576508
83000,0.479616,0.578086
83100,0.46855,0.579578
83200,0.466106,0.58151
83300,0.474068,0.582602
83400,0.475622,0.58327
83500,0.47963,0.584019
83600,0.48032,0.583986
83700,0.468526,0.583252
83800,0.476852,0.582183
83900,0.467791,0.5805
84000,0.469963,0.580051
84100,0.452232,0.579153
84200,0.456667,0.578387
84300,0.466292,0.577094
84400,0.4667,0.57652
84500,0.441688,0.576353
84600,0.442611,0.576563
84700,0.435045,0.577255
84800,0.446914,0.578049
84900,0.480186,0.578616
85000,0.466495,0.579417
85100,0.453276,0.580461
85200,0.472607,0.58099
85300,0.461231,0.582337
85400,0.475788,0.58375
85500,0.472351,0.585851
85600,0.465476,0.588009
85700,0.454774,0.590249
85800,0.478245,0.592063
85900,0.471254,0.593488
86000,0.467112,0.594703
86100,0.470266,0.595977
86200,0.458389,0.597432
86300,0.468051,0.598665
86400,0.464957,0.60001
86500,0.472486,0.601027
86600,0.468008,0.602649
86700,0.47277,0.603402
86800,0.460418,0.602724
86900,0.466292,0.602232
87000,0.471756,0.602169
87100,0.467136,0.601593
87200,0.472245,0.600872
87300,0.473886,0.600373
87400,0.463082,0.59879
87500,0.46299,0.598263
87600,0.476874,0.597188
87700,0.470697,0.595809
87800,0.478692,0.594842
87900,0.477401,0.593525
88000,0.464356,0.593864
88100,0.476049,0.594132
88200,0.473749,0.595021
88300,0.473821,0.594545
88400,0.476293,0.595327
88500,0.462627,0.595404
88600,0.469471,0.59543
88700,0.473541,0.596079
88800,0.476042,0.596973
88900,0.478471,0.597579
89000,0.474304,0.59841
89100,0.473734,0.598905
89200,0.470947,0.599082
89300,0.46478,0.598963
89400,0.476829,0.599972
89500,0.46208,0.600592
89600,0.46359,0.600691
89700,0.47679,0.600789
89800,0.475336,0.600421
89900,0.47378,0.599918
90000,0.472601,0.59949
90100,0.453642,0.598584
90200,0.47307,0.597585
90300,0.471402,0.596629
90400,0.465484,0.595612
90500,0.465191,0.594733
90600,0.477617,0.594021
90700,0.47111,0.593604
90800,0.480667,0.592135
90900,0.476497,0.591361
91000,0.478221,0.59085
91100,0.476623,0.590428
91200,0.477552,0.590211
91300,0.47388,0.58997
91400,0.477437,0.589586
91500,0.471929,0.589504
91600,0.462818,0.5891
91700,0.457474,0.588535
91800,0.459473,0.588938
91900,0.478712,0.589339
92000,0.480576,0.589712
92100,0.477128,0.590699
92200,0.461882,0.591542
92300,0.468127,0.592282
92400,0.465539,0.592828
92500,0.476829,0.593596
92600,0.467536,0.593944
92700,0.475012,0.593918
92800,0.47917,0.594109
92900,0.475549,0.594534
93000,0.483077,0.59433
93100,0.477356,0.593581
93200,0.469541,0.593188
93300,0.466307,0.593103
93400,0.47697,0.59189
93500,0.462219,0.590695
93600,0.470878,0.589741
93700,0.473036,0.589028
93800,0.473487,0.587111
93900,0.481061,0.58493
94000,0.478933,0.582484
94100,0.468381,0.580391
94200,0.478696,0.57774
94300,0.475398,0.576466
94400,0.469133,0.573773
94500,0.466049,0.571545
94600,0.47176,0.569651
94700,0.477285,0.567197
94800,0.487745,0.565831
94900,0.481438,0.564214
95000,0.481355,0.562945
95100,0.48086,0.561501
95200,0.474612,0.560205
95300,0.467455,0.559005
95400,0.478231,0.558355
95500,0.486631,0.557717
95600,0.48451,0.558727
95700,0.477175,0.558321
95800,0.487672,0.559389
95900,0.479459,0.559588
96000,0.486204,0.560914
96100,0.485957,0.561653
96200,0.487574,0.562534
96300,0.486004,0.563581
96400,0.480399,0.564583
96500,0.473687,0.566856
96600,0.484042,0.56886
96700,0.473767,0.570578
96800,0.483106,0.572363
96900,0.463582,0.574029
97000,0.482039,0.575705
97100,0.479234,0.577455
97200,0.481862,0.579247
97300,0.471927,0.580941
97400,0.464691,0.58192
97500,0.471641,0.58233
97600,0.474765,0.582999
97700,0.458341,0.584172
97800,0.470273,0.585372
97900,0.470583,0.587079
98000,0.467396,0.588348
98100,0.476875,0.58934
98200,0.47879,0.590505
98300,0.458291,0.592312
98400,0.467796,0.59359
98500,0.472046,0.595632
98600,0.46486,0.596978
98700,0.4604,0.598627
98800,0.45558,0.599694
98900,0.461134,0.601204
99000,0.456581,0.602107
99100,0.456924,0.604201
99200,0.455923,0.606324
99300,0.46856,0.607868
99400,0.470365,0.6092
99500,0.466138,0.610066
99600,0.465811,0.611975
99700,0.46223,0.613689
99800,0.445883,0.614947
99900,0.458298,0.615255
