0,0.499999,0.500001
100,0.49431,0.500675
200,0.494687,0.499863
300,0.492335,0.499429
400,0.47868,0.499898
500,0.488304,0.500184
600,0.497905,0.500481
700,0.486147,0.501787
800,0.480511,0.502385
900,0.492179,0.503054
1000,0.488286,0.504334
1100,0.483987,0.506121
1200,0.480285,0.507906
1300,0.489059,0.50909
1400,0.488655,0.51094
1500,0.475557,0.512497
1600,0.480257,0.512961
1700,0.469258,0.514046
1800,0.481087,0.514833
1900,0.468857,0.515893
2000,0.463672,0.516859
2100,0.44224,0.51872
2200,0.452812,0.519677
2300,0.46021,0.520614
2400,0.481011,0.522529
2500,0.483233,0.52486
2600,0.485674,0.526911
2700,0.47393,0.52876
2800,0.490734,0.530149
2900,0.483494,0.531372
3000,0.496987,0.533839
3100,0.479364,0.53525
3200,0.481908,0.536981
3300,0.486095,0.5381
3400,0.479298,0.539075
3500,0.478699,0.541868
3600,0.474711,0.543962
3700,0.48565,0.544779
3800,0.486728,0.546206
3900,0.485623,0.547178
4000,0.475874,0.548501
4100,0.482385,0.550534
4200,0.486544,0.551767
4300,0.472105,0.553069
4400,0.487941,0.55394
4500,0.482019,0.555151
4600,0.476054,0.556152
4700,0.477623,0.557069
4800,0.488768,0.557631
4900,0.483449,0.558071
5000,0.475681,0.558078
5100,0.488238,0.557659
5200,0.483032,0.557422
5300,0.47138,0.557528
5400,0.49016,0.558686
5500,0.48138,0.559384
5600,0.486901,0.560542
5700,0.490908,0.561023
5800,0.477823,0.561827
5900,0.479143,0.561982
6000,0.483186,0.562482
6100,0.477536,0.562179
6200,0.486199,0.562504
6300,0.480023,0.563527
6400,0.472913,0.564063
6500,0.458106,0.564255
6600,0.464929,0.564405
6700,0.470834,0.565045
6800,0.47907,0.566119
6900,0.468374,0.566377
7000,0.488966,0.567359
7100,0.483306,0.568319
7200,0.470538,0.568563
7300,0.481384,0.569129
7400,0.479186,0.56991
7500,0.479492,0.570349
7600,0.455845,0.570388
7700,0.479376,0.570454
7800,0.450812,0.570167
7900,0.455483,0.570345
8000,0.468155,0.570549
8100,0.466211,0.570107
8200,0.484013,0.570218
8300,0.482542,0.570676
8400,0.473311,0.570267
8500,0.485495,0.570258
8600,0.480292,0.57033
8700,0.485236,0.570419
8800,0.474231,0.570871
8900,0.482413,0.571139
9000,0.477034,0.571742
9100,0.482898,0.572486
9200,0.468256,0.573113
9300,0.468211,0.573303
9400,0.485188,0.573444
9500,0.478584,0.574276
9600,0.485638,0.574891
9700,0.483424,0.576118
9800,0.485303,0.576975
9900,0.467871,0.577674
10000,0.481025,0.578647
10100,0.468897,0.579758
10200,0.479229,0.58157
10300,0.478387,0.581202
10400,0.48526,0.581313
10500,0.478043,0.581337
10600,0.48117,0.581339
10700,0.464178,0.580408
10800,0.47326,0.580484
10900,0.475899,0.579608
11000,0.474097,0.579493
11100,0.479073,0.579791
11200,0.478577,0.579968
11300,0.466531,0.579929
11400,0.459465,0.580465
11500,0.473566,0.580444
11600,0.446472,0.580823
11700,0.453607,0.581155
11800,0.446849,0.5833
11900,0.465324,0.584483
12000,0.470916,0.585874
12100,0.475027,0.587389
12200,0.471476,0.588675
12300,0.479614,0.590289
12400,0.468858,0.592417
12500,0.47242,0.593955
12600,0.478183,0.595389
12700,0.472822,0.596642
12800,0.46884,0.598831
12900,0.459791,0.60108
13000,0.461793,0.604168
13100,0.469771,0.606717
13200,0.450995,0.609626
13300,0.463294,0.611745
13400,0.4449,0.61426
13500,0.442863,0.616704
13600,0.447874,0.61965
13700,0.440666,0.622725
13800,0.447749,0.625801
13900,0.459453,0.628897
14000,0.441865,0.632022
14100,0.446852,0.63479
14200,0.449143,0.637161
14300,0.440654,0.641212
14400,0.450992,0.644744
14500,0.450496,0.647763
14600,0.453287,0.64974
14700,0.438028,0.652344
14800,0.435358,0.654697
14900,0.440229,0.657721
15000,0.440778,0.659844
15100,0.434908,0.6618
15200,0.438749,0.664205
15300,0.433353,0.66451
15400,0.441063,0.665275
15500,0.43934,0.666305
15600,0.441144,0.666825
15700,0.438956,0.666919
15800,0.428928,0.667549
15900,0.430535,0.668463
16000,0.430846,0.668195
16100,0.415707,0.667473
16200,0.428388,0.666983
16300,0.434546,0.667293
16400,0.429663,0.666421
16500,0.423166,0.665156
16600,0.436958,0.66404
16700,0.440891,0.663592
16800,0.440146,0.663668
16900,0.445513,0.664007
17000,0.441004,0.662384
17100,0.4436,0.661542
17200,0.422638,0.660483
17300,0.423879,0.659703
17400,0.445092,0.658758
17500,0.440113,0.657679
17600,0.437679,0.65675
17700,0.448993,0.655051
17800,0.446602,0.654158
17900,0.449205,0.653484
18000,0.437377,0.652901
18100,0.439189,0.652008
18200,0.433897,0.651766
18300,0.437874,0.652119
18400,0.43841,0.6511
18500,0.44648,0.6501
18600,0.433841,0.649185
18700,0.423536,0.648276
18800,0.448652,0.647424
18900,0.450332,0.645989
19000,0.442675,0.646023
19100,0.445928,0.645548
19200,0.447479,0.644824
19300,0.443346,0.643439
19400,0.451806,0.642182
19500,0.440745,0.641433
19600,0.453606,0.641119
19700,0.453069,0.640858
19800,0.452401,0.639626
19900,0.456586,0.638759
20000,0.462849,0.637383
20100,0.443491,0.636121
20200,0.461608,0.63458
20300,0.459879,0.633163
20400,0.462832,0.63185
20500,0.465996,0.631241
20600,0.4566,0.63034
20700,0.464283,0.629468
20800,0.457663,0.628925
20900,0.461064,0.628072
21000,0.458858,0.627554
21100,0.462759,0.627915
21200,0.458125,0.628469
21300,0.461244,0.628794
21400,0.459763,0.629162
21500,0.459443,0.62884
21600,0.443338,0.629081
21700,0.461598,0.629435
21800,0.460311,0.630271
21900,0.449993,0.63048
22000,0.466014,0.631887
22100,0.441277,0.631831
22200,0.459749,0.632919
22300,0.457872,0.632988
22400,0.456054,0.632027
22500,0.442542,0.632288
22600,0.442257,0.631756
22700,0.450869,0.63184
22800,0.417416,0.631264
22900,0.462014,0.630106
23000,0.462819,0.629277
23100,0.461704,0.627939
23200,0.458562,0.626684
23300,0.451892,0.626153
23400,0.440606,0.624784
23500,0.445962,0.623737
23600,0.454453,0.622519
23700,0.466411,0.621419
23800,0.469403,0.621415
23900,0.469671,0.62071
24000,0.461632,0.620041
24100,0.465243,0.61839
24200,0.444163,0.61746
24300,0.453065,0.61698
24400,0.453126,0.616823
24500,0.456561,0.616441
24600,0.45797,0.616076
24700,0.464553,0.615342
24800,0.466351,0.615311
24900,0.469771,0.615181
25000,0.460988,0.615595
25100,0.456687,0.615551
25200,0.464621,0.615348
25300,0.461643,0.615329
25400,0.451735,0.615176
25500,0.456856,0.61492
25600,0.462026,0.615734
25700,0.467037,0.615567
25800,0.470649,0.615145
25900,0.449112,0.615063
26000,0.460039,0.614986
26100,0.469155,0.614364
26200,0.465841,0.614416
26300,0.469211,0.6152
26400,0.467439,0.614485
26500,0.468612,0.615122
26600,0.458322,0.614197
26700,0.462574,0.61366
26800,0.46772,0.613288
26900,0.464729,0.613395
27000,0.459631,0.613569
27100,0.474789,0.61237
27200,0.462227,0.61227
27300,0.453455,0.612102
27400,0.456954,0.612129
27500,0.448516,0.611825
27600,0.463902,0.61198
27700,0.462261,0.612453
27800,0.471223,0.612887
27900,0.459375,0.612761
28000,0.452717,0.613417
28100,0.465587,0.613479
28200,0.468926,0.61296
28300,0.470036,0.613375
28400,0.471838,0.613615
28500,0.456775,0.613904
28600,0.467584,0.614231
28700,0.467242,0.614159
28800,0.45016,0.613787
28900,0.455833,0.614087
29000,0.464745,0.613605
29100,0.469423,0.613237
29200,0.464829,0.612696
29300,0.462698,0.612645
29400,0.4744,0.612341
29500,0.470298,0.611798
29600,0.472325,0.611476
29700,0.467798,0.611217
29800,0.474729,0.610671
29900,0.461021,0.610061
30000,0.465693,0.609334
30100,0.465882,0.608626
30200,0.468181,0.607951
30300,0.472809,0.607933
30400,0.466964,0.608406
30500,0.464244,0.608684
30600,0.456409,0.608868
30700,0.458452,0.608578
30800,0.454736,0.608524
30900,0.452197,0.608993
31000,0.449116,0.609076
31100,0.474924,0.60967
31200,0.469423,0.609777
31300,0.47211,0.60894
31400,0.458495,0.608862
31500,0.445317,0.60909
31600,0.464228,0.609501
31700,0.451482,0.609806
31800,0.460996,0.610027
31900,0.475672,0.610273
32000,0.450567,0.611062
32100,0.457943,0.611252
32200,0.465741,0.611384
32300,0.462306,0.611765
32400,0.465704,0.611511
32500,0.470482,0.611447
32600,0.458281,0.610785
32700,0.454523,0.610143
32800,0.45734,0.609404
32900,0.467467,0.608874
33000,0.462059,0.608145
33100,0.466682,0.606872
33200,0.468549,0.605808
33300,0.477788,0.604626
33400,0.470663,0.603761
33500,0.470258,0.602616
33600,0.456381,0.600349
33700,0.440805,0.598462
33800,0.462432,0.597
33900,0.465121,0.59621
34000,0.470003,0.594406
34100,0.469998,0.592966
34200,0.479517,0.590939
34300,0.468434,0.588029
34400,0.4794,0.585989
34500,0.475686,0.584572
34600,0.454755,0.583514
34700,0.474558,0.581894
34800,0.475503,0.581131
34900,0.483733,0.581109
35000,0.480785,0.580703
35100,0.474668,0.58067
35200,0.484613,0.580465
35300,0.474274,0.579155
35400,0.485012,0.577972
35500,0.471133,0.57714
35600,0.479928,0.576923
35700,0.479997,0.576501
35800,0.48228,0.576106
35900,0.482939,0.576083
36000,0.479874,0.57493
36100,0.48588,0.57475
36200,0.481788,0.574542
36300,0.476279,0.574269
36400,0.478668,0.573558
36500,0.481758,0.572512
36600,0.476567,0.57181
36700,0.478082,0.571202
36800,0.485425,0.570312
36900,0.487256,0.569791
37000,0.478547,0.569474
37100,0.47315,0.568472
37200,0.483059,0.567206
37300,0.483534,0.566722
37400,0.484538,0.566335
37500,0.476149,0.564985
37600,0.478151,0.563911
37700,0.475642,0.562436
37800,0.489224,0.561485
37900,0.47623,0.560067
38000,0.482157,0.559207
38100,0.48259,0.557861
38200,0.4801,0.556962
38300,0.485135,0.555922
38400,0.482536,0.554065
38500,0.479753,0.552361
38600,0.479073,0.551921
38700,0.494634,0.551262
38800,0.491254,0.550115
38900,0.486841,0.5493
39000,0.487742,0.547554
39100,0.476734,0.546895
39200,0.493179,0.545942
39300,0.485509,0.545016
39400,0.492723,0.544963
39500,0.493873,0.544231
39600,0.486756,0.544054
39700,0.490725,0.542474
39800,0.493229,0.542545
39900,0.492646,0.542014
40000,0.486414,0.541265
40100,0.483768,0.541404
40200,0.487941,0.541472
40300,0.487144,0.541891
40400,0.490845,0.541844
40500,0.469925,0.542329
40600,0.474131,0.5426
40700,0.480985,0.54263
40800,0.486743,0.543169
40900,0.483298,0.54323
41000,0.48006,0.543332
41100,0.4886,0.543575
41200,0.488061,0.54375
41300,0.484323,0.544624
41400,0.472089,0.545605
41500,0.478444,0.545212
41600,0.485369,0.5448
41700,0.492496,0.544904
41800,0.491246,0.545763
41900,0.486535,0.546232
42000,0.484195,0.547082
42100,0.491915,0.547085
42200,0.481054,0.547625
42300,0.490839,0.548817
42400,0.490875,0.549322
42500,0.491885,0.549223
42600,0.490774,0.54903
42700,0.486492,0.548899
42800,0.48434,0.54874
42900,0.483835,0.549191
43000,0.490279,0.549959
43100,0.485137,0.550387
43200,0.474683,0.550648
43300,0.490061,0.550909
43400,0.478034,0.550397
43500,0.484605,0.549819
43600,0.481957,0.549532
43700,0.484782,0.548945
43800,0.479203,0.549153
43900,0.484766,0.549625
44000,0.494328,0.549259
44100,0.488225,0.549177
44200,0.489042,0.548954
44300,0.48909,0.549041
44400,0.491911,0.549114
44500,0.494927,0.548931
44600,0.479834,0.54758
44700,0.490189,0.54644
44800,0.483154,0.545276
44900,0.483105,0.54436
45000,0.485524,0.543557
45100,0.469601,0.542651
45200,0.478568,0.541883
45300,0.484293,0.541
45400,0.486168,0.540059
45500,0.486313,0.538977
45600,0.48683,0.537133
45700,0.489896,0.535932
45800,0.492228,0.533794
45900,0.486062,0.531368
46000,0.491696,0.529213
46100,0.494954,0.526944
46200,0.489749,0.524542
46300,0.490168,0.522128
46400,0.479273,0.520507
46500,0.47803,0.518655
46600,0.473867,0.517932
46700,0.497312,0.51747
46800,0.493354,0.516011
46900,0.492412,0.515154
47000,0.47107,0.514487
47100,0.490981,0.514382
47200,0.491811,0.513755
47300,0.4918,0.513634
47400,0.489324,0.513613
47500,0.486046,0.514687
47600,0.489222,0.515839
47700,0.488158,0.516406
47800,0.493603,0.517707
47900,0.486004,0.51844
48000,0.492018,0.519441
48100,0.481403,0.521027
48200,0.490094,0.521629
48300,0.485926,0.52258
48400,0.497782,0.524363
48500,0.494505,0.524474
48600,0.477581,0.524328
48700,0.486019,0.524544
48800,0.488828,0.524615
48900,0.489921,0.524282
49000,0.494958,0.524104
49100,0.492856,0.523729
49200,0.493033,0.523581
49300,0.477965,0.523263
49400,0.492771,0.523989
49500,0.490855,0.523487
49600,0.474815,0.523369
49700,0.487983,0.522451
49800,0.486258,0.522008
49900,0.491456,0.522376
50000,0.489556,0.52214
50100,0.478199,0.522543
50200,0.484004,0.522925
50300,0.476507,0.522217
50400,0.490359,0.521246
50500,0.489136,0.520641
50600,0.478562,0.520512
50700,0.484539,0.520717
50800,0.482685,0.520666
50900,0.487768,0.520702
51000,0.471116,0.52162
51100,0.489517,0.521098
51200,0.492944,0.520601
51300,0.479169,0.521613
51400,0.479116,0.521284
51500,0.477204,0.521947
51600,0.478934,0.522283
51700,0.469979,0.52239
51800,0.480062,0.523149
51900,0.488513,0.524058
52000,0.492868,0.52459
52100,0.481109,0.525533
52200,0.472698,0.52577
52300,0.490293,0.525798
52400,0.468089,0.526523
52500,0.467307,0.526834
52600,0.487687,0.527201
52700,0.486523,0.527546
52800,0.490602,0.527642
52900,0.493231,0.528289
53000,0.489381,0.527953
53100,0.482386,0.528
53200,0.493676,0.527963
53300,0.483592,0.528127
53400,0.488622,0.52773
53500,0.476909,0.526695
53600,0.49331,0.526331
53700,0.482029,0.526198
53800,0.491287,0.526691
53900,0.494767,0.525612
54000,0.495683,0.525211
54100,0.494457,0.524698
54200,0.4927,0.523585
54300,0.489783,0.522273
54400,0.489575,0.521073
54500,0.495356,0.52007
54600,0.497942,0.519086
54700,0.493022,0.518101
54800,0.48719,0.517246
54900,0.487602,0.516069
55000,0.491276,0.515225
55100,0.479503,0.5142
55200,0.493763,0.513869
55300,0.490514,0.512861
55400,0.490636,0.511918
55500,0.49309,0.511289
55600,0.487649,0.510267
55700,0.495594,0.509043
55800,0.484346,0.508367
55900,0.488828,0.507148
56000,0.493361,0.506208
56100,0.493384,0.504607
56200,0.477855,0.502507
56300,0.482861,0.501048
56400,0.492675,0.500491
56500,0.491333,0.499307
56600,0.498658,0.49837
56700,0.482093,0.497805
56800,0.48106,0.495881
56900,0.490451,0.494204
57000,0.486369,0.492814
57100,0.473924,0.490431
57200,0.483105,0.487485
57300,0.490037,0.485935
57400,0.495962,0.485158
57500,0.486166,0.484727
57600,0.497631,0.483317
57700,0.478791,0.481718
57800,0.492423,0.481879
57900,0.495425,0.482337
58000,0.479987,0.482998
58100,0.490758,0.483023
58200,0.461472,0.483489
58300,0.463151,0.483193
58400,0.464835,0.483668
58500,0.476171,0.484419
58600,0.487461,0.485238
58700,0.484058,0.486182
58800,0.482284,0.487671
58900,0.481208,0.489355
59000,0.489488,0.490466
59100,0.480587,0.491897
59200,0.478732,0.492815
59300,0.488361,0.493543
59400,0.485377,0.494362
59500,0.497054,0.495035
59600,0.493725,0.495024
59700,0.48875,0.495416
59800,0.484213,0.496152
59900,0.476728,0.496628
60000,0.489923,0.496824
60100,0.481632,0.497499
60200,0.490764,0.496946
60300,0.489298,0.497191
60400,0.486179,0.497635
60500,0.487702,0.49797
60600,0.487948,0.49834
60700,0.495223,0.498712
60800,0.488068,0.499279
60900,0.499319,0.499734
61000,0.483729,0.50024
61100,0.496989,0.500337
61200,0.476785,0.500127
61300,0.485919,0.500753
61400,0.482278,0.500959
61500,0.492195,0.500304
61600,0.495295,0.499866
61700,0.483059,0.499635
61800,0.490041,0.498304
61900,0.489999,0.497807
62000,0.486927,0.497294
62100,0.485511,0.496334
62200,0.477999,0.495949
62300,0.492716,0.494636
62400,0.491548,0.493836
62500,0.484256,0.492344
62600,0.486025,0.491896
62700,0.49036,0.490409
62800,0.496399,0.490191
62900,0.498868,0.489814
63000,0.497028,0.490224
63100,0.491915,0.489915
63200,0.486263,0.489418
63300,0.492565,0.489916
63400,0.489083,0.490195
63500,0.479014,0.490778
63600,0.487482,0.491405
63700,0.495428,0.49222
63800,0.488251,0.493703
63900,0.488412,0.493842
64000,0.48696,0.493844
64100,0.493305,0.494694
64200,0.496146,0.495773
64300,0.488147,0.495603
64400,0.485676,0.496042
64500,0.488334,0.495944
64600,0.495147,0.495325
64700,0.487612,0.495675
64800,0.491594,0.49499
64900,0.493038,0.494258
65000,0.4969,0.493065
65100,0.484662,0.491968
65200,0.49379,0.490656
65300,0.492386,0.488556
65400,0.478027,0.487376
65500,0.477017,0.486337
65600,0.490321,0.484731
65700,0.478868,0.483617
65800,0.485098,0.482145
65900,0.484869,0.481514
66000,0.492581,0.480359
66100,0.488599,0.478229
66200,0.488485,0.478003
66300,0.484615,0.476783
66400,0.485734,0.476632
66500,0.483848,0.475436
66600,0.478726,0.474894
66700,0.480938,0.474428
66800,0.484319,0.474096
66900,0.492843,0.474508
67000,0.48623,0.474683
67100,0.48245,0.476278
67200,0.497558,0.477301
67300,0.492592,0.478062
67400,0.490538,0.478969
67500,0.487276,0.480632
67600,0.489943,0.481053
67700,0.483927,0.481478
67800,0.485586,0.482346
67900,0.492759,0.4827
68000,0.489582,0.484124
68100,0.488083,0.484972
68200,0.495873,0.485371
68300,0.489382,0.485558
68400,0.489252,0.485264
68500,0.489128,0.48539
68600,0.490917,0.485382
68700,0.491886,0.486011
68800,0.488642,0.485725
68900,0.489627,0.485238
69000,0.482973,0.485854
69100,0.460678,0.486071
69200,0.477614,0.487374
69300,0.472974,0.487898
69400,0.486849,0.488815
69500,0.485768,0.488947
69600,0.475129,0.490104
69700,0.490009,0.491377
69800,0.49012,0.492893
69900,0.489497,0.493497
70000,0.485532,0.493855
70100,0.484033,0.494262
70200,0.487488,0.495459
70300,0.493082,0.496171
70400,0.49536,0.496661
70500,0.482316,0.496389
70600,0.489562,0.497019
70700,0.488866,0.497149
70800,0.487963,0.498093
70900,0.476524,0.498859
71000,0.494206,0.499791
71100,0.485794,0.499831
71200,0.485366,0.499655
71300,0.486184,0.49878
71400,0.497382,0.499207
71500,0.494801,0.498877
71600,0.48575,0.498736
71700,0.498267,0.498044
71800,0.48025,0.498613
71900,0.473542,0.499057
72000,0.484318,0.500023
72100,0.496094,0.500306
72200,0.491269,0.500134
72300,0.479679,0.499966
72400,0.491473,0.499863
72500,0.486286,0.499701
72600,0.486288,0.499796
72700,0.485269,0.499764
72800,0.482343,0.499264
72900,0.486075,0.499409
73000,0.476949,0.500245
73100,0.47849,0.499951
73200,0.483698,0.500632
73300,0.48487,0.501251
73400,0.491115,0.502507
73500,0.47878,0.503974
73600,0.491864,0.504443
73700,0.48859,0.50559
73800,0.478993,0.506464
73900,0.490214,0.507684
74000,0.496202,0.508844
74100,0.49424,0.509246
74200,0.490492,0.509107
74300,0.490318,0.509517
74400,0.478012,0.510755
74500,0.487111,0.510813
74600,0.478037,0.511699
74700,0.468407,0.511658
74800,0.458077,0.512133
74900,0.474721,0.512594
75000,0.475743,0.512805
75100,0.468745,0.513706
75200,0.464028,0.514077
75300,0.454475,0.514441
75400,0.475518,0.514854
75500,0.488869,0.515877
75600,0.489813,0.516337
75700,0.48295,0.517993
75800,0.466449,0.519341
75900,0.493214,0.520607
76000,0.488796,0.522066
76100,0.489427,0.524382
76200,0.490842,0.527024
76300,0.484885,0.530023
76400,0.486874,0.532357
76500,0.488955,0.535105
76600,0.489206,0.537462
76700,0.486507,0.539454
76800,0.485446,0.540978
76900,0.494486,0.542657
77000,0.48214,0.544807
77100,0.482833,0.546865
77200,0.48135,0.548295
77300,0.473994,0.549308
77400,0.490464,0.549617
77500,0.485388,0.549805
77600,0.471407,0.550202
77700,0.47451,0.550185
77800,0.484502,0.549377
77900,0.483837,0.55042
78000,0.492014,0.55067
78100,0.479858,0.550172
78200,0.48555,0.549825
78300,0.488953,0.550489
78400,0.479517,0.551091
78500,0.487957,0.550257
78600,0.479767,0.551788
78700,0.472551,0.552489
78800,0.4832,0.553357
78900,0.483754,0.554584
79000,0.4821,0.556167
79100,0.47831,0.557214
79200,0.48007,0.558496
79300,0.488895,0.558834
79400,0.481472,0.559399
79500,0.488674,0.560078
79600,0.487649,0.560683
79700,0.490001,0.56065
79800,0.490705,0.55921
79900,0.484733,0.559152
80000,0.476198,0.559001
80100,0.482907,0.558619
80200,0.48447,0.558198
80300,0.484413,0.558436
80400,0.479254,0.558524
80500,0.489858,0.558602
80600,0.490384,0.559098
80700,0.485196,0.559193
80800,0.485564,0.558635
80900,0.488345,0.558145
81000,0.473915,0.559151
81100,0.473268,0.558779
81200,0.48338,0.558597
81300,0.474981,0.558772
81400,0.472802,0.558736
81500,0.475438,0.558888
81600,0.473785,0.559093
81700,0.462995,0.559005
81800,0.464893,0.558241
81900,0.462908,0.557771
82000,0.465577,0.557019
82100,0.460139,0.556244
82200,0.461467,0.555684
82300,0.443109,0.555286
82400,0.457112,0.554414
82500,0.475382,0.553306
82600,0.459653,0.551552
82700,0.471848,0.549973
82800,0.466809,0.548518
82900,0.491017,0.546091
83000,0.488222,0.54318
83100,0.476963,0.541149
83200,0.490039,0.538948
83300,0.481936,0.536215
83400,0.489726,0.534375
83500,0.49231,0.531769
83600,0.478745,0.530129
83700,0.480533,0.529248
83800,0.485403,0.527821
83900,0.488855,0.526402
84000,0.492019,0.525655
84100,0.493376,0.52499
84200,0.483684,0.524319
84300,0.48855,0.523734
84400,0.473617,0.523876
84500,0.464645,0.524109
84600,0.460844,0.523995
84700,0.465911,0.523578
84800,0.467984,0.523713
84900,0.475317,0.523828
85000,0.481581,0.524427
85100,0.487751,0.52554
85200,0.486173,0.525811
85300,0.484454,0.526487
85400,0.49573,0.527732
85500,0.491452,0.528532
85600,0.48758,0.530338
85700,0.478136,0.531979
85800,0.488288,0.533412
85900,0.47364,0.534234
86000,0.485084,0.534988
86100,0.489943,0.535981
86200,0.482626,0.536978
86300,0.482648,0.537238
86400,0.487558,0.537886
86500,0.489627,0.539283
86600,0.49295,0.540114
86700,0.488345,0.541552
86800,0.482536,0.542589
86900,0.484993,0.542806
87000,0.47195,0.544229
87100,0.480064,0.545398
87200,0.485641,0.545723
87300,0.484764,0.546207
87400,0.490844,0.54633
87500,0.487563,0.545327
87600,0.492885,0.545867
87700,0.481993,0.545377
87800,0.491384,0.545376
87900,0.489125,0.544203
88000,0.494125,0.543765
88100,0.474891,0.543202
88200,0.472184,0.542709
88300,0.463325,0.542155
88400,0.4894,0.541721
88500,0.476705,0.540673
88600,0.473947,0.539854
88700,0.477708,0.53921
88800,0.480372,0.538902
88900,0.486086,0.539488
89000,0.483759,0.538662
89100,0.485233,0.5384
89200,0.494786,0.539174
89300,0.487533,0.540591
89400,0.48748,0.541536
89500,0.480552,0.541618
89600,0.482779,0.541206
89700,0.483194,0.541114
89800,0.473669,0.540181
89900,0.472572,0.538797
90000,0.474841,0.537346
90100,0.489066,0.536213
90200,0.495145,0.534519
90300,0.490961,0.532852
90400,0.486798,0.531445
90500,0.475387,0.529107
90600,0.487913,0.527236
90700,0.48333,0.525143
90800,0.488603,0.522681
90900,0.488594,0.520634
91000,0.491028,0.518704
91100,0.49123,0.51724
91200,0.494518,0.515386
91300,0.478047,0.513122
91400,0.482692,0.510927
91500,0.480502,0.508642
91600,0.482414,0.507334
91700,0.476239,0.505845
91800,0.492981,0.50494
91900,0.484053,0.503956
92000,0.484273,0.503131
92100,0.485376,0.502452
92200,0.491807,0.50159
92300,0.487146,0.501047
92400,0.47947,0.50005
92500,0.478434,0.499453
92600,0.470571,0.499179
92700,0.481387,0.49872
92800,0.495834,0.498823
92900,0.485875,0.499002
93000,0.48514,0.49906
93100,0.479671,0.499254
93200,0.492681,0.499347
93300,0.4881,0.499476
93400,0.490794,0.49977
93500,0.49413,0.500157
93600,0.491524,0.499883
93700,0.477637,0.499609
93800,0.478813,0.499926
93900,0.493348,0.500553
94000,0.489215,0.501166
94100,0.486771,0.501772
94200,0.486732,0.502459
94300,0.494939,0.503454
94400,0.483469,0.504266
94500,0.464836,0.505151
94600,0.487348,0.505918
94700,0.493089,0.506223
94800,0.491796,0.506871
94900,0.486585,0.508046
95000,0.48447,0.509283
95100,0.481027,0.510354
95200,0.4652,0.511178
95300,0.45727,0.512285
95400,0.471996,0.513865
95500,0.477917,0.514634
95600,0.47811,0.514936
95700,0.474564,0.514723
95800,0.485141,0.515258
95900,0.486268,0.516824
96000,0.4874,0.517219
96100,0.486371,0.517189
96200,0.496437,0.517636
96300,0.486984,0.517688
96400,0.492701,0.517736
96500,0.487232,0.516789
96600,0.49046,0.515982
96700,0.491639,0.515488
96800,0.495186,0.515752
96900,0.498544,0.514458
97000,0.491679,0.514042
97100,0.483088,0.512929
97200,0.49084,0.51249
97300,0.494047,0.511264
97400,0.496263,0.510766
97500,0.497261,0.509656
97600,0.484293,0.508147
97700,0.496783,0.507387
97800,0.489231,0.507151
97900,0.485157,0.506669
98000,0.484582,0.506304
98100,0.480751,0.505608
98200,0.490252,0.505947
98300,0.486698,0.505056
98400,0.482634,0.505207
98500,0.492344,0.505014
98600,0.479866,0.504449
98700,0.489856,0.504194
98800,0.48946,0.503138
98900,0.483507,0.50217
99000,0.489887,0.501574
99100,0.486732,0.50007
99200,0.486299,0.498862
99300,0.494347,0.497838
99400,0.484167,0.497983
99500,0.466259,0.496736
99600,0.49524,0.49652
99700,0.49118,0.496277
99800,0.496782,0.495474
99900,0.494651,0.49541
