0,0.499999,0.499937
100,0.499426,0.500171
200,0.493607,0.500447
300,0.491546,0.500338
400,0.487415,0.500165
500,0.483763,0.499222
600,0.488791,0.498798
700,0.486408,0.498243
800,0.483785,0.497964
900,0.477504,0.497538
1000,0.464692,0.496271
1100,0.484517,0.495421
1200,0.486937,0.494655
1300,0.485171,0.493702
1400,0.487926,0.492474
1500,0.47423,0.490544
1600,0.472476,0.489348
1700,0.479637,0.488376
1800,0.478206,0.486873
1900,0.477237,0.484916
2000,0.469155,0.482438
2100,0.482652,0.479856
2200,0.47969,0.478076
2300,0.470579,0.476053
2400,0.454249,0.473785
2500,0.450257,0.470972
2600,0.462712,0.468223
2700,0.458278,0.465879
2800,0.449935,0.463041
2900,0.468127,0.459729
3000,0.449899,0.45692
3100,0.45521,0.454061
3200,0.458835,0.450821
3300,0.457786,0.448201
3400,0.466627,0.445003
3500,0.464934,0.441268
3600,0.472642,0.437326
3700,0.468452,0.433271
3800,0.462029,0.428831
3900,0.480644,0.424502
4000,0.466488,0.419625
4100,0.457997,0.415515
4200,0.476659,0.41141
4300,0.466765,0.407222
4400,0.468637,0.402949
4500,0.458933,0.399016
4600,0.466819,0.395696
4700,0.470475,0.3931
4800,0.475178,0.390512
4900,0.46143,0.388529
5000,0.452788,0.386744
5100,0.45704,0.384889
5200,0.458394,0.383215
5300,0.44552,0.381811
5400,0.454121,0.380699
5500,0.448762,0.37975
5600,0.457548,0.379627
5700,0.459688,0.379232
5800,0.451669,0.379937
5900,0.457462,0.380715
6000,0.449369,0.381267
6100,0.453485,0.381313
6200,0.46014,0.381041
6300,0.467202,0.380908
6400,0.467626,0.380442
6500,0.461825,0.379689
6600,0.449898,0.378597
6700,0.432533,0.376772
6800,0.429552,0.375401
6900,0.441094,0.374093
7000,0.433252,0.371852
7100,0.429668,0.369919
7200,0.439623,0.368192
7300,0.438934,0.36617
7400,0.444249,0.363899
7500,0.457344,0.362649
7600,0.460591,0.361706
7700,0.456805,0.36037
7800,0.45074,0.359022
7900,0.452124,0.357767
8000,0.427679,0.356877
8100,0.439604,0.355945
8200,0.441869,0.355014
8300,0.456636,0.355356
8400,0.45483,0.35533
8500,0.444355,0.356154
8600,0.450303,0.356363
8700,0.446675,0.358295
8800,0.459397,0.359711
8900,0.455191,0.361715
9000,0.447338,0.364634
9100,0.455163,0.368684
9200,0.465508,0.372647
9300,0.468987,0.376758
9400,0.460092,0.380507
9500,0.455632,0.384904
9600,0.458891,0.388928
9700,0.460212,0.393519
9800,0.447646,0.398918
9900,0.474127,0.403673
10000,0.476797,0.408098
10100,0.463374,0.412933
10200,0.472754,0.418321
10300,0.463465,0.423679
10400,0.485361,0.428833
10500,0.463138,0.434032
10600,0.468198,0.438981
10700,0.469668,0.444043
10800,0.473989,0.448875
10900,0.462133,0.453139
11000,0.473244,0.4574
11100,0.471172,0.461769
11200,0.480015,0.466164
11300,0.492628,0.469896
11400,0.48814,0.472573
11500,0.474526,0.474929
11600,0.465514,0.477333
11700,0.477765,0.478811
11800,0.475925,0.480516
11900,0.475952,0.481696
12000,0.469524,0.482313
12100,0.475346,0.481884
12200,0.483791,0.48109
12300,0.478991,0.4804
12400,0.478114,0.479024
12500,0.482781,0.476991
12600,0.495641,0.475495
12700,0.494747,0.474376
12800,0.492441,0.471784
12900,0.495109,0.468987
13000,0.487261,0.467099
13100,0.48558,0.464805
13200,0.477204,0.463266
13300,0.486509,0.461052
13400,0.477461,0.459229
13500,0.483344,0.457054
13600,0.490122,0.456027
13700,0.478579,0.455477
13800,0.487766,0.455424
13900,0.481542,0.454963
14000,0.473863,0.455589
14100,0.479083,0.455476
14200,0.479303,0.456028
14300,0.473947,0.456092
14400,0.48331,0.456296
14500,0.475393,0.45707
14600,0.481663,0.457179
14700,0.474011,0.456838
14800,0.476914,0.45736
14900,0.491803,0.457375
15000,0.49002,0.457543
15100,0.486615,0.457703
15200,0.483077,0.457157
15300,0.479108,0.456574
15400,0.465877,0.456678
15500,0.473666,0.456075
15600,0.472981,0.456156
15700,0.48742,0.456517
15800,0.488779,0.457183
15900,0.475087,0.458576
16000,0.485158,0.459803
16100,0.484262,0.461382
16200,0.491976,0.463291
16300,0.4805,0.465027
16400,0.486438,0.468027
16500,0.47377,0.471331
16600,0.495934,0.47499
16700,0.489656,0.477445
16800,0.487725,0.480548
16900,0.493696,0.484523
17000,0.484197,0.48673
17100,0.496322,0.489193
17200,0.486497,0.492078
17300,0.481651,0.494064
17400,0.484886,0.496727
17500,0.488221,0.497938
17600,0.481099,0.499496
17700,0.489685,0.500122
17800,0.483973,0.500202
17900,0.474478,0.499267
18000,0.473218,0.499112
18100,0.491728,0.497735
18200,0.485626,0.496285
18300,0.49078,0.494539
18400,0.471244,0.492367
18500,0.490864,0.489869
18600,0.485828,0.487937
18700,0.495955,0.485652
18800,0.494622,0.484004
18900,0.489207,0.481613
19000,0.488526,0.480474
19100,0.49265,0.478587
19200,0.49337,0.477158
19300,0.480307,0.476003
19400,0.472889,0.475132
19500,0.46822,0.475148
19600,0.486056,0.474439
19700,0.4834,0.474656
19800,0.480868,0.474675
19900,0.49171,0.475495
20000,0.490809,0.477365
20100,0.484591,0.479307
20200,0.493324,0.480224
20300,0.480965,0.480989
20400,0.467181,0.481933
20500,0.473878,0.482909
20600,0.482004,0.484509
20700,0.46907,0.486218
20800,0.476514,0.487919
20900,0.457071,0.490675
21000,0.450978,0.493832
21100,0.436543,0.498003
21200,0.428764,0.502825
21300,0.427867,0.507215
21400,0.430293,0.513025
21500,0.443732,0.519628
21600,0.4355,0.527544
21700,0.439393,0.53532
21800,0.442896,0.544719
21900,0.451164,0.55439
22000,0.444023,0.56371
22100,0.442418,0.573399
22200,0.431585,0.58446
22300,0.436435,0.596789
22400,0.434303,0.608339
22500,0.432315,0.620062
22600,0.426875,0.631075
22700,0.435235,0.642641
22800,0.422021,0.653262
22900,0.408238,0.663617
23000,0.398631,0.673749
23100,0.386623,0.683796
23200,0.383532,0.69348
23300,0.384151,0.702592
23400,0.374811,0.711606
23500,0.378749,0.720002
23600,0.381712,0.727586
23700,0.37947,0.735005
23800,0.368552,0.741945
23900,0.363088,0.748459
24000,0.361297,0.754083
24100,0.356403,0.75954
24200,0.353712,0.763566
24300,0.358398,0.766815
24400,0.361328,0.769581
24500,0.344017,0.771471
24600,0.340566,0.773082
24700,0.342098,0.774156
24800,0.342216,0.774768
24900,0.326306,0.774736
25000,0.353035,0.774192
25100,0.331974,0.77415
25200,0.318327,0.773688
25300,0.325461,0.772584
25400,0.316709,0.772052
25500,0.331053,0.771714
25600,0.334432,0.770755
25700,0.342788,0.770348
25800,0.349997,0.770118
25900,0.352934,0.770017
26000,0.34446,0.770181
26100,0.349869,0.769962
26200,0.35686,0.770219
26300,0.345457,0.769832
26400,0.346469,0.769389
26500,0.354587,0.769798
26600,0.35718,0.770084
26700,0.35531,0.770399
26800,0.363806,0.770278
26900,0.358988,0.770595
27000,0.363566,0.770455
27100,0.3556,0.769782
27200,0.366295,0.769464
27300,0.354505,0.769241
27400,0.355935,0.768662
27500,0.352506,0.768084
27600,0.359149,0.767099
27700,0.358753,0.766014
27800,0.356082,0.763675
27900,0.356331,0.761231
28000,0.364359,0.759136
28100,0.364407,0.756989
28200,0.367771,0.754096
28300,0.374145,0.751805
28400,0.371081,0.749262
28500,0.36283,0.746329
28600,0.360105,0.74331
28700,0.353467,0.740628
28800,0.360925,0.737679
28900,0.353839,0.735126
29000,0.365208,0.732785
29100,0.373092,0.7312
29200,0.367395,0.729719
29300,0.375209,0.728938
29400,0.377026,0.728617
29500,0.35969,0.728428
29600,0.371985,0.729323
29700,0.379997,0.730523
29800,0.374453,0.732222
29900,0.374673,0.733405
30000,0.386773,0.734717
30100,0.37932,0.735721
30200,0.37396,0.737764
30300,0.362941,0.738986
30400,0.367387,0.739839
30500,0.376292,0.741331
30600,0.374664,0.742342
30700,0.360008,0.743406
30800,0.358605,0.744847
30900,0.369589,0.746558
31000,0.368399,0.74785
31100,0.363994,0.749172
31200,0.354252,0.750403
31300,0.355735,0.750897
31400,0.344641,0.751795
31500,0.344561,0.752439
31600,0.344139,0.752769
31700,0.346828,0.752634
31800,0.354255,0.753629
31900,0.347042,0.75441
32000,0.359435,0.754793
32100,0.351992,0.755872
32200,0.358948,0.756717
32300,0.358553,0.758126
32400,0.372651,0.759374
32500,0.371483,0.76098
32600,0.363061,0.761254
32700,0.367104,0.761961
32800,0.369916,0.76273
32900,0.369859,0.763027
33000,0.367034,0.762988
33100,0.367411,0.762226
33200,0.365406,0.761139
33300,0.367274,0.760672
33400,0.372664,0.758882
33500,0.366324,0.756936
33600,0.375984,0.754778
33700,0.368683,0.752379
33800,0.353894,0.749791
33900,0.36263,0.747571
34000,0.357709,0.745216
34100,0.367685,0.742584
34200,0.364966,0.74028
34300,0.37979,0.737303
34400,0.391242,0.734603
34500,0.390072,0.732131
34600,0.398784,0.729791
34700,0.406729,0.725909
34800,0.403841,0.721925
34900,0.397464,0.716851
35000,0.418848,0.711335
35100,0.418259,0.705063
35200,0.421681,0.698518
35300,0.423841,0.691423
35400,0.422362,0.684722
35500,0.41986,0.677483
35600,0.427092,0.670181
35700,0.437074,0.664085
35800,0.444211,0.657432
35900,0.444387,0.651882
36000,0.440783,0.645639
36100,0.438298,0.639681
36200,0.456962,0.633342
36300,0.457185,0.626419
36400,0.453552,0.620236
36500,0.455127,0.614634
36600,0.456526,0.608896
36700,0.457849,0.603177
36800,0.45146,0.598174
36900,0.455514,0.593255
37000,0.443069,0.589496
37100,0.453041,0.586044
37200,0.443347,0.584222
37300,0.444792,0.583479
37400,0.44688,0.583223
37500,0.462773,0.583961
37600,0.472125,0.585151
37700,0.447342,0.586407
37800,0.441733,0.588517
37900,0.444171,0.590919
38000,0.44806,0.594498
38100,0.42184,0.597976
38200,0.43134,0.602153
38300,0.428913,0.605878
38400,0.434007,0.610509
38500,0.426361,0.614398
38600,0.422699,0.618675
38700,0.420504,0.6234
38800,0.438511,0.629081
38900,0.444789,0.634655
39000,0.429053,0.6405
39100,0.432366,0.64659
39200,0.411325,0.652957
39300,0.398457,0.659808
39400,0.393719,0.666682
39500,0.397551,0.674107
39600,0.391776,0.680468
39700,0.385414,0.687473
39800,0.389419,0.693565
39900,0.383015,0.69953
40000,0.37665,0.705759
40100,0.377886,0.713042
40200,0.362438,0.719167
40300,0.351539,0.725267
40400,0.354865,0.731732
40500,0.344728,0.737103
40600,0.34065,0.742425
40700,0.34365,0.746926
40800,0.337763,0.751548
40900,0.332787,0.755599
41000,0.332436,0.760544
41100,0.318374,0.764922
41200,0.325418,0.768884
41300,0.331278,0.77322
41400,0.332601,0.776888
41500,0.328248,0.780724
41600,0.318013,0.783936
41700,0.308195,0.787049
41800,0.307633,0.790346
41900,0.309706,0.793978
42000,0.303871,0.79649
42100,0.304522,0.798826
42200,0.296168,0.801034
42300,0.292073,0.80264
42400,0.29256,0.804772
42500,0.29556,0.807012
42600,0.295769,0.808156
42700,0.298211,0.80908
42800,0.297016,0.809508
42900,0.297745,0.809212
43000,0.275929,0.809343
43100,0.274913,0.808749
43200,0.271073,0.808918
43300,0.271455,0.808835
43400,0.278459,0.808917
43500,0.282226,0.809589
43600,0.278808,0.810249
43700,0.276679,0.811163
43800,0.272889,0.812551
43900,0.271132,0.814003
44000,0.269976,0.815587
44100,0.274072,0.817282
44200,0.270117,0.819128
44300,0.271345,0.820912
44400,0.268168,0.822908
44500,0.25747,0.825203
44600,0.247926,0.827471
44700,0.259907,0.83092
44800,0.257541,0.834643
44900,0.239231,0.837726
45000,0.241966,0.840815
45100,0.24955,0.84428
45200,0.245757,0.847578
45300,0.240117,0.850355
45400,0.260049,0.853601
45500,0.249488,0.856645
45600,0.248639,0.859397
45700,0.250038,0.861766
45800,0.24478,0.863713
45900,0.24283,0.865566
46000,0.242232,0.866518
46100,0.239149,0.86772
46200,0.237927,0.86772
46300,0.247576,0.868172
46400,0.248417,0.867025
46500,0.255149,0.865735
46600,0.26555,0.863054
46700,0.267676,0.859241
46800,0.278504,0.855152
46900,0.291691,0.849232
47000,0.293192,0.84215
47100,0.301807,0.834157
47200,0.305049,0.824624
47300,0.324813,0.814741
47400,0.330935,0.802871
47500,0.335725,0.789896
47600,0.344358,0.777222
47700,0.35982,0.763833
47800,0.366298,0.750004
47900,0.377658,0.736096
48000,0.388004,0.722149
48100,0.404482,0.707352
48200,0.414659,0.693109
48300,0.419781,0.67893
48400,0.424251,0.664965
48500,0.426157,0.651691
48600,0.449576,0.638375
48700,0.461274,0.625322
48800,0.457198,0.613579
48900,0.466094,0.602336
49000,0.46957,0.591212
49100,0.476518,0.581071
49200,0.477171,0.572316
49300,0.486824,0.564139
49400,0.475475,0.55638
49500,0.473599,0.549261
49600,0.475251,0.542457
49700,0.489398,0.536625
49800,0.482482,0.53158
49900,0.480362,0.526376
50000,0.483617,0.521906
50100,0.455137,0.517369
50200,0.478277,0.512084
50300,0.467178,0.507273
50400,0.490788,0.50283
50500,0.490277,0.497649
50600,0.484435,0.49204
50700,0.482786,0.486501
50800,0.487336,0.480927
50900,0.476951,0.476179
51000,0.479251,0.471181
51100,0.481039,0.466687
51200,0.484359,0.461568
51300,0.489771,0.457018
51400,0.482516,0.451377
51500,0.474011,0.446209
51600,0.475005,0.441176
51700,0.479713,0.436058
51800,0.483004,0.431667
51900,0.478119,0.426891
52000,0.480429,0.42267
52100,0.469399,0.418945
52200,0.475733,0.416266
52300,0.484175,0.41329
52400,0.482044,0.411304
52500,0.481068,0.409362
52600,0.479083,0.408281
52700,0.461397,0.406699
52800,0.459125,0.405856
52900,0.447157,0.404555
53000,0.445657,0.404594
53100,0.439586,0.405084
53200,0.473917,0.405233
53300,0.457322,0.406323
53400,0.450388,0.407955
53500,0.474348,0.410858
53600,0.48098,0.4148
53700,0.464799,0.419097
53800,0.461339,0.423992
53900,0.469413,0.430169
54000,0.479381,0.436534
54100,0.471422,0.443675
54200,0.484377,0.450971
54300,0.475392,0.458245
54400,0.482328,0.465983
54500,0.466997,0.473209
54600,0.483727,0.481622
54700,0.470801,0.489339
54800,0.485902,0.497193
54900,0.485672,0.505247
55000,0.488208,0.513067
55100,0.472462,0.520814
55200,0.477477,0.528219
55300,0.47771,0.535542
55400,0.479309,0.542826
55500,0.473974,0.549651
55600,0.471311,0.556438
55700,0.471464,0.563062
55800,0.466589,0.569293
55900,0.46819,0.574986
56000,0.482845,0.580473
56100,0.474831,0.584744
56200,0.469429,0.588805
56300,0.479293,0.592616
56400,0.477308,0.595492
56500,0.472076,0.597998
56600,0.477106,0.600445
56700,0.472692,0.602619
56800,0.45861,0.603788
56900,0.466422,0.604786
57000,0.461892,0.606408
57100,0.471141,0.608073
57200,0.466388,0.608555
57300,0.472065,0.609496
57400,0.450618,0.60979
57500,0.442273,0.610648
57600,0.427633,0.610527
57700,0.431532,0.611342
57800,0.430841,0.611146
57900,0.435937,0.611109
58000,0.438109,0.611108
58100,0.43051,0.610441
58200,0.428184,0.610885
58300,0.410303,0.611604
58400,0.413777,0.612053
58500,0.415097,0.612818
58600,0.419871,0.615001
58700,0.416319,0.61714
58800,0.405466,0.620341
58900,0.419931,0.624791
59000,0.430507,0.627966
59100,0.43919,0.633549
59200,0.439089,0.639775
59300,0.427483,0.645971
59400,0.430197,0.652756
59500,0.410515,0.660091
59600,0.413387,0.667441
59700,0.413526,0.674528
59800,0.417403,0.682084
59900,0.407025,0.690014
60000,0.401302,0.697556
60100,0.391154,0.705352
60200,0.387947,0.713422
60300,0.379482,0.720296
60400,0.384124,0.727256
60500,0.386753,0.733302
60600,0.390548,0.73847
60700,0.374699,0.742512
60800,0.383646,0.745903
60900,0.387795,0.748008
61000,0.372407,0.749304
61100,0.347007,0.748631
61200,0.349308,0.74695
61300,0.362687,0.743733
61400,0.358625,0.740864
61500,0.35772,0.736921
61600,0.359406,0.732794
61700,0.361239,0.728169
61800,0.377915,0.723939
61900,0.374652,0.719061
62000,0.389726,0.714886
62100,0.373088,0.711556
62200,0.379195,0.708755
62300,0.37664,0.706688
62400,0.385843,0.705064
62500,0.396588,0.704531
62600,0.404625,0.705095
62700,0.387372,0.705343
62800,0.391194,0.706775
62900,0.387528,0.708226
63000,0.394401,0.710261
63100,0.39304,0.713051
63200,0.381615,0.716332
63300,0.376861,0.719364
63400,0.38269,0.722509
63500,0.379636,0.726755
63600,0.377483,0.730999
63700,0.372587,0.73515
63800,0.377384,0.738865
63900,0.36535,0.742864
64000,0.367487,0.746925
64100,0.35934,0.750987
64200,0.354622,0.754582
64300,0.347554,0.75794
64400,0.351682,0.760816
64500,0.342281,0.763061
64600,0.340307,0.764756
64700,0.330247,0.766391
64800,0.340195,0.76829
64900,0.329863,0.769843
65000,0.316502,0.771744
65100,0.322195,0.772883
65200,0.319177,0.773928
65300,0.310694,0.775963
65400,0.321005,0.777661
65500,0.335197,0.779438
65600,0.322684,0.780868
65700,0.326309,0.782352
65800,0.321689,0.784602
65900,0.327,0.786992
66000,0.32404,0.788997
66100,0.329956,0.791587
66200,0.32507,0.79423
66300,0.319963,0.796209
66400,0.298799,0.799432
66500,0.30205,0.802097
66600,0.30001,0.804848
66700,0.300395,0.807996
66800,0.292448,0.810876
66900,0.292772,0.813591
67000,0.281848,0.816823
67100,0.281883,0.819654
67200,0.268297,0.822482
67300,0.277599,0.824913
67400,0.280307,0.827144
67500,0.268749,0.829119
67600,0.272849,0.830837
67700,0.268006,0.8323
67800,0.264755,0.833469
67900,0.267543,0.834816
68000,0.280467,0.835557
68100,0.262561,0.83672
68200,0.25955,0.83699
68300,0.271118,0.837758
68400,0.273751,0.838655
68500,0.268321,0.839324
68600,0.265212,0.839803
68700,0.265058,0.83966
68800,0.265323,0.839776
68900,0.260111,0.839558
69000,0.260401,0.83898
69100,0.250641,0.838454
69200,0.249034,0.837951
69300,0.246696,0.837145
69400,0.249173,0.836631
69500,0.252712,0.835506
69600,0.251656,0.835276
69700,0.24336,0.834696
69800,0.240104,0.834503
69900,0.23496,0.83431
70000,0.234473,0.835006
70100,0.236695,0.835146
70200,0.249575,0.835532
70300,0.240609,0.83625
70400,0.242472,0.837984
70500,0.245583,0.840016
70600,0.239249,0.84215
70700,0.232113,0.844166
70800,0.22866,0.846405
70900,0.226811,0.850058
71000,0.219254,0.853187
71100,0.226591,0.856284
71200,0.219843,0.859521
71300,0.218594,0.862245
71400,0.211689,0.865171
71500,0.203417,0.868051
71600,0.200268,0.871513
71700,0.198708,0.874896
71800,0.190637,0.877897
71900,0.195527,0.880793
72000,0.199544,0.883189
72100,0.195902,0.885762
72200,0.191974,0.888087
72300,0.185577,0.889955
72400,0.184069,0.891842
72500,0.177907,0.893494
72600,0.173376,0.894581
72700,0.172924,0.89531
72800,0.176317,0.89627
72900,0.179865,0.89676
73000,0.163854,0.89791
73100,0.166851,0.898241
73200,0.168247,0.898895
73300,0.168064,0.899507
73400,0.168393,0.900121
73500,0.171689,0.900678
73600,0.162293,0.901046
73700,0.157136,0.901705
73800,0.15992,0.902532
73900,0.149937,0.903216
74000,0.147599,0.904155
74100,0.151136,0.904722
74200,0.156344,0.905259
74300,0.156507,0.906057
74400,0.152727,0.90676
74500,0.152828,0.907509
74600,0.154593,0.907809
74700,0.148542,0.908516
74800,0.150919,0.909424
74900,0.148367,0.910364
75000,0.142242,0.911262
75100,0.137207,0.911736
75200,0.139454,0.911888
75300,0.14064,0.912426
75400,0.141845,0.913046
75500,0.142458,0.913397
75600,0.135445,0.914001
75700,0.13144,0.914874
75800,0.139606,0.915361
75900,0.133569,0.916273
76000,0.139451,0.917014
76100,0.135346,0.917863
76200,0.137414,0.918788
76300,0.138968,0.919869
76400,0.131495,0.920775
76500,0.131075,0.922156
76600,0.125088,0.923557
76700,0.125336,0.924848
76800,0.121665,0.926199
76900,0.116737,0.927665
77000,0.115622,0.929081
77100,0.114612,0.930251
77200,0.111513,0.931026
77300,0.110197,0.932193
77400,0.109275,0.933413
77500,0.106814,0.934644
77600,0.104516,0.93557
77700,0.102295,0.936563
77800,0.0977756,0.93816
77900,0.094232,0.939431
78000,0.0936786,0.941109
78100,0.0917749,0.942972
78200,0.0896456,0.944704
78300,0.084657,0.946333
78400,0.0813901,0.947903
78500,0.0781846,0.949977
78600,0.0737329,0.951668
78700,0.0704439,0.953576
78800,0.0682763,0.955705
78900,0.0648189,0.957792
79000,0.0612385,0.960078
79100,0.0598299,0.962504
79200,0.0573382,0.964538
79300,0.0537192,0.966731
79400,0.0502798,0.969087
79500,0.0465834,0.971291
79600,0.0420997,0.973601
79700,0.0388066,0.975505
79800,0.0361414,0.977175
79900,0.0347643,0.978576
80000,0.0311569,0.980082
80100,0.029568,0.981498
80200,0.0277096,0.982865
80300,0.025611,0.984253
80400,0.0230985,0.985659
80500,0.0207716,0.98705
80600,0.0182222,0.988325
80700,0.0165442,0.989422
80800,0.0152645,0.990445
80900,0.0139638,0.991372
81000,0.0128901,0.992129
81100,0.0119775,0.992845
81200,0.0111725,0.993532
81300,0.00972182,0.993986
81400,0.00960559,0.99453
81500,0.00909259,0.994999
81600,0.00909342,0.995329
81700,0.00889756,0.995757
81800,0.00713306,0.996098
81900,0.0065137,0.99625
82000,0.00610383,0.996495
82100,0.00577657,0.996695
82200,0.00556691,0.996843
82300,0.00546236,0.99686
82400,0.00537635,0.99688
82500,0.00522365,0.99698
82600,0.00513403,0.997036
82700,0.00490219,0.997164
82800,0.00467931,0.997239
82900,0.00507132,0.99721
83000,0.00486222,0.997261
83100,0.00496603,0.997194
83200,0.00483518,0.997213
83300,0.00474682,0.997166
83400,0.00481601,0.997132
83500,0.0047847,0.99708
83600,0.00471852,0.997082
83700,0.00453665,0.997152
83800,0.00449018,0.997222
83900,0.00424667,0.997379
84000,0.00400069,0.997527
84100,0.0037233,0.99766
84200,0.00344677,0.997816
84300,0.00315125,0.998015
84400,0.00304799,0.998118
84500,0.00274003,0.998272
84600,0.00253387,0.998393
84700,0.00224076,0.998532
84800,0.00206357,0.998669
84900,0.00179885,0.998802
85000,0.0017072,0.998892
85100,0.00148613,0.999021
85200,0.00134735,0.999122
85300,0.00120763,0.999213
85400,0.00104738,0.999318
85500,0.000868781,0.999437
85600,0.000725063,0.99953
85700,0.00061138,0.999603
85800,0.000530686,0.999657
85900,0.000437536,0.999715
86000,0.000353404,0.999772
86100,0.000304648,0.999802
86200,0.000257969,0.999835
86300,0.00020244,0.999868
86400,0.000174458,0.999889
86500,0.000135792,0.999914
86600,9.68691e-05,0.99994
86700,7.58277e-05,0.999952
86800,6.48217e-05,0.99996
86900,4.5212e-05,0.999972
87000,2.23599e-05,0.999986
87100,1.46477e-05,0.999991
87200,8.25779e-06,0.999995
87300,5.70037e-06,0.999996
87400,2.5513e-06,0.999998
87500,6.98921e-07,1
87600,3.89187e-07,1
87700,4.81672e-07,1
87800,0,1
87900,0,1
88000,0,1
88100,0,1
88200,0,1
88300,0,1
88400,0,1
88500,0,1
88600,0,1
88700,0,1
88800,0,1
88900,0,1
89000,0,1
89100,0,1
89200,0,1
89300,0,1
89400,0,1
89500,0,1
89600,0,1
89700,0,1
89800,0,1
89900,0,1
90000,0,1
90100,0,1
90200,0,1
90300,0,1
90400,0,1
90500,0,1
90600,0,1
90700,0,1
90800,0,1
90900,0,1
91000,0,1
91100,0,1
91200,0,1
91300,0,1
91400,0,1
91500,0,1
91600,0,1
91700,0,1
91800,0,1
91900,0,1
92000,0,1
92100,0,1
92200,0,1
92300,0,1
92400,0,1
92500,0,1
92600,0,1
92700,0,1
92800,0,1
92900,0,1
93000,0,1
93100,0,1
93200,0,1
93300,0,1
93400,0,1
93500,0,1
93600,0,1
93700,0,1
93800,0,1
93900,0,1
94000,0,1
94100,0,1
94200,0,1
94300,0,1
94400,0,1
94500,0,1
94600,0,1
94700,0,1
94800,0,1
94900,0,1
95000,0,1
95100,0,1
95200,0,1
95300,0,1
95400,0,1
95500,0,1
95600,0,1
95700,0,1
95800,0,1
95900,0,1
96000,0,1
96100,0,1
96200,0,1
96300,0,1
96400,0,1
96500,0,1
96600,0,1
96700,0,1
96800,0,1
96900,0,1
97000,0,1
97100,0,1
97200,0,1
97300,0,1
97400,0,1
97500,0,1
97600,0,1
97700,0,1
97800,0,1
97900,0,1
98000,0,1
98100,0,1
98200,0,1
98300,0,1
98400,0,1
98500,0,1
98600,0,1
98700,0,1
98800,0,1
98900,0,1
99000,0,1
99100,0,1
99200,0,1
99300,0,1
99400,0,1
99500,0,1
99600,0,1
99700,0,1
99800,0,1
99900,0,1
