0,0.499923,0.50115
10,0.496505,0.502276
20,0.492981,0.503977
30,0.498418,0.505424
40,0.492064,0.50566
50,0.498926,0.505365
60,0.49551,0.505156
70,0.491625,0.503797
80,0.487109,0.503654
90,0.477522,0.505927
100,0.481066,0.505855
110,0.487356,0.507121
120,0.483613,0.504124
130,0.481998,0.503366
140,0.482551,0.503537
150,0.482068,0.504867
160,0.488581,0.50513
170,0.493635,0.503752
180,0.490704,0.502718
190,0.496839,0.505198
200,0.490268,0.503791
210,0.490509,0.503942
220,0.481146,0.502669
230,0.481501,0.503651
240,0.475573,0.504393
250,0.483238,0.504613
260,0.478151,0.503529
270,0.483325,0.50499
280,0.488222,0.504974
290,0.490452,0.506299
300,0.480118,0.507342
310,0.482261,0.510205
320,0.479614,0.512197
330,0.485844,0.513373
340,0.475174,0.512555
350,0.467044,0.512197
360,0.481849,0.512671
370,0.48847,0.512861
380,0.494317,0.512454
390,0.488498,0.512862
400,0.486042,0.512985
410,0.492109,0.512222
420,0.490548,0.51186
430,0.494497,0.510809
440,0.493709,0.509177
450,0.484843,0.509247
460,0.484468,0.510765
470,0.488081,0.50973
480,0.483956,0.5096
490,0.483328,0.510484
500,0.485013,0.510302
510,0.484279,0.511667
520,0.479981,0.513797
530,0.475924,0.513579
540,0.470216,0.511519
550,0.4676,0.511539
560,0.46208,0.511414
570,0.467042,0.510431
580,0.47306,0.510832
590,0.47472,0.511293
600,0.477041,0.509615
610,0.476253,0.510659
620,0.472256,0.511314
630,0.469397,0.512025
640,0.466379,0.510781
650,0.473179,0.510115
660,0.469605,0.511602
670,0.466931,0.510577
680,0.46915,0.511264
690,0.468255,0.508243
700,0.465618,0.506753
710,0.465347,0.507166
720,0.465162,0.506537
730,0.462481,0.506057
740,0.463184,0.504909
750,0.46397,0.507303
760,0.463566,0.509403
770,0.461094,0.509042
780,0.457828,0.509145
790,0.470518,0.509947
800,0.468366,0.509478
810,0.4644,0.509953
820,0.458617,0.510036
830,0.460702,0.508853
840,0.461971,0.510133
850,0.455618,0.509907
860,0.446992,0.510613
870,0.443247,0.511163
880,0.450548,0.512544
890,0.450523,0.512192
900,0.46021,0.512737
910,0.461132,0.513544
920,0.465422,0.512055
930,0.469535,0.511982
940,0.46246,0.511563
950,0.458537,0.512314
960,0.466715,0.514187
970,0.45602,0.51513
980,0.457942,0.516065
990,0.45258,0.516869
1000,0.453072,0.517235
1010,0.449021,0.517751
1020,0.4543,0.518398
1030,0.455098,0.518442
1040,0.453148,0.51945
1050,0.447697,0.519276
1060,0.451466,0.519211
1070,0.444663,0.521563
1080,0.452755,0.521992
1090,0.445815,0.521632
1100,0.43916,0.52284
1110,0.447063,0.522987
1120,0.44465,0.524197
1130,0.444361,0.524748
1140,0.438834,0.52489
1150,0.440177,0.526442
1160,0.445818,0.52772
1170,0.448947,0.52732
1180,0.451364,0.530278
1190,0.457028,0.531933
1200,0.452582,0.532408
1210,0.465801,0.532123
1220,0.470342,0.532797
1230,0.471259,0.535861
1240,0.468645,0.537942
1250,0.460816,0.539769
1260,0.465774,0.540468
1270,0.459121,0.539729
1280,0.451108,0.540572
1290,0.44874,0.54191
1300,0.450305,0.543212
1310,0.450343,0.544307
1320,0.453837,0.54392
1330,0.45373,0.543843
1340,0.448018,0.545611
1350,0.445137,0.547905
1360,0.444796,0.549745
1370,0.446779,0.550618
1380,0.447187,0.550997
1390,0.462805,0.553629
1400,0.457366,0.556139
1410,0.462587,0.558155
1420,0.456585,0.558552
1430,0.46215,0.558549
1440,0.462561,0.5576
1450,0.463509,0.557196
1460,0.460899,0.557416
1470,0.464647,0.557398
1480,0.460067,0.556324
1490,0.458868,0.558155
1500,0.461349,0.559863
1510,0.459385,0.560643
1520,0.462497,0.562583
1530,0.46347,0.560207
1540,0.465229,0.561821
1550,0.45946,0.564795
1560,0.461725,0.565604
1570,0.459489,0.567058
1580,0.455164,0.570022
1590,0.446552,0.570744
1600,0.436971,0.572784
1610,0.431342,0.572668
1620,0.432189,0.574034
1630,0.432137,0.573688
1640,0.432415,0.572185
1650,0.423386,0.573663
1660,0.428609,0.575931
1670,0.430722,0.576993
1680,0.429839,0.579636
1690,0.433808,0.582702
1700,0.431749,0.584897
1710,0.425767,0.585365
1720,0.417225,0.58599
1730,0.416479,0.583578
1740,0.411909,0.583438
1750,0.411937,0.584523
1760,0.416704,0.5863
1770,0.414545,0.587716
1780,0.406827,0.590479
1790,0.407477,0.589914
1800,0.403746,0.591378
1810,0.404243,0.59323
1820,0.403112,0.595875
1830,0.401847,0.598335
1840,0.402935,0.60199
1850,0.398393,0.602118
1860,0.398425,0.603378
1870,0.403968,0.601768
1880,0.405183,0.60382
1890,0.398681,0.605486
1900,0.395786,0.606118
1910,0.393015,0.606615
1920,0.389196,0.608431
1930,0.393795,0.60705
1940,0.394755,0.607183
1950,0.397082,0.608119
1960,0.398401,0.60942
1970,0.39502,0.612626
1980,0.397067,0.612968
1990,0.389691,0.612441
2000,0.392644,0.615005
2010,0.390715,0.616177
2020,0.39368,0.616945
2030,0.391861,0.619987
2040,0.391311,0.618994
2050,0.390398,0.620848
2060,0.391194,0.624474
2070,0.392691,0.623699
2080,0.39386,0.62381
2090,0.391584,0.621999
2100,0.388922,0.624634
2110,0.383602,0.625196
2120,0.391685,0.626601
2130,0.389874,0.629281
2140,0.38578,0.62971
2150,0.388474,0.631809
2160,0.386809,0.633377
2170,0.388194,0.63533
2180,0.384366,0.637979
2190,0.381295,0.641534
2200,0.378143,0.643761
2210,0.375253,0.644672
2220,0.380119,0.647399
2230,0.379625,0.648289
2240,0.382533,0.648828
2250,0.375235,0.650042
2260,0.372506,0.651351
2270,0.371916,0.653331
2280,0.369576,0.652977
2290,0.369285,0.654522
2300,0.365533,0.654342
2310,0.366241,0.655703
2320,0.372487,0.655559
2330,0.369044,0.656322
2340,0.369874,0.656617
2350,0.367194,0.658018
2360,0.362952,0.660959
2370,0.358393,0.663106
2380,0.362045,0.664417
2390,0.357806,0.66963
2400,0.355625,0.671559
2410,0.354954,0.672835
2420,0.352334,0.674436
2430,0.348693,0.676649
2440,0.351808,0.676887
2450,0.350487,0.677422
2460,0.350814,0.678441
2470,0.347469,0.680798
2480,0.347266,0.681929
2490,0.342481,0.68065
2500,0.337772,0.68216
2510,0.33525,0.686536
2520,0.333839,0.687338
2530,0.333412,0.690388
2540,0.331053,0.690794
2550,0.326397,0.690728
2560,0.326112,0.692635
2570,0.328717,0.693843
2580,0.328368,0.694562
2590,0.325696,0.69541
2600,0.319286,0.696265
2610,0.320003,0.697665
2620,0.31128,0.70033
2630,0.317608,0.700667
2640,0.316451,0.701074
2650,0.314812,0.703977
2660,0.317544,0.70176
2670,0.319248,0.703515
2680,0.320805,0.70536
2690,0.320316,0.708643
2700,0.31995,0.712684
2710,0.320967,0.711864
2720,0.317827,0.712728
2730,0.316166,0.712571
2740,0.314119,0.713919
2750,0.311999,0.713728
2760,0.311833,0.716596
2770,0.305567,0.719524
2780,0.306987,0.719528
2790,0.306209,0.720144
2800,0.306678,0.723818
2810,0.304341,0.725696
2820,0.304319,0.724999
2830,0.30237,0.7262
2840,0.30124,0.729085
2850,0.303223,0.731344
2860,0.302978,0.732526
2870,0.298944,0.735808
2880,0.295764,0.738138
2890,0.294567,0.740743
2900,0.294753,0.742264
2910,0.293215,0.744036
2920,0.291031,0.745513
2930,0.291407,0.744784
2940,0.291649,0.747361
2950,0.289058,0.752311
2960,0.294608,0.753653
2970,0.289382,0.757289
2980,0.288599,0.761095
2990,0.285275,0.76408
3000,0.287544,0.767465
3010,0.28755,0.770241
3020,0.286643,0.771038
3030,0.284588,0.773749
3040,0.283567,0.774004
3050,0.280833,0.775323
3060,0.279709,0.776612
3070,0.272742,0.779073
3080,0.273253,0.779483
3090,0.271414,0.781756
3100,0.265314,0.786151
3110,0.267084,0.784665
3120,0.263918,0.787361
3130,0.260906,0.789848
3140,0.260466,0.790697
3150,0.259439,0.793361
3160,0.252611,0.796934
3170,0.252394,0.79838
3180,0.251106,0.800591
3190,0.246739,0.804404
3200,0.24736,0.806178
3210,0.250228,0.806485
3220,0.248739,0.808795
3230,0.246955,0.809171
3240,0.244829,0.811052
3250,0.242748,0.811807
3260,0.242427,0.812998
3270,0.239601,0.813773
3280,0.238684,0.814674
3290,0.238835,0.813975
3300,0.236637,0.815594
3310,0.23369,0.816899
3320,0.232607,0.817734
3330,0.228872,0.819895
3340,0.227745,0.821074
3350,0.225652,0.823188
3360,0.224768,0.823489
3370,0.223654,0.825995
3380,0.222887,0.827058
3390,0.220719,0.826777
3400,0.220193,0.827862
3410,0.220834,0.827369
3420,0.217692,0.829789
3430,0.214441,0.832355
3440,0.212683,0.834411
3450,0.214686,0.834909
3460,0.211774,0.837106
3470,0.206418,0.8397
3480,0.209045,0.840301
3490,0.207932,0.842176
3500,0.204166,0.844491
3510,0.201197,0.846426
3520,0.199955,0.847624
3530,0.199297,0.849363
3540,0.197694,0.8494
3550,0.195022,0.851353
3560,0.195976,0.853062
3570,0.194831,0.854356
3580,0.190777,0.856659
3590,0.18685,0.858163
3600,0.187367,0.85886
3610,0.183729,0.861383
3620,0.181481,0.86386
3630,0.178635,0.864335
3640,0.17961,0.864711
3650,0.176171,0.867676
3660,0.175762,0.867055
3670,0.172172,0.869469
3680,0.171706,0.870499
3690,0.170924,0.871496
3700,0.169619,0.873464
3710,0.169586,0.874552
3720,0.167974,0.874614
3730,0.166367,0.875741
3740,0.167526,0.876035
3750,0.16462,0.878276
3760,0.162834,0.879062
3770,0.159046,0.880352
3780,0.154174,0.882235
3790,0.153901,0.882173
3800,0.152282,0.883181
3810,0.151866,0.883328
3820,0.146677,0.887018
3830,0.143848,0.889186
3840,0.142932,0.890462
3850,0.141108,0.891324
3860,0.140826,0.893271
3870,0.138797,0.894936
3880,0.137964,0.895374
3890,0.136137,0.896142
3900,0.135288,0.897351
3910,0.133315,0.898892
3920,0.12952,0.900619
3930,0.126622,0.903476
3940,0.12462,0.90463
3950,0.123221,0.90617
3960,0.122084,0.906836
3970,0.122914,0.906548
3980,0.119559,0.908512
3990,0.117448,0.910739
4000,0.117713,0.911313
4010,0.115765,0.912781
4020,0.115319,0.913524
4030,0.112909,0.91557
4040,0.113327,0.915774
4050,0.112022,0.91668
4060,0.109358,0.918165
4070,0.110202,0.91867
4080,0.110214,0.917996
4090,0.108899,0.918923
4100,0.108201,0.919761
4110,0.107277,0.920375
4120,0.105854,0.920959
4130,0.103909,0.921465
4140,0.101769,0.922528
4150,0.101722,0.92378
4160,0.100043,0.925558
4170,0.0992459,0.926592
4180,0.0960831,0.928288
4190,0.0956133,0.928216
4200,0.0927747,0.929904
4210,0.0902865,0.932105
4220,0.0908131,0.932382
4230,0.0874845,0.935151
4240,0.0857062,0.936919
4250,0.0861473,0.937708
4260,0.0865431,0.937937
4270,0.0866463,0.938471
4280,0.0842235,0.939868
4290,0.083186,0.939527
4300,0.0819887,0.940582
4310,0.0808017,0.941062
4320,0.0815174,0.941247
4330,0.0800751,0.94304
4340,0.0791103,0.944166
4350,0.0787547,0.944349
4360,0.0773272,0.945197
4370,0.0777089,0.945824
4380,0.0763997,0.947025
4390,0.0763951,0.947232
4400,0.0745431,0.94874
4410,0.0727833,0.950305
4420,0.072058,0.951031
4430,0.0700064,0.952168
4440,0.0695432,0.952694
4450,0.0678995,0.953891
4460,0.0663311,0.955207
4470,0.064905,0.955634
4480,0.0626082,0.957269
4490,0.0618501,0.958017
4500,0.0625589,0.957669
4510,0.0620789,0.958645
4520,0.0613929,0.958798
4530,0.0595407,0.960257
4540,0.0578364,0.960904
4550,0.0576549,0.961413
4560,0.0574994,0.961418
4570,0.0566124,0.962444
4580,0.0547477,0.963326
4590,0.0534255,0.964186
4600,0.0524264,0.965252
4610,0.0519107,0.965605
4620,0.0503846,0.966825
4630,0.0492201,0.967121
4640,0.0486492,0.967638
4650,0.0492636,0.967084
4660,0.0473111,0.968042
4670,0.0456129,0.969177
4680,0.0451953,0.969544
4690,0.0437364,0.970687
4700,0.0408812,0.972194
4710,0.0400848,0.972587
4720,0.0397595,0.972787
4730,0.039349,0.97328
4740,0.039414,0.973341
4750,0.0391054,0.973478
4760,0.0376742,0.974396
4770,0.036597,0.975275
4780,0.0358226,0.976181
4790,0.035018,0.976975
4800,0.0351726,0.976653
4810,0.0342556,0.976841
4820,0.0345783,0.977022
4830,0.034523,0.977299
4840,0.0330175,0.978144
4850,0.0337778,0.977603
4860,0.0333702,0.977936
4870,0.0335192,0.978049
4880,0.0321432,0.978943
4890,0.0307338,0.979644
4900,0.030656,0.980247
4910,0.0297004,0.980735
4920,0.0287235,0.981362
4930,0.0292873,0.981017
4940,0.0285257,0.981211
4950,0.0288558,0.981147
4960,0.0282606,0.981325
4970,0.0274174,0.982108
4980,0.0266762,0.982461
4990,0.0254422,0.98327
5000,0.0248987,0.983649
5010,0.0252972,0.98372
5020,0.0245403,0.983979
5030,0.0246984,0.983773
5040,0.024781,0.983843
5050,0.0243001,0.984051
5060,0.023131,0.984832
5070,0.0221842,0.985476
5080,0.021671,0.985839
5090,0.0202646,0.986749
5100,0.0200104,0.986765
5110,0.0191648,0.987386
5120,0.0200632,0.987085
5130,0.0191035,0.987797
5140,0.0191502,0.987811
5150,0.0184522,0.988244
5160,0.0191146,0.987993
5170,0.0184306,0.98841
5180,0.0180667,0.988483
5190,0.0171342,0.989155
5200,0.017236,0.989112
5210,0.0163532,0.989558
5220,0.0164697,0.989509
5230,0.0152413,0.990131
5240,0.0147084,0.990668
5250,0.0143944,0.990769
5260,0.0140539,0.991035
5270,0.0132416,0.991486
5280,0.0128994,0.991704
5290,0.0129548,0.991712
5300,0.0121276,0.992327
5310,0.0117055,0.99258
5320,0.0112524,0.99295
5330,0.011308,0.99281
5340,0.0104331,0.99333
5350,0.00991499,0.993662
5360,0.0101098,0.993524
5370,0.0097294,0.99379
5380,0.00946552,0.99402
5390,0.00927218,0.994095
5400,0.00887486,0.994312
5410,0.0086444,0.994424
5420,0.00886447,0.994307
5430,0.00840497,0.994559
5440,0.0084174,0.994479
5450,0.0085696,0.994497
5460,0.00812583,0.99478
5470,0.00764244,0.995131
5480,0.0073021,0.995375
5490,0.00665845,0.9958
5500,0.00630687,0.996023
5510,0.00658226,0.995864
5520,0.00652778,0.995887
5530,0.00615578,0.996097
5540,0.006041,0.996184
5550,0.00549736,0.996524
5560,0.00516819,0.996728
5570,0.00533468,0.996654
5580,0.00473369,0.997025
5590,0.00433921,0.997268
5600,0.00418598,0.99736
5610,0.00370006,0.997669
5620,0.00382237,0.997561
5630,0.0037769,0.997598
5640,0.00369592,0.99766
5650,0.00359639,0.99771
5660,0.00351968,0.997787
5670,0.00329737,0.997944
5680,0.00303569,0.998116
5690,0.00294688,0.998179
5700,0.00268683,0.998336
5710,0.00254502,0.998457
5720,0.00260823,0.998416
5730,0.0024096,0.998516
5740,0.0021161,0.998718
5750,0.00206455,0.998741
5760,0.00192134,0.998827
5770,0.00178887,0.9989
5780,0.0015559,0.999038
5790,0.00168743,0.998971
5800,0.00158833,0.999037
5810,0.00145649,0.999116
5820,0.00135737,0.999178
5830,0.00140482,0.999152
5840,0.00144376,0.999122
5850,0.00138963,0.999153
5860,0.0013989,0.999147
5870,0.00114959,0.999302
5880,0.000979496,0.999404
5890,0.000978773,0.999407
5900,0.00105673,0.999361
5910,0.000985211,0.99939
5920,0.000903974,0.999442
5930,0.000891431,0.999454
5940,0.000655837,0.999599
5950,0.000533071,0.999673
5960,0.000390466,0.999763
5970,0.000370873,0.999774
5980,0.000240635,0.999854
5990,0.000147433,0.99991
6000,0.000147149,0.999911
6010,0.000165086,0.999898
6020,0.000124485,0.999924
6030,0.000150115,0.999909
6040,0.000146801,0.999911
6050,0.000188821,0.999885
6060,9.27476e-05,0.999944
6070,7.31479e-05,0.999955
6080,2.87081e-05,0.999983
6090,1.32559e-05,0.999992
6100,4.46838e-06,0.999997
6110,1.111e-06,0.999999
6120,0,1
6130,0,1
6140,0,1
6150,0,1
6160,0,1
6170,0,1
6180,0,1
6190,0,1
6200,0,1
6210,0,1
6220,0,1
6230,0,1
6240,0,1
6250,0,1
6260,0,1
6270,0,1
6280,0,1
6290,0,1
6300,0,1
6310,0,1
6320,0,1
6330,0,1
6340,0,1
6350,0,1
6360,0,1
6370,0,1
6380,0,1
6390,0,1
6400,0,1
6410,0,1
6420,0,1
6430,0,1
6440,0,1
6450,0,1
6460,0,1
6470,0,1
6480,0,1
6490,0,1
6500,0,1
6510,0,1
6520,0,1
6530,0,1
6540,0,1
6550,0,1
6560,0,1
6570,0,1
6580,0,1
6590,0,1
6600,0,1
6610,0,1
6620,0,1
6630,0,1
6640,0,1
6650,0,1
6660,0,1
6670,0,1
6680,0,1
6690,0,1
6700,0,1
6710,0,1
6720,0,1
6730,0,1
6740,0,1
6750,0,1
6760,0,1
6770,0,1
6780,0,1
6790,0,1
6800,0,1
6810,0,1
6820,0,1
6830,0,1
6840,0,1
6850,0,1
6860,0,1
6870,0,1
6880,0,1
6890,0,1
6900,0,1
6910,0,1
6920,0,1
6930,0,1
6940,0,1
6950,0,1
6960,0,1
6970,0,1
6980,0,1
6990,0,1
7000,0,1
7010,0,1
7020,0,1
7030,0,1
7040,0,1
7050,0,1
7060,0,1
7070,0,1
7080,0,1
7090,0,1
7100,0,1
7110,0,1
7120,0,1
7130,0,1
7140,0,1
7150,0,1
7160,0,1
7170,0,1
7180,0,1
7190,0,1
7200,0,1
7210,0,1
7220,0,1
7230,0,1
7240,0,1
7250,0,1
7260,0,1
7270,0,1
7280,0,1
7290,0,1
7300,0,1
7310,0,1
7320,0,1
7330,0,1
7340,0,1
7350,0,1
7360,0,1
7370,0,1
7380,0,1
7390,0,1
7400,0,1
7410,0,1
7420,0,1
7430,0,1
7440,0,1
7450,0,1
7460,0,1
7470,0,1
7480,0,1
7490,0,1
7500,0,1
7510,0,1
7520,0,1
7530,0,1
7540,0,1
7550,0,1
7560,0,1
7570,0,1
7580,0,1
7590,0,1
7600,0,1
7610,0,1
7620,0,1
7630,0,1
7640,0,1
7650,0,1
7660,0,1
7670,0,1
7680,0,1
7690,0,1
7700,0,1
7710,0,1
7720,0,1
7730,0,1
7740,0,1
7750,0,1
7760,0,1
7770,0,1
7780,0,1
7790,0,1
7800,0,1
7810,0,1
7820,0,1
7830,0,1
7840,0,1
7850,0,1
7860,0,1
7870,0,1
7880,0,1
7890,0,1
7900,0,1
7910,0,1
7920,0,1
7930,0,1
7940,0,1
7950,0,1
7960,0,1
7970,0,1
7980,0,1
7990,0,1
8000,0,1
8010,0,1
8020,0,1
8030,0,1
8040,0,1
8050,0,1
8060,0,1
8070,0,1
8080,0,1
8090,0,1
8100,0,1
8110,0,1
8120,0,1
8130,0,1
8140,0,1
8150,0,1
8160,0,1
8170,0,1
8180,0,1
8190,0,1
8200,0,1
8210,0,1
8220,0,1
8230,0,1
8240,0,1
8250,0,1
8260,0,1
8270,0,1
8280,0,1
8290,0,1
8300,0,1
8310,0,1
8320,0,1
8330,0,1
8340,0,1
8350,0,1
8360,0,1
8370,0,1
8380,0,1
8390,0,1
8400,0,1
8410,0,1
8420,0,1
8430,0,1
8440,0,1
8450,0,1
8460,0,1
8470,0,1
8480,0,1
8490,0,1
8500,0,1
8510,0,1
8520,0,1
8530,0,1
8540,0,1
8550,0,1
8560,0,1
8570,0,1
8580,0,1
8590,0,1
8600,0,1
8610,0,1
8620,0,1
8630,0,1
8640,0,1
8650,0,1
8660,0,1
8670,0,1
8680,0,1
8690,0,1
8700,0,1
8710,0,1
8720,0,1
8730,0,1
8740,0,1
8750,0,1
8760,0,1
8770,0,1
8780,0,1
8790,0,1
8800,0,1
8810,0,1
8820,0,1
8830,0,1
8840,0,1
8850,0,1
8860,0,1
8870,0,1
8880,0,1
8890,0,1
8900,0,1
8910,0,1
8920,0,1
8930,0,1
8940,0,1
8950,0,1
8960,0,1
8970,0,1
8980,0,1
8990,0,1
9000,0,1
9010,0,1
9020,0,1
9030,0,1
9040,0,1
9050,0,1
9060,0,1
9070,0,1
9080,0,1
9090,0,1
9100,0,1
9110,0,1
9120,0,1
9130,0,1
9140,0,1
9150,0,1
9160,0,1
9170,0,1
9180,0,1
9190,0,1
9200,0,1
9210,0,1
9220,0,1
9230,0,1
9240,0,1
9250,0,1
9260,0,1
9270,0,1
9280,0,1
9290,0,1
9300,0,1
9310,0,1
9320,0,1
9330,0,1
9340,0,1
9350,0,1
9360,0,1
9370,0,1
9380,0,1
9390,0,1
9400,0,1
9410,0,1
9420,0,1
9430,0,1
9440,0,1
9450,0,1
9460,0,1
9470,0,1
9480,0,1
9490,0,1
9500,0,1
9510,0,1
9520,0,1
9530,0,1
9540,0,1
9550,0,1
9560,0,1
9570,0,1
9580,0,1
9590,0,1
9600,0,1
9610,0,1
9620,0,1
9630,0,1
9640,0,1
9650,0,1
9660,0,1
9670,0,1
9680,0,1
9690,0,1
9700,0,1
9710,0,1
9720,0,1
9730,0,1
9740,0,1
9750,0,1
9760,0,1
9770,0,1
9780,0,1
9790,0,1
9800,0,1
9810,0,1
9820,0,1
9830,0,1
9840,0,1
9850,0,1
9860,0,1
9870,0,1
9880,0,1
9890,0,1
9900,0,1
9910,0,1
9920,0,1
9930,0,1
9940,0,1
9950,0,1
9960,0,1
9970,0,1
9980,0,1
9990,0,1
