0,0.499999,0.499993
100,0.495089,0.499679
200,0.492703,0.499612
300,0.492745,0.498707
400,0.483472,0.498641
500,0.477844,0.498534
600,0.490266,0.498671
700,0.486224,0.498428
800,0.491558,0.49819
900,0.496277,0.497431
1000,0.493999,0.497409
1100,0.492917,0.49678
1200,0.497043,0.49617
1300,0.48729,0.49554
1400,0.494286,0.494911
1500,0.486261,0.493816
1600,0.496031,0.493908
1700,0.484048,0.492898
1800,0.488257,0.491541
1900,0.491295,0.489477
2000,0.490483,0.487078
2100,0.480206,0.484677
2200,0.489051,0.481929
2300,0.489704,0.47875
2400,0.45839,0.475742
2500,0.463582,0.472425
2600,0.464466,0.469401
2700,0.46355,0.466939
2800,0.460949,0.464367
2900,0.453962,0.461517
3000,0.46778,0.458595
3100,0.46383,0.455646
3200,0.466001,0.452731
3300,0.460653,0.44925
3400,0.456201,0.445821
3500,0.461751,0.442409
3600,0.451945,0.438405
3700,0.463538,0.434269
3800,0.465064,0.430601
3900,0.463554,0.426685
4000,0.46348,0.423424
4100,0.466757,0.419061
4200,0.472314,0.415824
4300,0.471037,0.411546
4400,0.468847,0.406939
4500,0.473625,0.402564
4600,0.458448,0.398512
4700,0.474984,0.395279
4800,0.459494,0.39226
4900,0.462095,0.390825
5000,0.466953,0.388728
5100,0.471617,0.387132
5200,0.469055,0.385598
5300,0.472528,0.384272
5400,0.452539,0.38372
5500,0.465292,0.383181
5600,0.466894,0.383815
5700,0.472681,0.384466
5800,0.464938,0.385032
5900,0.468593,0.386457
6000,0.465247,0.388205
6100,0.466976,0.391631
6200,0.465816,0.394722
6300,0.474404,0.398857
6400,0.46548,0.402498
6500,0.450147,0.407375
6600,0.458569,0.4116
6700,0.463944,0.416877
6800,0.462054,0.421935
6900,0.457025,0.427565
7000,0.45012,0.432746
7100,0.467485,0.437567
7200,0.481813,0.441631
7300,0.483384,0.446702
7400,0.484588,0.451432
7500,0.482813,0.455536
7600,0.479214,0.460119
7700,0.475332,0.464946
7800,0.467217,0.469695
7900,0.468349,0.474342
8000,0.48228,0.478861
8100,0.478536,0.482368
8200,0.469609,0.486405
8300,0.467624,0.489858
8400,0.489103,0.493914
8500,0.485481,0.497799
8600,0.485989,0.501368
8700,0.482573,0.505196
8800,0.477779,0.509906
8900,0.482647,0.514594
9000,0.487236,0.519162
9100,0.477872,0.523053
9200,0.455462,0.526942
9300,0.487044,0.53039
9400,0.48877,0.534052
9500,0.464733,0.536637
9600,0.474444,0.53951
9700,0.477185,0.542297
9800,0.475692,0.546043
9900,0.470183,0.54995
10000,0.473754,0.552929
10100,0.482703,0.555452
10200,0.488001,0.55745
10300,0.480542,0.559252
10400,0.467058,0.560703
10500,0.451847,0.561244
10600,0.488274,0.560572
10700,0.47873,0.559242
10800,0.477586,0.557875
10900,0.490605,0.555933
11000,0.489734,0.55363
11100,0.478537,0.551797
11200,0.486511,0.55002
11300,0.488542,0.54809
11400,0.469541,0.545598
11500,0.475879,0.543152
11600,0.465599,0.541177
11700,0.485486,0.539619
11800,0.476351,0.53803
11900,0.48305,0.538013
12000,0.484699,0.537452
12100,0.479091,0.536899
12200,0.478248,0.536469
12300,0.490127,0.535791
12400,0.488782,0.535158
12500,0.474392,0.535728
12600,0.481032,0.534358
12700,0.48464,0.533906
12800,0.488276,0.533847
12900,0.48025,0.533565
13000,0.485862,0.533362
13100,0.491507,0.532938
13200,0.480801,0.532041
13300,0.484421,0.530802
13400,0.489285,0.530407
13500,0.485679,0.528904
13600,0.493005,0.527448
13700,0.492898,0.525551
13800,0.480468,0.52351
13900,0.48378,0.520483
14000,0.495337,0.51691
14100,0.486139,0.51314
14200,0.467339,0.509438
14300,0.472374,0.50549
14400,0.467643,0.501953
14500,0.488937,0.497524
14600,0.488487,0.49376
14700,0.479385,0.490727
14800,0.486907,0.488705
14900,0.461938,0.485574
15000,0.458515,0.482994
15100,0.461008,0.481074
15200,0.451815,0.478542
15300,0.461434,0.4768
15400,0.461489,0.475848
15500,0.449881,0.475659
15600,0.46517,0.475794
15700,0.469101,0.476623
15800,0.473692,0.477996
15900,0.475401,0.480238
16000,0.483844,0.484519
16100,0.45793,0.48905
16200,0.463753,0.495241
16300,0.464458,0.502806
16400,0.459161,0.510043
16500,0.456249,0.518121
16600,0.461122,0.526426
16700,0.463801,0.535829
16800,0.471469,0.544367
16900,0.459075,0.55411
17000,0.458523,0.563093
17100,0.459178,0.572155
17200,0.455102,0.581534
17300,0.458536,0.591419
17400,0.437959,0.601282
17500,0.452764,0.610965
17600,0.45617,0.619809
17700,0.446558,0.628187
17800,0.433859,0.636381
17900,0.426705,0.643561
18000,0.419452,0.650959
18100,0.409758,0.657111
18200,0.413556,0.662866
18300,0.395419,0.668355
18400,0.389209,0.673584
18500,0.392098,0.677833
18600,0.382553,0.68286
18700,0.380615,0.686564
18800,0.376706,0.689853
18900,0.36814,0.693547
19000,0.356989,0.698018
19100,0.349633,0.702263
19200,0.353016,0.706568
19300,0.357169,0.710973
19400,0.345616,0.716105
19500,0.338863,0.721325
19600,0.333686,0.726445
19700,0.334048,0.732227
19800,0.326521,0.737964
19900,0.326154,0.744911
20000,0.306425,0.751466
20100,0.30391,0.75872
20200,0.29405,0.766417
20300,0.286936,0.774973
20400,0.277265,0.783412
20500,0.27378,0.79243
20600,0.275644,0.801533
20700,0.260418,0.81033
20800,0.246958,0.819141
20900,0.230175,0.827486
21000,0.22544,0.836017
21100,0.208169,0.844146
21200,0.198428,0.851853
21300,0.19378,0.859348
21400,0.184662,0.866223
21500,0.180787,0.872964
21600,0.176398,0.879207
21700,0.169375,0.885593
21800,0.161455,0.891055
21900,0.152864,0.896294
22000,0.151671,0.901096
22100,0.142456,0.905855
22200,0.148503,0.910349
22300,0.130701,0.914218
22400,0.124597,0.918034
22500,0.122569,0.922322
22600,0.118057,0.925763
22700,0.112616,0.928694
22800,0.111585,0.932356
22900,0.101885,0.935653
23000,0.0939843,0.9386
23100,0.0885387,0.941706
23200,0.0857401,0.944593
23300,0.0863752,0.947607
23400,0.0800977,0.950702
23500,0.0734398,0.953285
23600,0.070869,0.955562
23700,0.0677126,0.958104
23800,0.0650789,0.960326
23900,0.0689484,0.962184
24000,0.0609559,0.963994
24100,0.0604656,0.965567
24200,0.0563138,0.967
24300,0.0539056,0.968332
24400,0.0523399,0.969569
24500,0.0502486,0.970664
24600,0.0477415,0.971665
24700,0.0474849,0.97257
24800,0.0463589,0.973193
24900,0.0438124,0.973846
25000,0.042755,0.974568
25100,0.0414207,0.97528
25200,0.0409218,0.97608
25300,0.0401811,0.976546
25400,0.038152,0.977276
25500,0.0366252,0.977871
25600,0.0350411,0.978682
25700,0.0345785,0.979273
25800,0.0326793,0.979978
25900,0.0315616,0.980475
26000,0.0310875,0.980852
26100,0.0298652,0.981471
26200,0.0303933,0.981862
26300,0.0296369,0.982353
26400,0.0274553,0.98303
26500,0.026128,0.983947
26600,0.0252247,0.98469
26700,0.024726,0.98548
26800,0.0231956,0.986282
26900,0.022781,0.987097
27000,0.0214457,0.987685
27100,0.0205422,0.988204
27200,0.0201156,0.988763
27300,0.0190556,0.989164
27400,0.0204392,0.989573
27500,0.0219876,0.989928
27600,0.0191896,0.990179
27700,0.0178426,0.99041
27800,0.0202437,0.990678
27900,0.0171663,0.990862
28000,0.016394,0.99122
28100,0.015658,0.991417
28200,0.0146284,0.991638
28300,0.0143714,0.99176
28400,0.0165221,0.991905
28500,0.0141377,0.9921
28600,0.0134903,0.992226
28700,0.0131828,0.992399
28800,0.0127781,0.992506
28900,0.0122868,0.992768
29000,0.0121824,0.992664
29100,0.0122727,0.992756
29200,0.0119384,0.992758
29300,0.0114393,0.992823
29400,0.0114364,0.993041
29500,0.0107465,0.993373
29600,0.0104248,0.993597
29700,0.00988266,0.99371
29800,0.00974733,0.993946
29900,0.00906779,0.994225
30000,0.00888785,0.994563
30100,0.00824095,0.994912
30200,0.00730922,0.995256
30300,0.00682532,0.995658
30400,0.0063908,0.99591
30500,0.00600036,0.996132
30600,0.00565605,0.996443
30700,0.00530346,0.99672
30800,0.00464985,0.997108
30900,0.00419358,0.997397
31000,0.00383962,0.997655
31100,0.00345867,0.99784
31200,0.00312889,0.998056
31300,0.00281509,0.998225
31400,0.00250638,0.998418
31500,0.00221179,0.998583
31600,0.00208158,0.998677
31700,0.00183942,0.998835
31800,0.00157655,0.998996
31900,0.00137493,0.999124
32000,0.00123588,0.999217
32100,0.00112992,0.999296
32200,0.000985769,0.99937
32300,0.000823172,0.999455
32400,0.000714889,0.999549
32500,0.000594363,0.999617
32600,0.000533445,0.999662
32700,0.00046289,0.999708
32800,0.000401623,0.999748
32900,0.000323899,0.999794
33000,0.000298686,0.999814
33100,0.000253764,0.999843
33200,0.000185748,0.999885
33300,0.000124114,0.999922
33400,8.74284e-05,0.999944
33500,5.36964e-05,0.999965
33600,2.13138e-05,0.999986
33700,1.16784e-05,0.999993
33800,9.07987e-06,0.999994
33900,8.09555e-06,0.999995
34000,4.25662e-06,0.999997
34100,9.99986e-07,0.999999
34200,0,1
34300,0,1
34400,0,1
34500,0,1
34600,0,1
34700,0,1
34800,0,1
34900,0,1
35000,0,1
35100,0,1
35200,0,1
35300,0,1
35400,0,1
35500,0,1
35600,0,1
35700,0,1
35800,0,1
35900,0,1
36000,0,1
36100,0,1
36200,0,1
36300,0,1
36400,0,1
36500,0,1
36600,0,1
36700,0,1
36800,0,1
36900,0,1
37000,0,1
37100,0,1
37200,0,1
37300,0,1
37400,0,1
37500,0,1
37600,0,1
37700,0,1
37800,0,1
37900,0,1
38000,0,1
38100,0,1
38200,0,1
38300,0,1
38400,0,1
38500,0,1
38600,0,1
38700,0,1
38800,0,1
38900,0,1
39000,0,1
39100,0,1
39200,0,1
39300,0,1
39400,0,1
39500,0,1
39600,0,1
39700,0,1
39800,0,1
39900,0,1
40000,0,1
40100,0,1
40200,0,1
40300,0,1
40400,0,1
40500,0,1
40600,0,1
40700,0,1
40800,0,1
40900,0,1
41000,0,1
41100,0,1
41200,0,1
41300,0,1
41400,0,1
41500,0,1
41600,0,1
41700,0,1
41800,0,1
41900,0,1
42000,0,1
42100,0,1
42200,0,1
42300,0,1
42400,0,1
42500,0,1
42600,0,1
42700,0,1
42800,0,1
42900,0,1
43000,0,1
43100,0,1
43200,0,1
43300,0,1
43400,0,1
43500,0,1
43600,0,1
43700,0,1
43800,0,1
43900,0,1
44000,0,1
44100,0,1
44200,0,1
44300,0,1
44400,0,1
44500,0,1
44600,0,1
44700,0,1
44800,0,1
44900,0,1
45000,0,1
45100,0,1
45200,0,1
45300,0,1
45400,0,1
45500,0,1
45600,0,1
45700,0,1
45800,0,1
45900,0,1
46000,0,1
46100,0,1
46200,0,1
46300,0,1
46400,0,1
46500,0,1
46600,0,1
46700,0,1
46800,0,1
46900,0,1
47000,0,1
47100,0,1
47200,0,1
47300,0,1
47400,0,1
47500,0,1
47600,0,1
47700,0,1
47800,0,1
47900,0,1
48000,0,1
48100,0,1
48200,0,1
48300,0,1
48400,0,1
48500,0,1
48600,0,1
48700,0,1
48800,0,1
48900,0,1
49000,0,1
49100,0,1
49200,0,1
49300,0,1
49400,0,1
49500,0,1
49600,0,1
49700,0,1
49800,0,1
49900,0,1
50000,0,1
50100,0,1
50200,0,1
50300,0,1
50400,0,1
50500,0,1
50600,0,1
50700,0,1
50800,0,1
50900,0,1
51000,0,1
51100,0,1
51200,0,1
51300,0,1
51400,0,1
51500,0,1
51600,0,1
51700,0,1
51800,0,1
51900,0,1
52000,0,1
52100,0,1
52200,0,1
52300,0,1
52400,0,1
52500,0,1
52600,0,1
52700,0,1
52800,0,1
52900,0,1
53000,0,1
53100,0,1
53200,0,1
53300,0,1
53400,0,1
53500,0,1
53600,0,1
53700,0,1
53800,0,1
53900,0,1
54000,0,1
54100,0,1
54200,0,1
54300,0,1
54400,0,1
54500,0,1
54600,0,1
54700,0,1
54800,0,1
54900,0,1
55000,0,1
55100,0,1
55200,0,1
55300,0,1
55400,0,1
55500,0,1
55600,0,1
55700,0,1
55800,0,1
55900,0,1
56000,0,1
56100,0,1
56200,0,1
56300,0,1
56400,0,1
56500,0,1
56600,0,1
56700,0,1
56800,0,1
56900,0,1
57000,0,1
57100,0,1
57200,0,1
57300,0,1
57400,0,1
57500,0,1
57600,0,1
57700,0,1
57800,0,1
57900,0,1
58000,0,1
58100,0,1
58200,0,1
58300,0,1
58400,0,1
58500,0,1
58600,0,1
58700,0,1
58800,0,1
58900,0,1
59000,0,1
59100,0,1
59200,0,1
59300,0,1
59400,0,1
59500,0,1
59600,0,1
59700,0,1
59800,0,1
59900,0,1
60000,0,1
60100,0,1
60200,0,1
60300,0,1
60400,0,1
60500,0,1
60600,0,1
60700,0,1
60800,0,1
60900,0,1
61000,0,1
61100,0,1
61200,0,1
61300,0,1
61400,0,1
61500,0,1
61600,0,1
61700,0,1
61800,0,1
61900,0,1
62000,0,1
62100,0,1
62200,0,1
62300,0,1
62400,0,1
62500,0,1
62600,0,1
62700,0,1
62800,0,1
62900,0,1
63000,0,1
63100,0,1
63200,0,1
63300,0,1
63400,0,1
63500,0,1
63600,0,1
63700,0,1
63800,0,1
63900,0,1
64000,0,1
64100,0,1
64200,0,1
64300,0,1
64400,0,1
64500,0,1
64600,0,1
64700,0,1
64800,0,1
64900,0,1
65000,0,1
65100,0,1
65200,0,1
65300,0,1
65400,0,1
65500,0,1
65600,0,1
65700,0,1
65800,0,1
65900,0,1
66000,0,1
66100,0,1
66200,0,1
66300,0,1
66400,0,1
66500,0,1
66600,0,1
66700,0,1
66800,0,1
66900,0,1
67000,0,1
67100,0,1
67200,0,1
67300,0,1
67400,0,1
67500,0,1
67600,0,1
67700,0,1
67800,0,1
67900,0,1
68000,0,1
68100,0,1
68200,0,1
68300,0,1
68400,0,1
68500,0,1
68600,0,1
68700,0,1
68800,0,1
68900,0,1
69000,0,1
69100,0,1
69200,0,1
69300,0,1
69400,0,1
69500,0,1
69600,0,1
69700,0,1
69800,0,1
69900,0,1
70000,0,1
70100,0,1
70200,0,1
70300,0,1
70400,0,1
70500,0,1
70600,0,1
70700,0,1
70800,0,1
70900,0,1
71000,0,1
71100,0,1
71200,0,1
71300,0,1
71400,0,1
71500,0,1
71600,0,1
71700,0,1
71800,0,1
71900,0,1
72000,0,1
72100,0,1
72200,0,1
72300,0,1
72400,0,1
72500,0,1
72600,0,1
72700,0,1
72800,0,1
72900,0,1
73000,0,1
73100,0,1
73200,0,1
73300,0,1
73400,0,1
73500,0,1
73600,0,1
73700,0,1
73800,0,1
73900,0,1
74000,0,1
74100,0,1
74200,0,1
74300,0,1
74400,0,1
74500,0,1
74600,0,1
74700,0,1
74800,0,1
74900,0,1
75000,0,1
75100,0,1
75200,0,1
75300,0,1
75400,0,1
75500,0,1
75600,0,1
75700,0,1
75800,0,1
75900,0,1
76000,0,1
76100,0,1
76200,0,1
76300,0,1
76400,0,1
76500,0,1
76600,0,1
76700,0,1
76800,0,1
76900,0,1
77000,0,1
77100,0,1
77200,0,1
77300,0,1
77400,0,1
77500,0,1
77600,0,1
77700,0,1
77800,0,1
77900,0,1
78000,0,1
78100,0,1
78200,0,1
78300,0,1
78400,0,1
78500,0,1
78600,0,1
78700,0,1
78800,0,1
78900,0,1
79000,0,1
79100,0,1
79200,0,1
79300,0,1
79400,0,1
79500,0,1
79600,0,1
79700,0,1
79800,0,1
79900,0,1
80000,0,1
80100,0,1
80200,0,1
80300,0,1
80400,0,1
80500,0,1
80600,0,1
80700,0,1
80800,0,1
80900,0,1
81000,0,1
81100,0,1
81200,0,1
81300,0,1
81400,0,1
81500,0,1
81600,0,1
81700,0,1
81800,0,1
81900,0,1
82000,0,1
82100,0,1
82200,0,1
82300,0,1
82400,0,1
82500,0,1
82600,0,1
82700,0,1
82800,0,1
82900,0,1
83000,0,1
83100,0,1
83200,0,1
83300,0,1
83400,0,1
83500,0,1
83600,0,1
83700,0,1
83800,0,1
83900,0,1
84000,0,1
84100,0,1
84200,0,1
84300,0,1
84400,0,1
84500,0,1
84600,0,1
84700,0,1
84800,0,1
84900,0,1
85000,0,1
85100,0,1
85200,0,1
85300,0,1
85400,0,1
85500,0,1
85600,0,1
85700,0,1
85800,0,1
85900,0,1
86000,0,1
86100,0,1
86200,0,1
86300,0,1
86400,0,1
86500,0,1
86600,0,1
86700,0,1
86800,0,1
86900,0,1
87000,0,1
87100,0,1
87200,0,1
87300,0,1
87400,0,1
87500,0,1
87600,0,1
87700,0,1
87800,0,1
87900,0,1
88000,0,1
88100,0,1
88200,0,1
88300,0,1
88400,0,1
88500,0,1
88600,0,1
88700,0,1
88800,0,1
88900,0,1
89000,0,1
89100,0,1
89200,0,1
89300,0,1
89400,0,1
89500,0,1
89600,0,1
89700,0,1
89800,0,1
89900,0,1
90000,0,1
90100,0,1
90200,0,1
90300,0,1
90400,0,1
90500,0,1
90600,0,1
90700,0,1
90800,0,1
90900,0,1
91000,0,1
91100,0,1
91200,0,1
91300,0,1
91400,0,1
91500,0,1
91600,0,1
91700,0,1
91800,0,1
91900,0,1
92000,0,1
92100,0,1
92200,0,1
92300,0,1
92400,0,1
92500,0,1
92600,0,1
92700,0,1
92800,0,1
92900,0,1
93000,0,1
93100,0,1
93200,0,1
93300,0,1
93400,0,1
93500,0,1
93600,0,1
93700,0,1
93800,0,1
93900,0,1
94000,0,1
94100,0,1
94200,0,1
94300,0,1
94400,0,1
94500,0,1
94600,0,1
94700,0,1
94800,0,1
94900,0,1
95000,0,1
95100,0,1
95200,0,1
95300,0,1
95400,0,1
95500,0,1
95600,0,1
95700,0,1
95800,0,1
95900,0,1
96000,0,1
96100,0,1
96200,0,1
96300,0,1
96400,0,1
96500,0,1
96600,0,1
96700,0,1
96800,0,1
96900,0,1
97000,0,1
97100,0,1
97200,0,1
97300,0,1
97400,0,1
97500,0,1
97600,0,1
97700,0,1
97800,0,1
97900,0,1
98000,0,1
98100,0,1
98200,0,1
98300,0,1
98400,0,1
98500,0,1
98600,0,1
98700,0,1
98800,0,1
98900,0,1
99000,0,1
99100,0,1
99200,0,1
99300,0,1
99400,0,1
99500,0,1
99600,0,1
99700,0,1
99800,0,1
99900,0,1
