0,0.499999,0.500045
100,0.493101,0.499673
200,0.496127,0.499169
300,0.489697,0.49829
400,0.493074,0.498043
500,0.494289,0.49663
600,0.496807,0.4958
700,0.488283,0.494376
800,0.48796,0.492958
900,0.484817,0.491863
1000,0.498652,0.491082
1100,0.495958,0.490223
1200,0.498709,0.488985
1300,0.495547,0.488259
1400,0.478747,0.485907
1500,0.474029,0.485174
1600,0.479745,0.483214
1700,0.48324,0.481858
1800,0.471684,0.48081
1900,0.487698,0.479934
2000,0.484129,0.478281
2100,0.488121,0.476132
2200,0.489687,0.474442
2300,0.478631,0.471647
2400,0.487964,0.470135
2500,0.481794,0.468864
2600,0.485163,0.466806
2700,0.48491,0.466256
2800,0.488908,0.464871
2900,0.487621,0.463324
3000,0.481816,0.462527
3100,0.479607,0.461414
3200,0.484609,0.460102
3300,0.492108,0.459552
3400,0.486311,0.459201
3500,0.479198,0.459177
3600,0.482301,0.45878
3700,0.474347,0.459029
3800,0.480621,0.459067
3900,0.469048,0.458777
4000,0.482077,0.457805
4100,0.482478,0.457479
4200,0.485195,0.456911
4300,0.479122,0.456677
4400,0.484005,0.457078
4500,0.49059,0.457293
4600,0.476948,0.457692
4700,0.477709,0.456892
4800,0.488381,0.457067
4900,0.487764,0.458561
5000,0.489269,0.458798
5100,0.489243,0.458807
5200,0.485644,0.460044
5300,0.493205,0.460019
5400,0.479053,0.460459
5500,0.494849,0.461471
5600,0.470632,0.462282
5700,0.465047,0.462747
5800,0.490647,0.463747
5900,0.484719,0.463949
6000,0.489722,0.464053
6100,0.483227,0.463759
6200,0.482048,0.464259
6300,0.475893,0.463932
6400,0.488962,0.463014
6500,0.492971,0.462131
6600,0.484454,0.460515
6700,0.480009,0.459266
6800,0.479929,0.457987
6900,0.471476,0.457235
7000,0.487988,0.456411
7100,0.492873,0.45515
7200,0.483851,0.454324
7300,0.479747,0.452264
7400,0.490555,0.451268
7500,0.481594,0.450525
7600,0.481109,0.449979
7700,0.464088,0.449855
7800,0.473614,0.448805
7900,0.484118,0.448655
8000,0.485481,0.448105
8100,0.486422,0.448195
8200,0.482355,0.44782
8300,0.479653,0.447107
8400,0.47938,0.447376
8500,0.453528,0.446996
8600,0.486476,0.446544
8700,0.489721,0.446728
8800,0.486995,0.447218
8900,0.477616,0.447024
9000,0.454789,0.446249
9100,0.475562,0.446493
9200,0.470968,0.445043
9300,0.477031,0.443551
9400,0.484525,0.443073
9500,0.473758,0.441508
9600,0.472552,0.440449
9700,0.485196,0.439049
9800,0.469001,0.438206
9900,0.482905,0.436943
10000,0.481509,0.436227
10100,0.482324,0.435785
10200,0.487807,0.434091
10300,0.476782,0.433321
10400,0.480095,0.432664
10500,0.480018,0.431523
10600,0.457295,0.430656
10700,0.467146,0.429259
10800,0.453478,0.428548
10900,0.454168,0.428315
11000,0.473538,0.429333
11100,0.470764,0.428963
11200,0.471229,0.428782
11300,0.471785,0.427742
11400,0.469119,0.426706
11500,0.480248,0.426003
11600,0.483614,0.42551
11700,0.468729,0.424274
11800,0.485914,0.423295
11900,0.46572,0.422068
12000,0.473412,0.421501
12100,0.480511,0.421728
12200,0.482205,0.422043
12300,0.480199,0.422655
12400,0.473575,0.423319
12500,0.473781,0.424693
12600,0.478756,0.425173
12700,0.479069,0.425804
12800,0.466949,0.426266
12900,0.471607,0.427555
13000,0.46359,0.428439
13100,0.47107,0.429112
13200,0.474338,0.429032
13300,0.479793,0.430522
13400,0.484864,0.431733
13500,0.482124,0.433286
13600,0.482161,0.433876
13700,0.478667,0.434469
13800,0.470425,0.434999
13900,0.467344,0.43661
14000,0.458726,0.437427
14100,0.476187,0.437865
14200,0.471489,0.438586
14300,0.478326,0.439845
14400,0.489775,0.44018
14500,0.477745,0.440431
14600,0.486458,0.440949
14700,0.484125,0.44118
14800,0.481341,0.440821
14900,0.485197,0.440385
15000,0.485652,0.439539
15100,0.476734,0.437844
15200,0.47273,0.436186
15300,0.472437,0.43461
15400,0.464822,0.432991
15500,0.475847,0.431872
15600,0.473576,0.430431
15700,0.470406,0.428418
15800,0.480513,0.426442
15900,0.475491,0.425111
16000,0.480255,0.423139
16100,0.482633,0.421562
16200,0.479924,0.420676
16300,0.480281,0.418942
16400,0.478677,0.41764
16500,0.47468,0.416634
16600,0.476772,0.415707
16700,0.480409,0.414763
16800,0.481796,0.413302
16900,0.480146,0.412865
17000,0.481489,0.411758
17100,0.473804,0.410679
17200,0.47171,0.410378
17300,0.478129,0.409778
17400,0.476539,0.409867
17500,0.483392,0.410399
17600,0.481611,0.411051
17700,0.472027,0.410992
17800,0.469165,0.411468
17900,0.467251,0.411609
18000,0.467275,0.412347
18100,0.474456,0.413445
18200,0.478761,0.414121
18300,0.48425,0.415112
18400,0.475481,0.41723
18500,0.474835,0.418882
18600,0.469527,0.421274
18700,0.482559,0.422917
18800,0.478223,0.423827
18900,0.475124,0.424632
19000,0.471042,0.42571
19100,0.489328,0.426469
19200,0.486785,0.427458
19300,0.486769,0.429375
19400,0.482743,0.431535
19500,0.478039,0.434092
19600,0.481574,0.436155
19700,0.487432,0.438673
19800,0.483521,0.44121
19900,0.480676,0.443864
20000,0.487452,0.446736
20100,0.487069,0.449521
20200,0.491616,0.451522
20300,0.491113,0.453605
20400,0.48222,0.456339
20500,0.482054,0.458576
20600,0.481813,0.460168
20700,0.495179,0.46223
20800,0.488586,0.464561
20900,0.479044,0.466725
21000,0.491356,0.468855
21100,0.482183,0.470998
21200,0.495582,0.472735
21300,0.476228,0.473628
21400,0.477591,0.474709
21500,0.47968,0.476047
21600,0.472901,0.477704
21700,0.488043,0.478928
21800,0.494649,0.480482
21900,0.48239,0.481908
22000,0.491313,0.48351
22100,0.492465,0.485031
22200,0.491406,0.487766
22300,0.481967,0.489885
22400,0.484446,0.492246
22500,0.498617,0.494517
22600,0.495717,0.496871
22700,0.483245,0.498879
22800,0.492111,0.500876
22900,0.494037,0.502368
23000,0.488958,0.503597
23100,0.498019,0.505111
23200,0.490058,0.506261
23300,0.492459,0.507159
23400,0.485745,0.508569
23500,0.494006,0.510566
23600,0.470008,0.511964
23700,0.473309,0.512923
23800,0.487575,0.513579
23900,0.488763,0.514154
24000,0.475869,0.513667
24100,0.482825,0.513271
24200,0.494286,0.512755
24300,0.488614,0.510845
24400,0.489352,0.50901
24500,0.484978,0.507713
24600,0.488662,0.506353
24700,0.486071,0.505899
24800,0.489691,0.50428
24900,0.489948,0.501899
25000,0.494702,0.500067
25100,0.483743,0.498847
25200,0.473686,0.497073
25300,0.489103,0.495164
25400,0.484181,0.493055
25500,0.49233,0.491557
25600,0.471285,0.489017
25700,0.474043,0.487326
25800,0.473477,0.48646
25900,0.487848,0.485839
26000,0.487298,0.485281
26100,0.490944,0.484619
26200,0.496313,0.483959
26300,0.485894,0.483698
26400,0.495881,0.483756
26500,0.481197,0.483517
26600,0.49023,0.482771
26700,0.489361,0.482956
26800,0.495111,0.482508
26900,0.488818,0.482339
27000,0.476551,0.482335
27100,0.491661,0.482015
27200,0.489656,0.482701
27300,0.470047,0.482573
27400,0.481504,0.483141
27500,0.479503,0.482674
27600,0.498543,0.482854
27700,0.489823,0.483083
27800,0.478219,0.482593
27900,0.492639,0.482988
28000,0.491989,0.482934
28100,0.49528,0.482597
28200,0.477069,0.482374
28300,0.495016,0.482016
28400,0.487593,0.481908
28500,0.482656,0.481336
28600,0.476995,0.4803
28700,0.492019,0.479883
28800,0.478845,0.479779
28900,0.486799,0.480504
29000,0.492129,0.480628
29100,0.480675,0.480507
29200,0.489955,0.480514
29300,0.481441,0.481234
29400,0.491081,0.481738
29500,0.496501,0.481833
29600,0.483533,0.482721
29700,0.486944,0.484037
29800,0.484285,0.485244
29900,0.479515,0.485182
30000,0.487472,0.486252
30100,0.485899,0.485567
30200,0.475537,0.48585
30300,0.469364,0.486012
30400,0.495959,0.487391
30500,0.492953,0.486623
30600,0.488102,0.486216
30700,0.470938,0.485305
30800,0.477872,0.484696
30900,0.492171,0.484225
31000,0.485515,0.48319
31100,0.467476,0.481788
31200,0.486001,0.480982
31300,0.4861,0.479639
31400,0.489419,0.47883
31500,0.482955,0.478029
31600,0.495484,0.477561
31700,0.488533,0.475957
31800,0.480578,0.475477
31900,0.473109,0.474877
32000,0.495626,0.474981
32100,0.482245,0.47475
32200,0.488403,0.474538
32300,0.494247,0.47397
32400,0.492835,0.473509
32500,0.490687,0.472862
32600,0.489749,0.472008
32700,0.491895,0.471178
32800,0.482332,0.469615
32900,0.496284,0.467948
33000,0.482786,0.467611
33100,0.48212,0.466376
33200,0.483451,0.465443
33300,0.477975,0.464107
33400,0.471839,0.462665
33500,0.486416,0.460973
33600,0.493793,0.459764
33700,0.488758,0.458814
33800,0.475281,0.457205
33900,0.460753,0.455726
34000,0.467039,0.454788
34100,0.473527,0.453992
34200,0.477405,0.454454
34300,0.490499,0.454866
34400,0.494705,0.454973
34500,0.484516,0.454856
34600,0.483177,0.455215
34700,0.492262,0.45669
34800,0.474897,0.457675
34900,0.487236,0.457941
35000,0.47598,0.458345
35100,0.488719,0.458781
35200,0.486133,0.459481
35300,0.489739,0.459836
35400,0.491604,0.460349
35500,0.492504,0.460534
35600,0.488854,0.460846
35700,0.488228,0.460713
35800,0.48,0.460361
35900,0.479699,0.460074
36000,0.486997,0.460117
36100,0.476159,0.459285
36200,0.47387,0.460074
36300,0.486144,0.46016
36400,0.484453,0.460061
36500,0.490329,0.460088
36600,0.483326,0.459582
36700,0.492145,0.460369
36800,0.481976,0.45981
36900,0.493242,0.459618
37000,0.490857,0.459372
37100,0.494676,0.458743
37200,0.489326,0.458898
37300,0.494791,0.458179
37400,0.487149,0.457692
37500,0.485903,0.457103
37600,0.484318,0.455873
37700,0.487726,0.454863
37800,0.484937,0.453586
37900,0.472346,0.453032
38000,0.480893,0.45269
38100,0.48326,0.45268
38200,0.476324,0.452497
38300,0.491034,0.452017
38400,0.483673,0.45104
38500,0.492663,0.4502
38600,0.486813,0.448732
38700,0.486606,0.447795
38800,0.473738,0.447332
38900,0.481681,0.44755
39000,0.479784,0.447806
39100,0.483807,0.448273
39200,0.484741,0.449402
39300,0.487077,0.450691
39400,0.490806,0.451751
39500,0.484861,0.452723
39600,0.489312,0.453828
39700,0.481857,0.454606
39800,0.474887,0.455402
39900,0.480957,0.45686
40000,0.488447,0.456755
40100,0.486821,0.457209
40200,0.482298,0.457694
40300,0.48,0.457517
40400,0.475889,0.458391
40500,0.474524,0.458913
40600,0.476803,0.458609
40700,0.48499,0.45895
40800,0.482335,0.4589
40900,0.490964,0.458232
41000,0.489612,0.456863
41100,0.48399,0.45546
41200,0.488349,0.45431
41300,0.477407,0.453521
41400,0.470024,0.452569
41500,0.479051,0.452039
41600,0.481784,0.450833
41700,0.478956,0.450253
41800,0.458712,0.451303
41900,0.466124,0.451647
42000,0.476612,0.452226
42100,0.483253,0.452843
42200,0.487529,0.45341
42300,0.483347,0.454113
42400,0.480493,0.455266
42500,0.480868,0.456128
42600,0.481056,0.457452
42700,0.473814,0.458789
42800,0.489141,0.460424
42900,0.492641,0.462251
43000,0.486216,0.464879
43100,0.483543,0.46683
43200,0.480956,0.469763
43300,0.480865,0.472032
43400,0.489738,0.473834
43500,0.493743,0.475618
43600,0.490626,0.477271
43700,0.487909,0.478326
43800,0.492864,0.479372
43900,0.481054,0.478922
44000,0.495482,0.479035
44100,0.48367,0.47957
44200,0.476044,0.479306
44300,0.480343,0.479411
44400,0.484507,0.479672
44500,0.478433,0.479925
44600,0.492889,0.479099
44700,0.490415,0.478408
44800,0.488431,0.477713
44900,0.494626,0.476631
45000,0.483448,0.475863
45100,0.475163,0.475972
45200,0.481677,0.475862
45300,0.492111,0.474804
45400,0.494397,0.474218
45500,0.482296,0.474006
45600,0.49391,0.474019
45700,0.477331,0.475009
45800,0.486069,0.476112
45900,0.489935,0.47687
46000,0.49047,0.478334
46100,0.48886,0.479234
46200,0.493021,0.480016
46300,0.484778,0.480482
46400,0.495949,0.481227
46500,0.493209,0.481785
46600,0.48871,0.48198
46700,0.488047,0.482822
46800,0.491331,0.483373
46900,0.484558,0.483928
47000,0.498361,0.484533
47100,0.482549,0.485696
47200,0.495279,0.486454
47300,0.498145,0.488348
47400,0.484103,0.490306
47500,0.481932,0.492135
47600,0.492973,0.493472
47700,0.494382,0.49544
47800,0.482372,0.496304
47900,0.498555,0.497522
48000,0.492298,0.499119
48100,0.49599,0.499804
48200,0.493504,0.501309
48300,0.491644,0.502665
48400,0.49133,0.503759
48500,0.489031,0.505024
48600,0.484987,0.505711
48700,0.479956,0.50677
48800,0.4858,0.508635
48900,0.476747,0.509013
49000,0.469203,0.510557
49100,0.467275,0.512503
49200,0.465692,0.513475
49300,0.472161,0.514315
49400,0.479726,0.514513
49500,0.478818,0.515687
49600,0.489532,0.516524
49700,0.478907,0.517011
49800,0.492449,0.517017
49900,0.475848,0.517118
50000,0.484708,0.51768
50100,0.483782,0.518043
50200,0.490493,0.518462
50300,0.461518,0.519372
50400,0.474894,0.519658
50500,0.478326,0.520085
50600,0.491465,0.519995
50700,0.48687,0.519971
50800,0.476499,0.519607
50900,0.489035,0.519417
51000,0.49507,0.519121
51100,0.48742,0.519242
51200,0.488892,0.519364
51300,0.492896,0.51963
51400,0.4826,0.519772
51500,0.483216,0.519991
51600,0.481114,0.519449
51700,0.487875,0.519659
51800,0.494589,0.519508
51900,0.488105,0.520565
52000,0.48847,0.521459
52100,0.484856,0.522661
52200,0.464629,0.523788
52300,0.477239,0.52467
52400,0.477495,0.525195
52500,0.487028,0.526004
52600,0.484475,0.526066
52700,0.493703,0.526678
52800,0.482318,0.526964
52900,0.466758,0.527607
53000,0.488189,0.528942
53100,0.495551,0.529082
53200,0.48666,0.529352
53300,0.491842,0.528819
53400,0.491987,0.528427
53500,0.497189,0.527888
53600,0.479945,0.528534
53700,0.489649,0.528649
53800,0.484525,0.528049
53900,0.494734,0.52768
54000,0.492842,0.526392
54100,0.478916,0.526284
54200,0.491177,0.525331
54300,0.491475,0.524634
54400,0.488511,0.524069
54500,0.482314,0.523549
54600,0.486701,0.522168
54700,0.484523,0.52168
54800,0.483484,0.52052
54900,0.482167,0.520211
55000,0.49323,0.51977
55100,0.497768,0.518991
55200,0.493363,0.517293
55300,0.482247,0.515101
55400,0.475937,0.513191
55500,0.494219,0.510146
55600,0.490278,0.508259
55700,0.488466,0.505642
55800,0.484607,0.503703
55900,0.482993,0.50222
56000,0.493591,0.500411
56100,0.495523,0.498223
56200,0.491559,0.496356
56300,0.486637,0.494562
56400,0.492951,0.49428
56500,0.484311,0.493918
56600,0.479466,0.493173
56700,0.490752,0.492593
56800,0.495871,0.492352
56900,0.488497,0.491606
57000,0.471762,0.490825
57100,0.490889,0.490079
57200,0.490978,0.48973
57300,0.492613,0.489909
57400,0.480212,0.490641
57500,0.486505,0.491025
57600,0.487557,0.490637
57700,0.491718,0.490948
57800,0.494795,0.490208
57900,0.494651,0.490434
58000,0.485486,0.489876
58100,0.495692,0.489504
58200,0.482693,0.488472
58300,0.491905,0.487977
58400,0.498721,0.487464
58500,0.491783,0.486775
58600,0.489403,0.487074
58700,0.496915,0.486786
58800,0.484469,0.486294
58900,0.490872,0.485762
59000,0.493887,0.485682
59100,0.474116,0.485521
59200,0.48543,0.485936
59300,0.493116,0.484974
59400,0.478285,0.484442
59500,0.490222,0.484811
59600,0.483847,0.485684
59700,0.4927,0.486944
59800,0.485511,0.487768
59900,0.481976,0.489462
60000,0.489411,0.49147
60100,0.485941,0.493087
60200,0.489509,0.494519
60300,0.487981,0.496115
60400,0.492636,0.497223
60500,0.49112,0.499092
60600,0.478437,0.500342
60700,0.464442,0.501882
60800,0.466446,0.503407
60900,0.496054,0.504933
61000,0.487099,0.506505
61100,0.488839,0.50782
61200,0.492147,0.509045
61300,0.491811,0.509299
61400,0.492078,0.509814
61500,0.496324,0.51073
61600,0.493797,0.512363
61700,0.481117,0.513092
61800,0.488383,0.513391
61900,0.482208,0.514059
62000,0.491953,0.514472
62100,0.487606,0.515667
62200,0.486598,0.516713
62300,0.496332,0.517037
62400,0.483934,0.517921
62500,0.475269,0.519744
62600,0.491311,0.521629
62700,0.473341,0.522756
62800,0.487159,0.524287
62900,0.474433,0.525858
63000,0.488884,0.528551
63100,0.492496,0.530328
63200,0.494632,0.531883
63300,0.487065,0.533377
63400,0.483519,0.534895
63500,0.48877,0.535746
63600,0.484228,0.536121
63700,0.473514,0.537202
63800,0.48532,0.539524
63900,0.473886,0.540919
64000,0.489057,0.541546
64100,0.483626,0.543997
64200,0.473776,0.5463
64300,0.487048,0.548114
64400,0.487994,0.549829
64500,0.47492,0.551033
64600,0.477107,0.553148
64700,0.48277,0.553959
64800,0.474861,0.555218
64900,0.479067,0.556025
65000,0.482277,0.556558
65100,0.482871,0.55725
65200,0.491922,0.557231
65300,0.484504,0.557877
65400,0.482586,0.558877
65500,0.484071,0.560508
65600,0.48462,0.562041
65700,0.483803,0.56396
65800,0.484605,0.56577
65900,0.479818,0.567356
66000,0.484456,0.569354
66100,0.471033,0.57051
66200,0.481149,0.571739
66300,0.469738,0.573409
66400,0.472242,0.574794
66500,0.467689,0.575605
66600,0.472648,0.575943
66700,0.470931,0.577637
66800,0.477236,0.579074
66900,0.47021,0.580503
67000,0.473754,0.581935
67100,0.47036,0.582949
67200,0.469692,0.584154
67300,0.452839,0.585479
67400,0.471825,0.587402
67500,0.472688,0.588474
67600,0.456872,0.590783
67700,0.465363,0.592359
67800,0.459755,0.592986
67900,0.469236,0.594508
68000,0.472573,0.594746
68100,0.466924,0.595753
68200,0.481789,0.596958
68300,0.472152,0.597885
68400,0.460039,0.598396
68500,0.465146,0.599426
68600,0.470291,0.600379
68700,0.461687,0.602212
68800,0.460138,0.604209
68900,0.462323,0.605529
69000,0.468598,0.607258
69100,0.472144,0.608698
69200,0.459388,0.610745
69300,0.450171,0.612078
69400,0.43908,0.614106
69500,0.438997,0.615279
69600,0.444609,0.616539
69700,0.472369,0.617722
69800,0.469366,0.617477
69900,0.469754,0.618268
70000,0.468229,0.619563
70100,0.454345,0.6197
70200,0.449173,0.620016
70300,0.424053,0.620764
70400,0.451693,0.62174
70500,0.442958,0.62307
70600,0.454501,0.624413
70700,0.442239,0.626224
70800,0.437334,0.628308
70900,0.434712,0.629991
71000,0.440547,0.631055
71100,0.436784,0.631789
71200,0.448599,0.63272
71300,0.461326,0.634429
71400,0.462284,0.636704
71500,0.439645,0.638533
71600,0.426596,0.639654
71700,0.453385,0.640538
71800,0.453672,0.641377
71900,0.455651,0.641305
72000,0.445115,0.641164
72100,0.456608,0.641344
72200,0.432079,0.640585
72300,0.431791,0.6399
72400,0.438572,0.639042
72500,0.446216,0.637308
72600,0.451874,0.636197
72700,0.449957,0.634423
72800,0.43675,0.633477
72900,0.446909,0.633061
73000,0.453775,0.632069
73100,0.460758,0.630689
73200,0.442244,0.630539
73300,0.451174,0.629569
73400,0.463111,0.628644
73500,0.446507,0.627898
73600,0.456683,0.627767
73700,0.46164,0.626801
73800,0.444747,0.626409
73900,0.456206,0.62616
74000,0.447914,0.625849
74100,0.445724,0.625576
74200,0.461977,0.625865
74300,0.462492,0.626262
74400,0.446518,0.626396
74500,0.461579,0.626117
74600,0.460763,0.625043
74700,0.461267,0.624911
74800,0.470922,0.624254
74900,0.469761,0.623947
75000,0.465062,0.623198
75100,0.459515,0.622905
75200,0.462711,0.622348
75300,0.46317,0.62202
75400,0.44202,0.621398
75500,0.46511,0.620186
75600,0.47221,0.61969
75700,0.464208,0.618935
75800,0.465783,0.618127
75900,0.46547,0.616988
76000,0.471123,0.615234
76100,0.467694,0.613938
76200,0.467875,0.612147
76300,0.465419,0.609634
76400,0.473989,0.606932
76500,0.458471,0.604854
76600,0.468793,0.604731
76700,0.459006,0.604328
76800,0.463292,0.604016
76900,0.474419,0.604115
77000,0.4647,0.603974
77100,0.471526,0.603802
77200,0.468957,0.603513
77300,0.462606,0.60359
77400,0.453688,0.603912
77500,0.47177,0.604947
77600,0.457335,0.606114
77700,0.43782,0.606533
77800,0.46901,0.608213
77900,0.462693,0.609677
78000,0.468261,0.610699
78100,0.471454,0.611942
78200,0.459873,0.613106
78300,0.468773,0.614127
78400,0.466884,0.615893
78500,0.462154,0.617215
78600,0.45754,0.617918
78700,0.451617,0.619549
78800,0.441248,0.620604
78900,0.437374,0.621236
79000,0.435282,0.622058
79100,0.425447,0.623095
79200,0.41878,0.623802
79300,0.429934,0.624157
79400,0.432781,0.625637
79500,0.450381,0.626534
79600,0.451685,0.626907
79700,0.446966,0.62793
79800,0.437632,0.629104
79900,0.462729,0.629828
80000,0.457052,0.630674
80100,0.45367,0.631324
80200,0.43845,0.63279
80300,0.435705,0.63431
80400,0.435006,0.63518
80500,0.442164,0.635588
80600,0.426977,0.636598
80700,0.429089,0.637417
80800,0.437341,0.639322
80900,0.441126,0.640783
81000,0.444198,0.642983
81100,0.435411,0.644306
81200,0.446463,0.645669
81300,0.444622,0.647101
81400,0.441607,0.648707
81500,0.449983,0.650805
81600,0.442469,0.651785
81700,0.436981,0.653051
81800,0.439002,0.654201
81900,0.439149,0.65543
82000,0.442074,0.656687
82100,0.439329,0.658004
82200,0.437852,0.659002
82300,0.433843,0.660044
82400,0.419885,0.660832
82500,0.432042,0.661694
82600,0.416973,0.663428
82700,0.434199,0.664451
82800,0.432832,0.665476
82900,0.430033,0.667202
83000,0.4396,0.668399
83100,0.428041,0.670191
83200,0.423138,0.671729
83300,0.43692,0.673639
83400,0.431952,0.676253
83500,0.432086,0.678781
83600,0.419234,0.680751
83700,0.430006,0.682968
83800,0.426461,0.684351
83900,0.431323,0.686021
84000,0.426266,0.688038
84100,0.424848,0.69022
84200,0.423167,0.691473
84300,0.423177,0.692696
84400,0.421652,0.693776
84500,0.418731,0.694556
84600,0.418787,0.69544
84700,0.418494,0.696095
84800,0.424096,0.696741
84900,0.417112,0.697244
85000,0.416738,0.697741
85100,0.411696,0.697325
85200,0.422547,0.697357
85300,0.416189,0.697557
85400,0.419437,0.697644
85500,0.420425,0.69753
85600,0.422384,0.697127
85700,0.419244,0.6964
85800,0.41616,0.696096
85900,0.409229,0.695218
86000,0.422279,0.69444
86100,0.410562,0.693475
86200,0.410587,0.692441
86300,0.418363,0.691104
86400,0.422425,0.690273
86500,0.427947,0.689752
86600,0.41844,0.689372
86700,0.420744,0.688619
86800,0.418999,0.689126
86900,0.423348,0.689212
87000,0.416616,0.689785
87100,0.413681,0.689197
87200,0.415373,0.688677
87300,0.419259,0.688931
87400,0.414432,0.689058
87500,0.423202,0.68899
87600,0.427978,0.688488
87700,0.417367,0.688154
87800,0.411821,0.687306
87900,0.399362,0.687577
88000,0.395601,0.687098
88100,0.403294,0.686472
88200,0.418339,0.685637
88300,0.410512,0.685251
88400,0.429227,0.684244
88500,0.43131,0.684673
88600,0.4302,0.685414
88700,0.425376,0.685198
88800,0.432173,0.685598
88900,0.431478,0.684818
89000,0.422563,0.685058
89100,0.420587,0.685001
89200,0.416921,0.685292
89300,0.41449,0.686178
89400,0.421129,0.68679
89500,0.418118,0.687923
89600,0.421663,0.689507
89700,0.42524,0.690788
89800,0.419231,0.692088
89900,0.411479,0.693103
90000,0.423125,0.693807
90100,0.418684,0.694967
90200,0.417582,0.69592
90300,0.407213,0.696208
90400,0.41518,0.697058
90500,0.402798,0.697648
90600,0.405815,0.698202
90700,0.416524,0.69821
90800,0.410433,0.698744
90900,0.409583,0.698714
91000,0.411677,0.699038
91100,0.415333,0.699073
91200,0.409288,0.698498
91300,0.411955,0.698782
91400,0.411466,0.698448
91500,0.408774,0.698022
91600,0.410699,0.698002
91700,0.408511,0.697214
91800,0.416697,0.695802
91900,0.411555,0.694135
92000,0.419428,0.692966
92100,0.41643,0.692426
92200,0.425159,0.691715
92300,0.426061,0.690506
92400,0.422578,0.689626
92500,0.427923,0.68885
92600,0.421083,0.687251
92700,0.420297,0.68545
92800,0.428129,0.684509
92900,0.414559,0.682864
93000,0.423862,0.681869
93100,0.414656,0.681048
93200,0.42833,0.680967
93300,0.421399,0.680501
93400,0.425527,0.680452
93500,0.42662,0.680387
93600,0.427777,0.680886
93700,0.417371,0.681073
93800,0.413914,0.682109
93900,0.414007,0.682573
94000,0.427888,0.684024
94100,0.427348,0.684722
94200,0.429072,0.685459
94300,0.428156,0.686786
94400,0.409692,0.688443
94500,0.413012,0.689986
94600,0.422812,0.691351
94700,0.411291,0.693451
94800,0.409683,0.694355
94900,0.413857,0.695984
95000,0.414552,0.696769
95100,0.41475,0.697235
95200,0.418062,0.69769
95300,0.415706,0.698327
95400,0.413889,0.698841
95500,0.40059,0.698707
95600,0.388521,0.699793
95700,0.399058,0.700076
95800,0.398783,0.700466
95900,0.411069,0.701478
96000,0.408834,0.701614
96100,0.40113,0.701725
96200,0.404511,0.701801
96300,0.416557,0.701407
96400,0.41427,0.702103
96500,0.419214,0.70213
96600,0.421442,0.702078
96700,0.416124,0.70234
96800,0.417085,0.702106
96900,0.406889,0.70182
97000,0.411879,0.701743
97100,0.414801,0.701146
97200,0.421006,0.700076
97300,0.4186,0.699645
97400,0.412016,0.699282
97500,0.421514,0.69889
97600,0.424948,0.698007
97700,0.399162,0.697615
97800,0.40802,0.696825
97900,0.418075,0.69566
98000,0.405559,0.694742
98100,0.413234,0.692813
98200,0.411397,0.691686
98300,0.420975,0.690809
98400,0.428274,0.68989
98500,0.42553,0.688914
98600,0.422422,0.688261
98700,0.420498,0.6873
98800,0.411967,0.686727
98900,0.410752,0.686367
99000,0.412273,0.685643
99100,0.414623,0.685611
99200,0.42471,0.686099
99300,0.420081,0.686981
99400,0.421829,0.687548
99500,0.407944,0.688483
99600,0.409138,0.689552
99700,0.420184,0.691062
99800,0.425746,0.692271
99900,0.419846,0.69354
