0,0.499999,0.50007
100,0.485927,0.500207
200,0.488613,0.4998
300,0.490705,0.500382
400,0.490797,0.50031
500,0.489376,0.501447
600,0.485011,0.502217
700,0.498303,0.503125
800,0.492043,0.504464
900,0.490858,0.506122
1000,0.490456,0.506668
1100,0.483073,0.507292
1200,0.483474,0.507615
1300,0.493754,0.507771
1400,0.483808,0.508377
1500,0.489268,0.508766
1600,0.488114,0.508968
1700,0.490259,0.509522
1800,0.492787,0.509763
1900,0.476911,0.510477
2000,0.491806,0.511245
2100,0.49434,0.51268
2200,0.489973,0.513333
2300,0.48787,0.513894
2400,0.489575,0.514338
2500,0.49278,0.514233
2600,0.49111,0.513583
2700,0.480314,0.514412
2800,0.495446,0.514933
2900,0.483429,0.515422
3000,0.490312,0.515074
3100,0.483164,0.5144
3200,0.490768,0.515071
3300,0.480013,0.514924
3400,0.492812,0.514608
3500,0.487537,0.513831
3600,0.488573,0.513364
3700,0.484378,0.513097
3800,0.463877,0.512833
3900,0.474639,0.512149
4000,0.486066,0.511201
4100,0.494485,0.510267
4200,0.477621,0.51046
4300,0.495154,0.510327
4400,0.495523,0.510568
4500,0.494772,0.510819
4600,0.493483,0.511124
4700,0.488736,0.511683
4800,0.472455,0.511939
4900,0.490185,0.51358
5000,0.489519,0.514266
5100,0.49166,0.514085
5200,0.49102,0.514852
5300,0.492469,0.516143
5400,0.48229,0.516811
5500,0.48928,0.517693
5600,0.491464,0.518443
5700,0.492159,0.519523
5800,0.483627,0.521105
5900,0.490825,0.522815
6000,0.49029,0.524928
6100,0.482194,0.526131
6200,0.494571,0.527007
6300,0.489633,0.528403
6400,0.49557,0.52952
6500,0.492538,0.530969
6600,0.490549,0.532503
6700,0.488938,0.53412
6800,0.481764,0.5353
6900,0.489181,0.536559
7000,0.489253,0.537699
7100,0.483149,0.539718
7200,0.486101,0.542374
7300,0.491492,0.54465
7400,0.488588,0.546436
7500,0.488697,0.548265
7600,0.491496,0.549916
7700,0.474679,0.550995
7800,0.485911,0.551815
7900,0.491682,0.552996
8000,0.478887,0.553348
8100,0.488195,0.554057
8200,0.487047,0.55423
8300,0.4818,0.554808
8400,0.475862,0.554926
8500,0.482024,0.555189
8600,0.470906,0.555495
8700,0.472192,0.555399
8800,0.47156,0.55539
8900,0.474062,0.55493
9000,0.483006,0.554603
9100,0.490361,0.554014
9200,0.487899,0.553499
9300,0.479744,0.552647
9400,0.489593,0.552011
9500,0.477636,0.551399
9600,0.471331,0.550878
9700,0.493899,0.550687
9800,0.489673,0.550979
9900,0.487376,0.550928
10000,0.486561,0.551197
10100,0.480704,0.551384
10200,0.492152,0.551627
10300,0.490128,0.551569
10400,0.462862,0.552374
10500,0.483998,0.552525
10600,0.477731,0.552379
10700,0.478257,0.552374
10800,0.485812,0.55223
10900,0.494111,0.551989
11000,0.491594,0.551064
11100,0.490828,0.549453
11200,0.485577,0.549651
11300,0.491069,0.54881
11400,0.488185,0.547972
11500,0.489392,0.547516
11600,0.486204,0.546428
11700,0.488952,0.545386
11800,0.486969,0.545129
11900,0.490057,0.54459
12000,0.48011,0.544901
12100,0.491704,0.544141
12200,0.478904,0.544337
12300,0.49333,0.543445
12400,0.489844,0.543059
12500,0.488851,0.543155
12600,0.494514,0.543209
12700,0.492047,0.543184
12800,0.47596,0.543135
12900,0.487369,0.542942
13000,0.487345,0.543336
13100,0.474409,0.544335
13200,0.478227,0.544733
13300,0.473069,0.545916
13400,0.481559,0.546809
13500,0.47162,0.548241
13600,0.474717,0.549615
13700,0.486684,0.550643
13800,0.4819,0.55117
13900,0.487739,0.552855
14000,0.487469,0.553749
14100,0.481033,0.555609
14200,0.482233,0.556849
14300,0.47841,0.557804
14400,0.484589,0.558535
14500,0.485161,0.560508
14600,0.486644,0.562274
14700,0.486708,0.564172
14800,0.475699,0.565803
14900,0.482912,0.567106
15000,0.468784,0.56826
15100,0.470091,0.569644
15200,0.474152,0.571111
15300,0.474732,0.572056
15400,0.481103,0.572569
15500,0.485896,0.573599
15600,0.481241,0.574548
15700,0.483763,0.575814
15800,0.475637,0.576574
15900,0.47436,0.577247
16000,0.483441,0.578163
16100,0.485737,0.579843
16200,0.475676,0.580719
16300,0.485679,0.58127
16400,0.473924,0.581843
16500,0.476307,0.581863
16600,0.483401,0.581958
16700,0.476567,0.582135
16800,0.476487,0.582498
16900,0.47045,0.581935
17000,0.477693,0.581382
17100,0.463533,0.580721
17200,0.472572,0.58009
17300,0.476245,0.579479
17400,0.477922,0.579673
17500,0.481545,0.578973
17600,0.476415,0.578527
17700,0.472196,0.57851
17800,0.455137,0.578725
17900,0.482238,0.578137
18000,0.468605,0.577533
18100,0.480335,0.577034
18200,0.464483,0.576465
18300,0.48311,0.577186
18400,0.465984,0.577252
18500,0.470161,0.577971
18600,0.481362,0.57802
18700,0.480858,0.578211
18800,0.474793,0.578426
18900,0.467136,0.578783
19000,0.474189,0.578918
19100,0.482285,0.579739
19200,0.476816,0.580161
19300,0.484651,0.580237
19400,0.476425,0.580413
19500,0.462969,0.580684
19600,0.473302,0.580973
19700,0.47417,0.581185
19800,0.469829,0.582292
19900,0.477405,0.583132
20000,0.475449,0.584051
20100,0.474723,0.584777
20200,0.475889,0.585433
20300,0.465889,0.586482
20400,0.472067,0.587335
20500,0.463203,0.588466
20600,0.479701,0.589362
20700,0.472193,0.589966
20800,0.472305,0.590046
20900,0.476097,0.590993
21000,0.463945,0.591639
21100,0.477285,0.59172
21200,0.470784,0.592692
21300,0.466738,0.593259
21400,0.477491,0.594318
21500,0.469419,0.594683
21600,0.479552,0.594737
21700,0.471254,0.594104
21800,0.462446,0.594507
21900,0.468849,0.594746
22000,0.477904,0.595237
22100,0.46503,0.594872
22200,0.47139,0.5938
22300,0.474493,0.592621
22400,0.466573,0.591581
22500,0.478444,0.590965
22600,0.481539,0.589657
22700,0.483904,0.588669
22800,0.470346,0.588084
22900,0.47506,0.585702
23000,0.474596,0.583747
23100,0.470496,0.582034
23200,0.474366,0.579583
23300,0.460783,0.576834
23400,0.48407,0.574565
23500,0.485327,0.572435
23600,0.483684,0.571263
23700,0.485521,0.569379
23800,0.486778,0.568292
23900,0.485362,0.567349
24000,0.481422,0.565213
24100,0.47119,0.563825
24200,0.477674,0.562752
24300,0.484393,0.561308
24400,0.486315,0.559752
24500,0.489063,0.557667
24600,0.47652,0.55657
24700,0.480896,0.554978
24800,0.467667,0.553394
24900,0.473111,0.551233
25000,0.474186,0.549923
25100,0.492064,0.548671
25200,0.485526,0.546775
25300,0.477243,0.545754
25400,0.477216,0.544139
25500,0.481514,0.543156
25600,0.470953,0.5424
25700,0.487683,0.541289
25800,0.49251,0.539541
25900,0.49042,0.537788
26000,0.463579,0.536581
26100,0.485596,0.535545
26200,0.479387,0.534456
26300,0.492511,0.533976
26400,0.491123,0.532709
26500,0.465249,0.531976
26600,0.476992,0.530332
26700,0.480077,0.529895
26800,0.4893,0.529036
26900,0.489192,0.528947
27000,0.479432,0.528312
27100,0.487961,0.52858
27200,0.489289,0.52935
27300,0.47738,0.530146
27400,0.482945,0.530506
27500,0.495313,0.531997
27600,0.490696,0.5333
27700,0.482788,0.534254
27800,0.4654,0.535417
27900,0.453674,0.53631
28000,0.465703,0.537328
28100,0.457613,0.539194
28200,0.472378,0.54013
28300,0.469882,0.540686
28400,0.480517,0.54178
28500,0.493041,0.543944
28600,0.490643,0.54588
28700,0.492515,0.547108
28800,0.479285,0.548857
28900,0.47911,0.550729
29000,0.471118,0.552595
29100,0.466259,0.5539
29200,0.473279,0.555658
29300,0.488724,0.557702
29400,0.45843,0.559435
29500,0.481968,0.559987
29600,0.467438,0.561286
29700,0.475949,0.562411
29800,0.486879,0.563599
29900,0.472417,0.565286
30000,0.473344,0.566617
30100,0.478175,0.568651
30200,0.478326,0.570352
30300,0.483384,0.572441
30400,0.486618,0.573304
30500,0.480241,0.573927
30600,0.476087,0.574972
30700,0.474001,0.576295
30800,0.486948,0.576591
30900,0.480567,0.577964
31000,0.482776,0.577927
31100,0.479471,0.578332
31200,0.482956,0.577141
31300,0.471734,0.577472
31400,0.47706,0.577253
31500,0.481701,0.578232
31600,0.476498,0.57865
31700,0.484426,0.578913
31800,0.483451,0.57949
31900,0.481262,0.580289
32000,0.462024,0.581331
32100,0.466832,0.580957
32200,0.450644,0.580685
32300,0.455934,0.581112
32400,0.467423,0.581213
32500,0.477348,0.582139
32600,0.477287,0.583346
32700,0.479748,0.584395
32800,0.458123,0.58537
32900,0.470604,0.586704
33000,0.471553,0.588303
33100,0.45996,0.590299
33200,0.469403,0.590499
33300,0.468329,0.591834
33400,0.474098,0.592988
33500,0.473897,0.594356
33600,0.480324,0.59475
33700,0.461304,0.595155
33800,0.468513,0.596637
33900,0.468423,0.597682
34000,0.473393,0.599022
34100,0.477248,0.59988
34200,0.475576,0.600841
34300,0.470935,0.601471
34400,0.47526,0.601794
34500,0.467025,0.601505
34600,0.472937,0.60151
34700,0.463835,0.601301
34800,0.473537,0.601422
34900,0.463821,0.602357
35000,0.471783,0.602153
35100,0.470001,0.602352
35200,0.449915,0.60197
35300,0.472446,0.602442
35400,0.466322,0.602843
35500,0.460114,0.602706
35600,0.461777,0.602593
35700,0.462496,0.602897
35800,0.455178,0.602122
35900,0.456273,0.600929
36000,0.476272,0.600236
36100,0.478859,0.598187
36200,0.477093,0.596847
36300,0.476433,0.59525
36400,0.479482,0.59324
36500,0.466272,0.591417
36600,0.474918,0.589938
36700,0.478066,0.588292
36800,0.45464,0.587058
36900,0.467381,0.584683
37000,0.47767,0.582737
37100,0.481153,0.580109
37200,0.471635,0.578306
37300,0.46457,0.576839
37400,0.473192,0.575627
37500,0.481246,0.573844
37600,0.478546,0.572348
37700,0.480488,0.57129
37800,0.472585,0.569767
37900,0.484149,0.569797
38000,0.483742,0.569479
38100,0.472777,0.56942
38200,0.477374,0.569164
38300,0.459334,0.569404
38400,0.460985,0.569232
38500,0.460673,0.569689
38600,0.450447,0.570481
38700,0.474891,0.570398
38800,0.473804,0.570905
38900,0.476772,0.571934
39000,0.477621,0.572921
39100,0.481782,0.573957
39200,0.482687,0.575934
39300,0.474384,0.578178
39400,0.476503,0.580887
39500,0.476674,0.582221
39600,0.478387,0.584209
39700,0.463959,0.585609
39800,0.474228,0.587233
39900,0.475431,0.589544
40000,0.476145,0.591059
40100,0.470283,0.593304
40200,0.47366,0.595301
40300,0.479605,0.596958
40400,0.464355,0.599088
40500,0.470357,0.600124
40600,0.467336,0.600582
40700,0.471702,0.601875
40800,0.471856,0.602157
40900,0.471057,0.602612
41000,0.470803,0.603149
41100,0.475404,0.603183
41200,0.452579,0.601575
41300,0.461919,0.600612
41400,0.478617,0.600387
41500,0.474801,0.600311
41600,0.463642,0.600937
41700,0.475026,0.601003
41800,0.474436,0.601356
41900,0.461353,0.601043
42000,0.453884,0.599885
42100,0.443249,0.599226
42200,0.441762,0.598318
42300,0.456749,0.59799
42400,0.469877,0.597381
42500,0.470023,0.597466
42600,0.465059,0.596508
42700,0.467182,0.595687
42800,0.477318,0.5948
42900,0.479393,0.593853
43000,0.474584,0.592555
43100,0.462532,0.591741
43200,0.472263,0.591094
43300,0.481173,0.589902
43400,0.480275,0.589464
43500,0.463559,0.58868
43600,0.473289,0.587904
43700,0.461318,0.58744
43800,0.471143,0.58686
43900,0.478587,0.586146
44000,0.481062,0.585329
44100,0.474927,0.584876
44200,0.477061,0.58443
44300,0.462107,0.584495
44400,0.471514,0.58427
44500,0.474789,0.583864
44600,0.477031,0.584304
44700,0.476889,0.58526
44800,0.466648,0.58596
44900,0.455233,0.586304
45000,0.481723,0.585745
45100,0.469576,0.585898
45200,0.485241,0.585395
45300,0.468774,0.585281
45400,0.481399,0.584611
45500,0.454721,0.58386
45600,0.466129,0.582543
45700,0.483123,0.580502
45800,0.48148,0.578934
45900,0.482727,0.576589
46000,0.477119,0.574618
46100,0.482654,0.572383
46200,0.485114,0.569534
46300,0.468116,0.567299
46400,0.456453,0.564822
46500,0.46679,0.562519
46600,0.468729,0.560549
46700,0.47378,0.558075
46800,0.46638,0.556075
46900,0.472599,0.553885
47000,0.482028,0.551799
47100,0.490155,0.550331
47200,0.478475,0.548661
47300,0.481198,0.546314
47400,0.480894,0.543892
47500,0.48946,0.541157
47600,0.486099,0.538718
47700,0.491958,0.536008
47800,0.493044,0.532867
47900,0.486235,0.531334
48000,0.491275,0.53007
48100,0.48288,0.52842
48200,0.490228,0.52705
48300,0.492586,0.526116
48400,0.493671,0.52496
48500,0.486925,0.524236
48600,0.489357,0.523229
48700,0.475042,0.52267
48800,0.47192,0.522583
48900,0.486952,0.522714
49000,0.489437,0.522607
49100,0.485148,0.523094
49200,0.490008,0.523216
49300,0.483572,0.523567
49400,0.486321,0.523653
49500,0.488158,0.52378
49600,0.490474,0.524376
49700,0.487238,0.524555
49800,0.4956,0.524323
49900,0.494976,0.524156
50000,0.494207,0.52335
50100,0.493082,0.522046
50200,0.494366,0.521405
50300,0.490342,0.520473
50400,0.494666,0.519573
50500,0.478857,0.518349
50600,0.492287,0.516936
50700,0.488448,0.515556
50800,0.492189,0.514884
50900,0.492028,0.513938
51000,0.48883,0.51255
51100,0.488382,0.51123
51200,0.490459,0.510046
51300,0.493083,0.508847
51400,0.495811,0.507519
51500,0.486279,0.507116
51600,0.495848,0.505767
51700,0.495011,0.505389
51800,0.492944,0.504154
51900,0.485201,0.503459
52000,0.469915,0.502362
52100,0.468755,0.500788
52200,0.469797,0.499499
52300,0.465358,0.498211
52400,0.474122,0.497584
52500,0.493056,0.497624
52600,0.495655,0.496909
52700,0.494977,0.496034
52800,0.4781,0.494873
52900,0.479308,0.494512
53000,0.475081,0.493453
53100,0.489718,0.492371
53200,0.485211,0.491711
53300,0.475735,0.491866
53400,0.483262,0.490935
53500,0.493946,0.490065
53600,0.494807,0.489698
53700,0.493594,0.488919
53800,0.496414,0.487902
53900,0.495163,0.487178
54000,0.484325,0.486911
54100,0.493282,0.486645
54200,0.492215,0.486334
54300,0.492767,0.486623
54400,0.482638,0.486962
54500,0.472258,0.487686
54600,0.491209,0.488828
54700,0.486556,0.488921
54800,0.480699,0.488859
54900,0.489207,0.48954
55000,0.492679,0.490102
55100,0.487838,0.490572
55200,0.494962,0.491456
55300,0.49605,0.492558
55400,0.49306,0.493653
55500,0.492319,0.494439
55600,0.485625,0.496204
55700,0.493336,0.496898
55800,0.483799,0.496875
55900,0.493228,0.497136
56000,0.49543,0.496526
56100,0.484504,0.496577
56200,0.494496,0.496276
56300,0.491052,0.495373
56400,0.48311,0.494032
56500,0.481795,0.493656
56600,0.494893,0.492058
56700,0.490022,0.490998
56800,0.495834,0.490671
56900,0.482276,0.489273
57000,0.497057,0.488585
57100,0.49597,0.487568
57200,0.494555,0.487451
57300,0.494785,0.487161
57400,0.47716,0.487186
57500,0.483675,0.486714
57600,0.494519,0.486542
57700,0.48853,0.486297
57800,0.48136,0.486312
57900,0.490356,0.485629
58000,0.481342,0.486329
58100,0.4893,0.487095
58200,0.495148,0.487517
58300,0.499005,0.488405
58400,0.490595,0.488996
58500,0.489981,0.489907
58600,0.483488,0.492072
58700,0.489832,0.492286
58800,0.46732,0.493825
58900,0.482109,0.495115
59000,0.487018,0.495663
59100,0.475713,0.496757
59200,0.477816,0.497962
59300,0.480848,0.499173
59400,0.475211,0.500534
59500,0.490729,0.501883
59600,0.493323,0.503606
59700,0.495792,0.505664
59800,0.494194,0.50681
59900,0.492918,0.508934
60000,0.48981,0.511033
60100,0.48531,0.512548
60200,0.494692,0.514961
60300,0.488452,0.516902
60400,0.497659,0.517853
60500,0.490231,0.519296
60600,0.491331,0.519726
60700,0.481919,0.52128
60800,0.474189,0.522741
60900,0.484369,0.524091
61000,0.492826,0.524843
61100,0.485644,0.525416
61200,0.486646,0.52646
61300,0.491079,0.526558
61400,0.490552,0.526408
61500,0.488607,0.526501
61600,0.491288,0.527535
61700,0.48508,0.527629
61800,0.469235,0.527659
61900,0.475396,0.52738
62000,0.486277,0.526517
62100,0.48446,0.52561
62200,0.484707,0.524799
62300,0.486239,0.525332
62400,0.480655,0.524744
62500,0.472452,0.52461
62600,0.485193,0.524617
62700,0.478555,0.524658
62800,0.484896,0.525621
62900,0.476507,0.525883
63000,0.49162,0.525951
63100,0.484869,0.526216
63200,0.480877,0.526966
63300,0.476742,0.526736
63400,0.469782,0.527968
63500,0.481106,0.528263
63600,0.489592,0.528756
63700,0.472798,0.530071
63800,0.487213,0.530961
63900,0.490565,0.531858
64000,0.491425,0.532119
64100,0.488542,0.532693
64200,0.48358,0.532711
64300,0.481816,0.532843
64400,0.482738,0.533111
64500,0.485005,0.533404
64600,0.481014,0.534257
64700,0.493606,0.534814
64800,0.476276,0.534562
64900,0.472184,0.534635
65000,0.488035,0.534373
65100,0.489175,0.534671
65200,0.477325,0.534105
65300,0.489286,0.534834
65400,0.492083,0.534761
65500,0.491733,0.533703
65600,0.486385,0.532968
65700,0.494195,0.531666
65800,0.488668,0.530563
65900,0.492955,0.530149
66000,0.479892,0.528922
66100,0.489419,0.528179
66200,0.490797,0.527096
66300,0.491598,0.526267
66400,0.494635,0.526479
66500,0.492238,0.526866
66600,0.494533,0.526359
66700,0.486834,0.525652
66800,0.495133,0.525139
66900,0.485563,0.525394
67000,0.489742,0.525506
67100,0.48524,0.525189
67200,0.492889,0.525115
67300,0.48782,0.524944
67400,0.491716,0.524608
67500,0.481619,0.5245
67600,0.483917,0.524245
67700,0.493667,0.524699
67800,0.486582,0.524905
67900,0.48615,0.52378
68000,0.48097,0.52368
68100,0.482753,0.523436
68200,0.481873,0.524152
68300,0.482226,0.524903
68400,0.493819,0.525921
68500,0.488036,0.527045
68600,0.493317,0.527329
68700,0.497272,0.528289
68800,0.478518,0.528703
68900,0.496259,0.528546
69000,0.483784,0.528506
69100,0.491867,0.528855
69200,0.4835,0.528341
69300,0.493616,0.528279
69400,0.487693,0.528106
69500,0.477648,0.528542
69600,0.491642,0.528702
69700,0.489372,0.528857
69800,0.491959,0.529473
69900,0.486175,0.529347
70000,0.492706,0.529186
70100,0.484383,0.52924
70200,0.480737,0.529162
70300,0.477932,0.528854
70400,0.473371,0.528929
70500,0.472897,0.528247
70600,0.470179,0.527693
70700,0.488012,0.526284
70800,0.475998,0.525481
70900,0.487038,0.524306
71000,0.487657,0.523779
71100,0.49734,0.523321
71200,0.487223,0.521767
71300,0.493999,0.522034
71400,0.489052,0.52128
71500,0.487754,0.520718
71600,0.476753,0.520457
71700,0.486402,0.518997
71800,0.475878,0.517929
71900,0.488061,0.516957
72000,0.489839,0.51612
72100,0.485946,0.516032
72200,0.485747,0.515822
72300,0.49459,0.516038
72400,0.480552,0.514937
72500,0.486837,0.515066
72600,0.490319,0.515125
72700,0.489596,0.514646
72800,0.492167,0.513975
72900,0.48944,0.513188
73000,0.494342,0.512374
73100,0.495223,0.511824
73200,0.487888,0.512157
73300,0.467586,0.51133
73400,0.466677,0.510379
73500,0.461548,0.510933
73600,0.465049,0.511198
73700,0.488343,0.511638
73800,0.494845,0.511873
73900,0.480746,0.512349
74000,0.492236,0.512342
74100,0.485661,0.51283
74200,0.489439,0.513844
74300,0.491169,0.514535
74400,0.493155,0.514901
74500,0.483592,0.515332
74600,0.496825,0.515712
74700,0.481616,0.516131
74800,0.479401,0.515495
74900,0.490945,0.514896
75000,0.476126,0.513909
75100,0.490933,0.51364
75200,0.492801,0.512637
75300,0.492082,0.51115
75400,0.480882,0.508946
75500,0.476206,0.507091
75600,0.461433,0.505157
75700,0.477604,0.503434
75800,0.471566,0.501424
75900,0.482113,0.49866
76000,0.490526,0.496709
76100,0.494852,0.494396
76200,0.489661,0.492942
76300,0.492718,0.491061
76400,0.485239,0.489486
76500,0.491995,0.488059
76600,0.489913,0.487012
76700,0.494953,0.485419
76800,0.479528,0.484018
76900,0.489957,0.482702
77000,0.483424,0.481268
77100,0.486029,0.479512
77200,0.490406,0.478883
77300,0.48825,0.478402
77400,0.494536,0.476943
77500,0.492054,0.475809
77600,0.48804,0.475402
77700,0.493869,0.474973
77800,0.488818,0.473899
77900,0.490983,0.473401
78000,0.485519,0.471848
78100,0.487363,0.470239
78200,0.491605,0.46929
78300,0.485726,0.467461
78400,0.48739,0.465474
78500,0.485105,0.464308
78600,0.492671,0.463246
78700,0.484441,0.462139
78800,0.487166,0.460858
78900,0.481566,0.460086
79000,0.4855,0.459614
79100,0.47841,0.459554
79200,0.48911,0.459058
79300,0.473084,0.458389
79400,0.481101,0.45747
79500,0.484919,0.456536
79600,0.481743,0.455746
79700,0.478589,0.455562
79800,0.492433,0.456485
79900,0.49372,0.45715
80000,0.48714,0.458065
80100,0.491757,0.457819
80200,0.474835,0.457971
80300,0.467933,0.458255
80400,0.470604,0.458283
80500,0.491179,0.458424
80600,0.479887,0.458513
80700,0.4861,0.459378
80800,0.494208,0.46036
80900,0.488438,0.461698
81000,0.496427,0.462461
81100,0.484838,0.464651
81200,0.485627,0.466479
81300,0.491334,0.468011
81400,0.481951,0.468586
81500,0.483242,0.470051
81600,0.474661,0.471463
81700,0.49538,0.472695
81800,0.487144,0.47427
81900,0.485002,0.475674
82000,0.481658,0.477248
82100,0.474366,0.479247
82200,0.496956,0.481146
82300,0.487356,0.482169
82400,0.493862,0.484044
82500,0.490851,0.485893
82600,0.481679,0.486426
82700,0.48381,0.487747
82800,0.490517,0.487885
82900,0.497844,0.487553
83000,0.495098,0.487233
83100,0.487845,0.486925
83200,0.484968,0.486075
83300,0.483887,0.485823
83400,0.48685,0.485035
83500,0.490209,0.484599
83600,0.494347,0.484486
83700,0.494236,0.484098
83800,0.488998,0.483129
83900,0.486177,0.481914
84000,0.494502,0.481143
84100,0.48585,0.480821
84200,0.489253,0.479904
84300,0.484992,0.479737
84400,0.49,0.479315
84500,0.493987,0.478901
84600,0.484202,0.478431
84700,0.478954,0.479005
84800,0.465666,0.478757
84900,0.490051,0.478515
85000,0.494474,0.47951
85100,0.491728,0.479045
85200,0.495997,0.479581
85300,0.483832,0.480097
85400,0.497745,0.480869
85500,0.493075,0.481943
85600,0.487545,0.483001
85700,0.497826,0.483924
85800,0.480505,0.484904
85900,0.495473,0.486821
86000,0.481444,0.488596
86100,0.483463,0.490278
86200,0.492582,0.49086
86300,0.49878,0.4915
86400,0.47366,0.492303
86500,0.495821,0.492488
86600,0.484912,0.492689
86700,0.493316,0.493358
86800,0.49773,0.494373
86900,0.494194,0.495072
87000,0.491472,0.495555
87100,0.492494,0.496686
87200,0.479952,0.496932
87300,0.496237,0.497236
87400,0.487911,0.497747
87500,0.498697,0.497454
87600,0.494728,0.497393
87700,0.489296,0.496923
87800,0.496335,0.496066
87900,0.495033,0.495567
88000,0.494547,0.495965
88100,0.493364,0.495628
88200,0.484373,0.495163
88300,0.495339,0.495462
88400,0.498039,0.495344
88500,0.490551,0.494204
88600,0.488657,0.492999
88700,0.483721,0.492175
88800,0.480175,0.491119
88900,0.473374,0.489455
89000,0.477301,0.48749
89100,0.491573,0.485277
89200,0.483567,0.482989
89300,0.48852,0.481299
89400,0.495086,0.47936
89500,0.493073,0.478106
89600,0.487985,0.476191
89700,0.486946,0.474582
89800,0.497346,0.473629
89900,0.495797,0.472318
90000,0.490532,0.470605
90100,0.488576,0.470034
90200,0.485337,0.469056
90300,0.48586,0.467772
90400,0.48473,0.466322
90500,0.494995,0.465823
90600,0.487609,0.465658
90700,0.482298,0.464635
90800,0.482686,0.465413
90900,0.485445,0.466141
91000,0.483499,0.466177
91100,0.496265,0.466705
91200,0.492631,0.467511
91300,0.49142,0.468922
91400,0.488132,0.470247
91500,0.480507,0.470188
91600,0.486081,0.470624
91700,0.491934,0.471061
91800,0.492134,0.471225
91900,0.477782,0.471082
92000,0.469358,0.470036
92100,0.466396,0.469622
92200,0.480878,0.469202
92300,0.481415,0.46828
92400,0.490778,0.466721
92500,0.488198,0.46548
92600,0.491651,0.463151
92700,0.490282,0.459762
92800,0.479777,0.45625
92900,0.483548,0.453788
93000,0.481404,0.450143
93100,0.471678,0.446606
93200,0.478045,0.444036
93300,0.487471,0.441167
93400,0.482913,0.438126
93500,0.467534,0.435774
93600,0.478428,0.433713
93700,0.475419,0.431725
93800,0.484601,0.430277
93900,0.47168,0.428919
94000,0.488518,0.427438
94100,0.482376,0.426693
94200,0.487265,0.425757
94300,0.481512,0.425088
94400,0.470736,0.424897
94500,0.472003,0.425149
94600,0.477428,0.42731
94700,0.485868,0.427648
94800,0.478189,0.428549
94900,0.468738,0.430138
95000,0.467487,0.431566
95100,0.488974,0.432885
95200,0.481973,0.434432
95300,0.474182,0.435732
95400,0.48263,0.436805
95500,0.471907,0.438137
95600,0.486167,0.439519
95700,0.479734,0.440293
95800,0.472251,0.44095
95900,0.486773,0.441864
96000,0.481808,0.442832
96100,0.478051,0.44362
96200,0.483421,0.44544
96300,0.487592,0.446591
96400,0.467037,0.447642
96500,0.480526,0.448147
96600,0.480872,0.448457
96700,0.484511,0.448786
96800,0.478365,0.44846
96900,0.486802,0.449015
97000,0.488649,0.450096
97100,0.48973,0.449742
97200,0.484484,0.449801
97300,0.486477,0.449793
97400,0.482314,0.44964
97500,0.476356,0.449146
97600,0.48292,0.448397
97700,0.479213,0.448155
97800,0.486638,0.447551
97900,0.485828,0.44646
98000,0.483327,0.445065
98100,0.490034,0.444896
98200,0.49165,0.443772
98300,0.475946,0.442444
98400,0.474058,0.440982
98500,0.483996,0.439908
98600,0.48609,0.438856
98700,0.478623,0.436753
98800,0.474689,0.435126
98900,0.483933,0.432861
99000,0.476672,0.431366
99100,0.482017,0.430389
99200,0.485495,0.429608
99300,0.486839,0.427997
99400,0.484611,0.427672
99500,0.485566,0.427341
99600,0.480058,0.42588
99700,0.48316,0.4257
99800,0.488276,0.424428
99900,0.469851,0.423006
