0,0.499999,0.500003
100,0.496271,0.500593
200,0.482254,0.500801
300,0.490152,0.500364
400,0.482339,0.500241
500,0.487333,0.500866
600,0.489469,0.500116
700,0.496603,0.499933
800,0.486109,0.49975
900,0.491978,0.499106
1000,0.491085,0.498755
1100,0.4735,0.498842
1200,0.4767,0.499801
1300,0.493377,0.498748
1400,0.497332,0.498002
1500,0.488953,0.497792
1600,0.495338,0.496925
1700,0.492895,0.496137
1800,0.495998,0.496437
1900,0.489386,0.496091
2000,0.487263,0.494955
2100,0.494235,0.493728
2200,0.493833,0.492253
2300,0.485406,0.491742
2400,0.480623,0.491532
2500,0.493212,0.49098
2600,0.488505,0.489726
2700,0.48937,0.489735
2800,0.489128,0.489134
2900,0.497353,0.48917
3000,0.495933,0.48812
3100,0.49055,0.487281
3200,0.491244,0.487279
3300,0.495382,0.486978
3400,0.485604,0.486843
3500,0.488263,0.487297
3600,0.480157,0.487222
3700,0.493516,0.487353
3800,0.486238,0.488655
3900,0.489674,0.488856
4000,0.491176,0.488421
4100,0.487985,0.488705
4200,0.493288,0.489176
4300,0.481044,0.490217
4400,0.487194,0.491534
4500,0.485993,0.492626
4600,0.485257,0.494148
4700,0.494498,0.495645
4800,0.493367,0.496271
4900,0.494342,0.497323
5000,0.473833,0.498761
5100,0.485443,0.500655
5200,0.482656,0.50153
5300,0.487367,0.502844
5400,0.482815,0.504107
5500,0.491338,0.50596
5600,0.489715,0.506966
5700,0.495123,0.508358
5800,0.487348,0.510475
5900,0.490597,0.511852
6000,0.487425,0.513636
6100,0.487816,0.515005
6200,0.484353,0.516079
6300,0.485113,0.516906
6400,0.488786,0.51756
6500,0.489981,0.518003
6600,0.49839,0.518678
6700,0.493931,0.519036
6800,0.474443,0.519175
6900,0.489455,0.518886
7000,0.486461,0.518407
7100,0.480895,0.518327
7200,0.49051,0.517593
7300,0.491163,0.517414
7400,0.493946,0.516712
7500,0.494279,0.515758
7600,0.495238,0.514837
7700,0.484553,0.514868
7800,0.493776,0.51474
7900,0.483946,0.514608
8000,0.486073,0.51569
8100,0.489946,0.51612
8200,0.492267,0.51684
8300,0.496559,0.517671
8400,0.49603,0.518458
8500,0.489571,0.519216
8600,0.495237,0.520402
8700,0.492595,0.520762
8800,0.492446,0.520756
8900,0.490413,0.520899
9000,0.490661,0.521598
9100,0.484848,0.520976
9200,0.491014,0.520475
9300,0.495844,0.519805
9400,0.487793,0.519338
9500,0.481747,0.51841
9600,0.491403,0.517233
9700,0.490272,0.516612
9800,0.486344,0.515602
9900,0.491459,0.51545
10000,0.494043,0.514822
10100,0.491331,0.51315
10200,0.475837,0.511886
10300,0.482336,0.510748
10400,0.476653,0.509683
10500,0.494586,0.50911
10600,0.495757,0.508207
10700,0.495529,0.506956
10800,0.488162,0.506215
10900,0.494657,0.505024
11000,0.490294,0.504804
11100,0.471589,0.504434
11200,0.496526,0.504068
11300,0.476426,0.503804
11400,0.484763,0.503672
11500,0.494283,0.503702
11600,0.48259,0.504023
11700,0.489391,0.505309
11800,0.489424,0.505997
11900,0.485482,0.507352
12000,0.482582,0.508246
12100,0.485383,0.509367
12200,0.494737,0.510487
12300,0.483916,0.5105
12400,0.496576,0.510704
12500,0.492622,0.511568
12600,0.49291,0.510911
12700,0.491368,0.511184
12800,0.494199,0.511299
12900,0.49012,0.511684
13000,0.498054,0.512557
13100,0.491803,0.513555
13200,0.495959,0.514269
13300,0.491092,0.514611
13400,0.492303,0.514511
13500,0.495547,0.514228
13600,0.485932,0.512947
13700,0.491881,0.51269
13800,0.47767,0.511708
13900,0.489033,0.510875
14000,0.487268,0.510643
14100,0.486358,0.510168
14200,0.489378,0.509702
14300,0.471693,0.508957
14400,0.485582,0.507828
14500,0.494459,0.5073
14600,0.493152,0.506688
14700,0.490047,0.505668
14800,0.494045,0.50447
14900,0.492137,0.503181
15000,0.496035,0.5008
15100,0.487285,0.499498
15200,0.487345,0.497439
15300,0.479527,0.496002
15400,0.487956,0.493903
15500,0.479836,0.492646
15600,0.47832,0.4914
15700,0.479597,0.489499
15800,0.470423,0.48718
15900,0.472474,0.485528
16000,0.481223,0.483896
16100,0.489172,0.482289
16200,0.486592,0.480629
16300,0.489549,0.479142
16400,0.466362,0.477715
16500,0.487234,0.47645
16600,0.488585,0.475138
16700,0.489202,0.474119
16800,0.486716,0.473113
16900,0.485406,0.472795
17000,0.47245,0.472997
17100,0.478592,0.473399
17200,0.485022,0.472894
17300,0.494715,0.473848
17400,0.486978,0.474846
17500,0.487222,0.474449
17600,0.483634,0.4739
17700,0.479106,0.473314
17800,0.470844,0.473511
17900,0.459707,0.473624
18000,0.465938,0.474072
18100,0.482626,0.474529
18200,0.465359,0.475022
18300,0.473312,0.475273
18400,0.480024,0.476115
18500,0.484976,0.476053
18600,0.491731,0.477226
18700,0.489171,0.477612
18800,0.495396,0.478251
18900,0.492462,0.478653
19000,0.498285,0.478078
19100,0.482687,0.477643
19200,0.483608,0.477634
19300,0.49538,0.477575
19400,0.48856,0.477132
19500,0.486589,0.476177
19600,0.493665,0.475988
19700,0.487411,0.475463
19800,0.495282,0.475055
19900,0.488568,0.473627
20000,0.477171,0.472559
20100,0.474785,0.471831
20200,0.497386,0.471553
20300,0.487687,0.470137
20400,0.487918,0.469738
20500,0.494267,0.470027
20600,0.481033,0.469543
20700,0.481568,0.470027
20800,0.491497,0.470672
20900,0.487443,0.471314
21000,0.488764,0.471789
21100,0.493183,0.47172
21200,0.477459,0.471644
21300,0.487008,0.471831
21400,0.485608,0.472509
21500,0.486687,0.472589
21600,0.484874,0.472166
21700,0.481684,0.472288
21800,0.476759,0.472135
21900,0.485912,0.472203
22000,0.481638,0.47213
22100,0.485155,0.471818
22200,0.490728,0.471822
22300,0.481721,0.471011
22400,0.471535,0.470289
22500,0.478851,0.469426
22600,0.47827,0.468518
22700,0.479383,0.467393
22800,0.496806,0.465684
22900,0.482535,0.4649
23000,0.478369,0.463729
23100,0.480498,0.461975
23200,0.48729,0.461465
23300,0.488965,0.460414
23400,0.492904,0.459245
23500,0.490078,0.457681
23600,0.488026,0.456148
23700,0.486902,0.454496
23800,0.484926,0.452961
23900,0.48108,0.451679
24000,0.489173,0.449805
24100,0.486773,0.447077
24200,0.480994,0.445038
24300,0.471351,0.443065
24400,0.467869,0.441315
24500,0.478812,0.44056
24600,0.462809,0.439295
24700,0.473539,0.438458
24800,0.467308,0.437726
24900,0.470666,0.436904
25000,0.462384,0.434711
25100,0.482386,0.433495
25200,0.482723,0.431977
25300,0.48842,0.431616
25400,0.475732,0.429394
25500,0.478993,0.427323
25600,0.475577,0.426244
25700,0.475481,0.424944
25800,0.48838,0.424158
25900,0.476514,0.423889
26000,0.472366,0.423505
26100,0.488922,0.424625
26200,0.476643,0.42483
26300,0.474375,0.42507
26400,0.476866,0.425353
26500,0.457721,0.425913
26600,0.465603,0.426075
26700,0.45925,0.426788
26800,0.476326,0.42773
26900,0.481316,0.427935
27000,0.48482,0.428317
27100,0.473136,0.428202
27200,0.470437,0.429552
27300,0.469967,0.43058
27400,0.480907,0.43162
27500,0.481744,0.432315
27600,0.47588,0.432669
27700,0.486196,0.432565
27800,0.484013,0.432254
27900,0.48285,0.431839
28000,0.47766,0.431406
28100,0.482891,0.430378
28200,0.477826,0.429635
28300,0.478489,0.428908
28400,0.482743,0.427919
28500,0.463931,0.427616
28600,0.453078,0.427797
28700,0.457872,0.426877
28800,0.460597,0.427353
28900,0.457772,0.428481
29000,0.448766,0.428399
29100,0.467725,0.428585
29200,0.486346,0.430524
29300,0.477011,0.43188
29400,0.478412,0.433477
29500,0.483323,0.435528
29600,0.483703,0.437075
29700,0.486659,0.438982
29800,0.483241,0.441082
29900,0.473327,0.442557
30000,0.473418,0.444302
30100,0.468556,0.446088
30200,0.482707,0.44759
30300,0.475454,0.449222
30400,0.479349,0.452088
30500,0.480666,0.454887
30600,0.491417,0.456908
30700,0.472739,0.459309
30800,0.480303,0.461068
30900,0.488178,0.462056
31000,0.490206,0.463172
31100,0.486003,0.46422
31200,0.492169,0.464838
31300,0.487719,0.464869
31400,0.485097,0.465392
31500,0.488709,0.465645
31600,0.482955,0.466081
31700,0.464011,0.46655
31800,0.4939,0.466407
31900,0.487719,0.46558
32000,0.491005,0.465052
32100,0.470887,0.46556
32200,0.480994,0.465197
32300,0.485525,0.464653
32400,0.491271,0.46388
32500,0.476114,0.463166
32600,0.485065,0.46227
32700,0.47827,0.461229
32800,0.489705,0.460347
32900,0.477158,0.459405
33000,0.491955,0.458976
33100,0.483339,0.45797
33200,0.484446,0.457253
33300,0.480012,0.456045
33400,0.487665,0.454996
33500,0.48298,0.454088
33600,0.48768,0.452672
33700,0.478829,0.451277
33800,0.490979,0.449809
33900,0.480465,0.44783
34000,0.477744,0.44657
34100,0.489726,0.445099
34200,0.480522,0.443497
34300,0.481536,0.442789
34400,0.486936,0.442119
34500,0.482747,0.441017
34600,0.480772,0.439827
34700,0.485268,0.439823
34800,0.483601,0.439185
34900,0.489119,0.439049
35000,0.480355,0.439571
35100,0.472965,0.439329
35200,0.471485,0.439692
35300,0.45926,0.439679
35400,0.476904,0.439491
35500,0.492641,0.440335
35600,0.470466,0.439895
35700,0.483129,0.440594
35800,0.49211,0.441579
35900,0.483771,0.442538
36000,0.481763,0.443286
36100,0.485504,0.445003
36200,0.472121,0.446225
36300,0.487286,0.446887
36400,0.489419,0.447781
36500,0.47629,0.449118
36600,0.485555,0.450484
36700,0.474709,0.452052
36800,0.486667,0.451626
36900,0.494074,0.452756
37000,0.480232,0.452837
37100,0.472592,0.4537
37200,0.478806,0.453884
37300,0.480547,0.454181
37400,0.49016,0.454047
37500,0.487517,0.453557
37600,0.484419,0.454347
37700,0.484194,0.453697
37800,0.481188,0.45345
37900,0.478513,0.452414
38000,0.489286,0.451075
38100,0.473983,0.450592
38200,0.491029,0.449942
38300,0.477478,0.447878
38400,0.484224,0.446555
38500,0.471638,0.445925
38600,0.471219,0.443852
38700,0.456687,0.44213
38800,0.470454,0.440826
38900,0.475153,0.440166
39000,0.487659,0.440412
39100,0.482948,0.4405
39200,0.490171,0.440007
39300,0.489638,0.440277
39400,0.475165,0.440715
39500,0.483852,0.441751
39600,0.485387,0.442674
39700,0.488419,0.443679
39800,0.484996,0.444224
39900,0.483903,0.444057
40000,0.489691,0.444277
40100,0.476125,0.445104
40200,0.482279,0.44621
40300,0.486684,0.447335
40400,0.461079,0.448467
40500,0.478797,0.449935
40600,0.481141,0.450839
40700,0.481618,0.45233
40800,0.486597,0.453425
40900,0.489853,0.454493
41000,0.481525,0.455018
41100,0.486939,0.455143
41200,0.488804,0.455175
41300,0.482508,0.454159
41400,0.492356,0.45312
41500,0.483655,0.451951
41600,0.483663,0.449628
41700,0.485712,0.448319
41800,0.470404,0.44675
41900,0.469598,0.445048
42000,0.477196,0.443501
42100,0.476453,0.442466
42200,0.487666,0.440986
42300,0.492273,0.439447
42400,0.465449,0.43801
42500,0.474431,0.436342
42600,0.477426,0.435334
42700,0.474422,0.433974
42800,0.486838,0.432669
42900,0.483452,0.431825
43000,0.482337,0.431546
43100,0.481635,0.430892
43200,0.474806,0.430479
43300,0.472983,0.43015
43400,0.475915,0.430562
43500,0.466986,0.430303
43600,0.484824,0.430039
43700,0.475789,0.429638
43800,0.477728,0.429262
43900,0.46416,0.428378
44000,0.476661,0.428363
44100,0.467202,0.427875
44200,0.45649,0.4275
44300,0.465518,0.426772
44400,0.466349,0.426115
44500,0.473628,0.425702
44600,0.47649,0.425245
44700,0.485114,0.425073
44800,0.475124,0.424694
44900,0.479319,0.424805
45000,0.479005,0.424932
45100,0.4856,0.425058
45200,0.486067,0.425998
45300,0.479829,0.426816
45400,0.483589,0.427611
45500,0.465102,0.428583
45600,0.464596,0.429843
45700,0.467218,0.430762
45800,0.471855,0.431803
45900,0.459336,0.432422
46000,0.468451,0.433109
46100,0.458143,0.433768
46200,0.488472,0.434455
46300,0.469864,0.434971
46400,0.479784,0.435049
46500,0.487705,0.435509
46600,0.472546,0.435728
46700,0.459264,0.436061
46800,0.475583,0.435688
46900,0.476584,0.434355
47000,0.486334,0.433474
47100,0.481139,0.432538
47200,0.476377,0.431594
47300,0.480743,0.429412
47400,0.47502,0.428006
47500,0.473914,0.426206
47600,0.468885,0.424595
47700,0.472394,0.422551
47800,0.478241,0.421524
47900,0.482033,0.42039
48000,0.471128,0.419653
48100,0.485053,0.418853
48200,0.481557,0.419026
48300,0.475797,0.418783
48400,0.455757,0.418691
48500,0.479009,0.418708
48600,0.478371,0.419751
48700,0.479527,0.420354
48800,0.485634,0.421318
48900,0.464168,0.422183
49000,0.483246,0.422882
49100,0.473611,0.42499
49200,0.459206,0.426285
49300,0.48636,0.426828
49400,0.476168,0.428398
49500,0.479084,0.429286
49600,0.476716,0.430319
49700,0.473622,0.431921
49800,0.475251,0.433398
49900,0.471752,0.434842
50000,0.476175,0.435959
50100,0.482021,0.437435
50200,0.471239,0.438284
50300,0.472179,0.439954
50400,0.477368,0.441508
50500,0.481088,0.442495
50600,0.480128,0.442314
50700,0.487923,0.442322
50800,0.485722,0.443754
50900,0.47851,0.4441
51000,0.488769,0.444569
51100,0.485082,0.444946
51200,0.482471,0.445234
51300,0.479119,0.445717
51400,0.482655,0.446308
51500,0.488432,0.446886
51600,0.471678,0.44681
51700,0.491533,0.446675
51800,0.49103,0.447197
51900,0.451717,0.448728
52000,0.47553,0.449628
52100,0.491574,0.450341
52200,0.467393,0.452098
52300,0.470855,0.454412
52400,0.479666,0.455363
52500,0.479887,0.457142
52600,0.476955,0.457993
52700,0.488501,0.459635
52800,0.491739,0.460694
52900,0.48939,0.462505
53000,0.489699,0.463623
53100,0.489757,0.464599
53200,0.478033,0.466186
53300,0.483923,0.466834
53400,0.479246,0.46745
53500,0.481858,0.467792
53600,0.475516,0.468468
53700,0.462117,0.468739
53800,0.472551,0.469501
53900,0.465046,0.470216
54000,0.479781,0.470096
54100,0.496658,0.469659
54200,0.475606,0.468943
54300,0.475393,0.468984
54400,0.488998,0.46983
54500,0.493638,0.470408
54600,0.491594,0.470036
54700,0.491376,0.469429
54800,0.485689,0.469069
54900,0.492293,0.468046
55000,0.49252,0.466296
55100,0.484985,0.464684
55200,0.48855,0.463486
55300,0.477865,0.462359
55400,0.486277,0.461092
55500,0.484673,0.459089
55600,0.494473,0.457994
55700,0.482042,0.455916
55800,0.484043,0.453527
55900,0.483513,0.451145
56000,0.472061,0.44862
56100,0.4569,0.446177
56200,0.465097,0.443989
56300,0.467488,0.441602
56400,0.473705,0.439675
56500,0.480608,0.437486
56600,0.470113,0.435674
56700,0.467003,0.433554
56800,0.473236,0.431841
56900,0.480673,0.430124
57000,0.480439,0.427643
57100,0.488475,0.426403
57200,0.475389,0.425369
57300,0.48149,0.424271
57400,0.487403,0.42363
57500,0.474492,0.422695
57600,0.473042,0.422555
57700,0.466042,0.421971
57800,0.479502,0.421953
57900,0.479219,0.421623
58000,0.471498,0.420981
58100,0.469256,0.420592
58200,0.484247,0.418811
58300,0.479492,0.418472
58400,0.48044,0.417457
58500,0.478338,0.416746
58600,0.47703,0.416232
58700,0.479106,0.415588
58800,0.479879,0.41458
58900,0.463068,0.413975
59000,0.470807,0.413129
59100,0.479501,0.412412
59200,0.469889,0.411286
59300,0.47958,0.410773
59400,0.469767,0.410321
59500,0.471152,0.41045
59600,0.471373,0.411431
59700,0.483865,0.4119
59800,0.477409,0.412135
59900,0.483421,0.412656
60000,0.465522,0.413633
60100,0.479509,0.41528
60200,0.467879,0.416436
60300,0.469872,0.418454
60400,0.479807,0.420869
60500,0.477071,0.4231
60600,0.485906,0.424677
60700,0.477999,0.426493
60800,0.489555,0.428056
60900,0.488817,0.430049
61000,0.475739,0.431432
61100,0.481975,0.433936
61200,0.48444,0.435901
61300,0.480584,0.43669
61400,0.482408,0.437806
61500,0.479319,0.438761
61600,0.485016,0.439906
61700,0.468775,0.440145
61800,0.485713,0.441567
61900,0.476498,0.441993
62000,0.47816,0.442329
62100,0.473101,0.443232
62200,0.479084,0.444037
62300,0.48614,0.443639
62400,0.476834,0.442966
62500,0.469584,0.443288
62600,0.481583,0.443326
62700,0.481342,0.442378
62800,0.489023,0.441861
62900,0.480143,0.44127
63000,0.480761,0.441156
63100,0.479374,0.44106
63200,0.486869,0.440823
63300,0.478185,0.441655
63400,0.479331,0.441904
63500,0.491521,0.442002
63600,0.478072,0.442554
63700,0.489858,0.443089
63800,0.481769,0.443667
63900,0.493402,0.44375
64000,0.490798,0.443376
64100,0.484423,0.443566
64200,0.487,0.443692
64300,0.489396,0.444305
64400,0.480742,0.443984
64500,0.468445,0.444471
64600,0.479183,0.444002
64700,0.481675,0.44462
64800,0.486347,0.445421
64900,0.492466,0.445626
65000,0.490767,0.445279
65100,0.489012,0.445645
65200,0.48905,0.44604
65300,0.468513,0.445747
65400,0.479384,0.445421
65500,0.473146,0.444959
65600,0.477623,0.44471
65700,0.473142,0.44472
65800,0.481353,0.444239
65900,0.490494,0.444528
66000,0.488603,0.444146
66100,0.483837,0.443473
66200,0.489437,0.443783
66300,0.486349,0.443397
66400,0.487951,0.442575
66500,0.483339,0.441643
66600,0.46562,0.439748
66700,0.483024,0.438516
66800,0.478308,0.436234
66900,0.480273,0.43454
67000,0.47544,0.431824
67100,0.463671,0.429322
67200,0.484205,0.42691
67300,0.482968,0.425406
67400,0.463087,0.423147
67500,0.479585,0.420377
67600,0.474971,0.417888
67700,0.48351,0.415997
67800,0.461277,0.413421
67900,0.463565,0.41097
68000,0.467116,0.409247
68100,0.468119,0.407072
68200,0.463472,0.404908
68300,0.45196,0.402591
68400,0.469373,0.400697
68500,0.469155,0.398172
68600,0.464527,0.396565
68700,0.463611,0.394575
68800,0.463549,0.391904
68900,0.467546,0.389744
69000,0.458603,0.38701
69100,0.46002,0.384801
69200,0.451535,0.382107
69300,0.459148,0.379847
69400,0.452779,0.377392
69500,0.454248,0.375824
69600,0.465471,0.374698
69700,0.444371,0.372998
69800,0.457583,0.371279
69900,0.465336,0.370465
70000,0.464367,0.37036
70100,0.453107,0.369472
70200,0.453066,0.368893
70300,0.442317,0.36916
70400,0.438747,0.368324
70500,0.447599,0.367942
70600,0.448401,0.36786
70700,0.449141,0.367472
70800,0.451075,0.366906
70900,0.463328,0.367048
71000,0.447045,0.366852
71100,0.444341,0.366456
71200,0.453277,0.365961
71300,0.459404,0.366103
71400,0.453271,0.366416
71500,0.450668,0.366706
71600,0.447097,0.366316
71700,0.450572,0.365674
71800,0.457417,0.366076
71900,0.449328,0.366134
72000,0.454556,0.366034
72100,0.440124,0.366479
72200,0.458165,0.366415
72300,0.447763,0.365123
72400,0.456003,0.363877
72500,0.44319,0.362832
72600,0.441264,0.361449
72700,0.433651,0.35996
72800,0.454503,0.358569
72900,0.443947,0.357233
73000,0.451869,0.354993
73100,0.43788,0.353296
73200,0.445733,0.350987
73300,0.449459,0.34996
73400,0.442083,0.348509
73500,0.449603,0.346644
73600,0.446281,0.344751
73700,0.439399,0.342552
73800,0.437939,0.340435
73900,0.430927,0.339048
74000,0.437549,0.337887
74100,0.434224,0.336912
74200,0.43603,0.336082
74300,0.434616,0.335418
74400,0.43966,0.334707
74500,0.43065,0.334056
74600,0.42686,0.333084
74700,0.440489,0.332526
74800,0.437711,0.332843
74900,0.436561,0.333782
75000,0.444692,0.333843
75100,0.438535,0.334794
75200,0.441147,0.335819
75300,0.438919,0.336047
75400,0.427031,0.336496
75500,0.427735,0.337571
75600,0.44225,0.338495
75700,0.441876,0.339582
75800,0.434174,0.338868
75900,0.423273,0.339155
76000,0.431582,0.339058
76100,0.426314,0.338972
76200,0.414223,0.338823
76300,0.416846,0.337719
76400,0.423684,0.336827
76500,0.428368,0.335895
76600,0.42439,0.335467
76700,0.427014,0.334984
76800,0.428073,0.335022
76900,0.444595,0.335247
77000,0.431264,0.334186
77100,0.433614,0.334094
77200,0.434271,0.333391
77300,0.440589,0.332635
77400,0.427288,0.331332
77500,0.433477,0.331324
77600,0.425195,0.330616
77700,0.431909,0.329723
77800,0.432464,0.329539
77900,0.424988,0.328445
78000,0.422798,0.327936
78100,0.429229,0.326335
78200,0.424656,0.324167
78300,0.42769,0.32256
78400,0.411075,0.320762
78500,0.418616,0.318481
78600,0.416616,0.316172
78700,0.415738,0.313578
78800,0.397559,0.311224
78900,0.399088,0.309222
79000,0.404553,0.307291
79100,0.413231,0.304869
79200,0.416132,0.303058
79300,0.408424,0.301818
79400,0.41611,0.299665
79500,0.41937,0.297622
79600,0.409049,0.295944
79700,0.412803,0.294542
79800,0.409697,0.294016
79900,0.407082,0.293317
80000,0.414372,0.292818
80100,0.403192,0.29294
80200,0.407011,0.293371
80300,0.405631,0.293127
80400,0.387303,0.293883
80500,0.405847,0.294058
80600,0.400204,0.294274
80700,0.412097,0.29468
80800,0.415502,0.294962
80900,0.405635,0.294388
81000,0.405657,0.293973
81100,0.408457,0.293759
81200,0.407776,0.293785
81300,0.407807,0.293792
81400,0.397061,0.292566
81500,0.40049,0.292191
81600,0.393715,0.291488
81700,0.375688,0.290653
81800,0.374164,0.289921
81900,0.379343,0.288559
82000,0.380448,0.287593
82100,0.378155,0.286794
82200,0.401441,0.286146
82300,0.40451,0.285306
82400,0.407645,0.284865
82500,0.408328,0.284583
82600,0.40496,0.284713
82700,0.401154,0.284887
82800,0.399808,0.286191
82900,0.410208,0.286916
83000,0.404113,0.288415
83100,0.396848,0.289112
83200,0.392242,0.290563
83300,0.397921,0.291863
83400,0.414945,0.293263
83500,0.407838,0.293747
83600,0.40005,0.294231
83700,0.411543,0.294731
83800,0.406764,0.295542
83900,0.41244,0.296387
84000,0.39859,0.2976
84100,0.391976,0.298752
84200,0.398883,0.299533
84300,0.395576,0.300798
84400,0.41209,0.301502
84500,0.405623,0.301907
84600,0.42183,0.301675
84700,0.420937,0.30246
84800,0.413601,0.302715
84900,0.417507,0.303207
85000,0.420771,0.303956
85100,0.423863,0.30459
85200,0.418914,0.304793
85300,0.421759,0.305867
85400,0.418542,0.307386
85500,0.407109,0.308773
85600,0.406026,0.309766
85700,0.419054,0.310269
85800,0.417116,0.311243
85900,0.405848,0.311889
86000,0.405062,0.312105
86100,0.424494,0.312052
86200,0.417205,0.312863
86300,0.415466,0.312973
86400,0.412379,0.312936
86500,0.417849,0.312794
86600,0.412883,0.312578
86700,0.412705,0.312449
86800,0.425134,0.311698
86900,0.403244,0.310559
87000,0.413644,0.309698
87100,0.42242,0.309468
87200,0.419454,0.309554
87300,0.40792,0.309341
87400,0.408086,0.30859
87500,0.419578,0.307993
87600,0.41519,0.308072
87700,0.42149,0.307511
87800,0.405979,0.307558
87900,0.400803,0.30789
88000,0.398742,0.308079
88100,0.422881,0.308682
88200,0.423737,0.308136
88300,0.427706,0.308245
88400,0.416432,0.308005
88500,0.428104,0.308142
88600,0.424617,0.308677
88700,0.417555,0.307884
88800,0.410124,0.307861
88900,0.425727,0.30815
89000,0.418202,0.308197
89100,0.403681,0.308466
89200,0.399582,0.308034
89300,0.417258,0.307914
89400,0.412536,0.30795
89500,0.416378,0.307819
89600,0.422962,0.307044
89700,0.413015,0.306232
89800,0.412104,0.30582
89900,0.416904,0.305393
90000,0.405437,0.305052
90100,0.417379,0.30418
90200,0.401027,0.304107
90300,0.395683,0.30302
90400,0.410818,0.302975
90500,0.408029,0.301186
90600,0.414446,0.30079
90700,0.406671,0.299962
90800,0.399731,0.29837
90900,0.413753,0.297042
91000,0.412017,0.29544
91100,0.402412,0.294195
91200,0.406556,0.293508
91300,0.409533,0.293032
91400,0.413239,0.2933
91500,0.412956,0.293455
91600,0.414739,0.293843
91700,0.40903,0.294588
91800,0.414851,0.296036
91900,0.416081,0.296619
92000,0.418444,0.296684
92100,0.403014,0.297127
92200,0.422361,0.298272
92300,0.402659,0.299367
92400,0.406821,0.299553
92500,0.402694,0.300473
92600,0.412349,0.301667
92700,0.417556,0.302849
92800,0.417577,0.303848
92900,0.421471,0.305175
93000,0.419494,0.305698
93100,0.421346,0.307016
93200,0.426437,0.308168
93300,0.415668,0.308134
93400,0.41702,0.308021
93500,0.410168,0.306876
93600,0.392865,0.306673
93700,0.394644,0.306261
93800,0.394756,0.306146
93900,0.396876,0.306071
94000,0.39864,0.305558
94100,0.387648,0.30467
94200,0.406715,0.304025
94300,0.406488,0.303446
94400,0.4058,0.302724
94500,0.409569,0.302028
94600,0.410009,0.3015
94700,0.407018,0.300776
94800,0.409893,0.299866
94900,0.402602,0.299287
95000,0.399003,0.29863
95100,0.386888,0.298295
95200,0.392814,0.297477
95300,0.394815,0.295904
95400,0.396701,0.294885
95500,0.393365,0.293619
95600,0.396995,0.293091
95700,0.405401,0.292097
95800,0.398243,0.291885
95900,0.398139,0.291588
96000,0.384818,0.29138
96100,0.39234,0.290869
96200,0.396181,0.290495
96300,0.396793,0.290164
96400,0.38604,0.289504
96500,0.390775,0.288989
96600,0.406461,0.288559
96700,0.390641,0.288077
96800,0.394556,0.287515
96900,0.401861,0.287421
97000,0.397736,0.28731
97100,0.391178,0.286314
97200,0.398433,0.285662
97300,0.40238,0.285586
97400,0.402435,0.285028
97500,0.395854,0.284405
97600,0.402794,0.28327
97700,0.396896,0.282342
97800,0.392994,0.280608
97900,0.395457,0.279028
98000,0.39848,0.278023
98100,0.384851,0.276728
98200,0.378633,0.276087
98300,0.377697,0.274752
98400,0.374061,0.272199
98500,0.368529,0.270769
98600,0.379309,0.269059
98700,0.380685,0.267393
98800,0.376291,0.265833
98900,0.372176,0.264185
99000,0.377688,0.262943
99100,0.387211,0.262286
99200,0.37684,0.262064
99300,0.374987,0.261454
99400,0.373039,0.260808
99500,0.363318,0.260916
99600,0.356186,0.261365
99700,0.365056,0.261744
99800,0.369506,0.261638
99900,0.360581,0.261201
