0,0.499999,0.500093
100,0.493688,0.49984
200,0.496964,0.500236
300,0.485524,0.500509
400,0.481793,0.500875
500,0.492292,0.501004
600,0.496063,0.501336
700,0.486443,0.501971
800,0.48166,0.502822
900,0.468955,0.503554
1000,0.482335,0.504476
1100,0.486593,0.505609
1200,0.475204,0.506146
1300,0.482967,0.508131
1400,0.482618,0.509129
1500,0.490128,0.509545
1600,0.485334,0.510338
1700,0.490087,0.511665
1800,0.485927,0.512456
1900,0.483706,0.513891
2000,0.492401,0.514643
2100,0.49118,0.514447
2200,0.495179,0.515802
2300,0.483764,0.515588
2400,0.4961,0.515321
2500,0.482318,0.514682
2600,0.491923,0.515135
2700,0.477251,0.514707
2800,0.488649,0.513766
2900,0.488277,0.513245
3000,0.489198,0.512917
3100,0.485353,0.51188
3200,0.492817,0.510418
3300,0.474067,0.509768
3400,0.488818,0.508335
3500,0.477254,0.508018
3600,0.484356,0.507792
3700,0.486814,0.50751
3800,0.490097,0.506818
3900,0.489945,0.506104
4000,0.484463,0.506622
4100,0.494661,0.506996
4200,0.480538,0.50761
4300,0.487822,0.50827
4400,0.486212,0.509041
4500,0.495785,0.510012
4600,0.474175,0.510418
4700,0.481179,0.512207
4800,0.478884,0.512693
4900,0.483253,0.515109
5000,0.488793,0.516873
5100,0.493415,0.517964
5200,0.491427,0.518553
5300,0.490483,0.518784
5400,0.492753,0.5185
5500,0.482613,0.518317
5600,0.488055,0.517871
5700,0.486135,0.519039
5800,0.492558,0.519332
5900,0.486804,0.518931
6000,0.49059,0.518715
6100,0.489407,0.519217
6200,0.491008,0.519669
6300,0.490682,0.519274
6400,0.478729,0.51913
6500,0.493499,0.519504
6600,0.483039,0.519535
6700,0.49355,0.519
6800,0.491323,0.518416
6900,0.496869,0.518108
7000,0.485635,0.517229
7100,0.480446,0.5171
7200,0.497836,0.517604
7300,0.488785,0.516976
7400,0.493595,0.517181
7500,0.478571,0.517226
7600,0.476654,0.516972
7700,0.460869,0.516787
7800,0.480008,0.516106
7900,0.486491,0.515631
8000,0.495059,0.515664
8100,0.490032,0.516091
8200,0.486126,0.517094
8300,0.487062,0.518
8400,0.494088,0.519286
8500,0.484069,0.520142
8600,0.476344,0.521392
8700,0.494288,0.522515
8800,0.49282,0.523331
8900,0.486364,0.523908
9000,0.483778,0.525012
9100,0.491598,0.525943
9200,0.482311,0.526312
9300,0.494176,0.527094
9400,0.477502,0.528949
9500,0.494301,0.530141
9600,0.486464,0.531258
9700,0.490839,0.531511
9800,0.477641,0.532239
9900,0.458091,0.533299
10000,0.482043,0.534695
10100,0.477897,0.535486
10200,0.47642,0.535655
10300,0.489989,0.536045
10400,0.476058,0.536656
10500,0.479771,0.537082
10600,0.488818,0.538346
10700,0.480373,0.538991
10800,0.464809,0.539783
10900,0.455768,0.54062
11000,0.469162,0.54163
11100,0.472336,0.54311
11200,0.471796,0.545566
11300,0.482933,0.547551
11400,0.46966,0.550363
11500,0.473523,0.553203
11600,0.447889,0.556194
11700,0.45283,0.559049
11800,0.452749,0.56289
11900,0.446153,0.566879
12000,0.458689,0.571323
12100,0.457276,0.5761
12200,0.464099,0.581309
12300,0.453941,0.586726
12400,0.459448,0.591453
12500,0.458546,0.596545
12600,0.451863,0.601458
12700,0.461208,0.606204
12800,0.459099,0.611383
12900,0.448371,0.616604
13000,0.452673,0.622306
13100,0.445907,0.627854
13200,0.456545,0.63278
13300,0.457021,0.637593
13400,0.453762,0.642645
13500,0.444259,0.647514
13600,0.443485,0.650981
13700,0.425741,0.653722
13800,0.430611,0.656246
13900,0.426133,0.658245
14000,0.430008,0.660975
14100,0.433901,0.661871
14200,0.42611,0.662075
14300,0.434617,0.661945
14400,0.444305,0.661252
14500,0.449551,0.659815
14600,0.430533,0.658372
14700,0.448377,0.656938
14800,0.441138,0.654537
14900,0.441106,0.651518
15000,0.430163,0.648726
15100,0.434217,0.645572
15200,0.439862,0.642019
15300,0.445576,0.639398
15400,0.438677,0.637019
15500,0.440563,0.633801
15600,0.428414,0.631114
15700,0.437221,0.62909
15800,0.458515,0.627297
15900,0.443064,0.625189
16000,0.455784,0.624191
16100,0.456604,0.623167
16200,0.457148,0.622633
16300,0.454304,0.622832
16400,0.460285,0.622708
16500,0.457083,0.623057
16600,0.463565,0.623699
16700,0.445085,0.624849
16800,0.445739,0.626655
16900,0.450506,0.628962
17000,0.447186,0.630725
17100,0.446656,0.633263
17200,0.431095,0.63562
17300,0.434562,0.638775
17400,0.447586,0.642224
17500,0.446809,0.644169
17600,0.444679,0.647442
17700,0.440553,0.650214
17800,0.444028,0.653027
17900,0.440836,0.656156
18000,0.43932,0.659
18100,0.446094,0.661278
18200,0.437969,0.663307
18300,0.420333,0.665747
18400,0.430136,0.667508
18500,0.444696,0.669201
18600,0.440932,0.671018
18700,0.444089,0.672409
18800,0.426814,0.672888
18900,0.445349,0.672299
19000,0.445593,0.672289
19100,0.43725,0.672486
19200,0.424545,0.671107
19300,0.425763,0.669329
19400,0.440256,0.66704
19500,0.444892,0.664077
19600,0.445648,0.660575
19700,0.437834,0.657786
19800,0.439584,0.655461
19900,0.442346,0.652334
20000,0.450646,0.649437
20100,0.44447,0.646514
20200,0.443457,0.642968
20300,0.43563,0.640125
20400,0.430201,0.637192
20500,0.442967,0.633969
20600,0.427441,0.631355
20700,0.426126,0.62994
20800,0.418942,0.628941
20900,0.411694,0.628539
21000,0.423641,0.628559
21100,0.424288,0.62858
21200,0.417876,0.629556
21300,0.419923,0.630955
21400,0.424949,0.633003
21500,0.437265,0.636092
21600,0.436889,0.639497
21700,0.442352,0.643998
21800,0.430874,0.648501
21900,0.415094,0.653215
22000,0.438647,0.658531
22100,0.424767,0.663959
22200,0.405414,0.668722
22300,0.402348,0.675373
22400,0.394082,0.680585
22500,0.379433,0.68603
22600,0.391871,0.691224
22700,0.38939,0.696815
22800,0.377224,0.702324
22900,0.369757,0.707081
23000,0.373385,0.712809
23100,0.365773,0.717802
23200,0.374325,0.723012
23300,0.368567,0.727856
23400,0.358576,0.733001
23500,0.351297,0.737452
23600,0.358936,0.742064
23700,0.361244,0.745651
23800,0.36406,0.748774
23900,0.357924,0.752212
24000,0.359675,0.755379
24100,0.356828,0.758371
24200,0.347971,0.761136
24300,0.355717,0.763337
24400,0.359599,0.765855
24500,0.358337,0.768236
24600,0.348393,0.770242
24700,0.351198,0.771863
24800,0.350112,0.77248
24900,0.360992,0.772952
25000,0.346656,0.772674
25100,0.35997,0.772495
25200,0.347329,0.772312
25300,0.342323,0.771171
25400,0.34682,0.769524
25500,0.34844,0.767355
25600,0.344344,0.765256
25700,0.341361,0.763482
25800,0.341645,0.761964
25900,0.351246,0.759964
26000,0.347131,0.758276
26100,0.355034,0.756867
26200,0.363431,0.756226
26300,0.35998,0.755081
26400,0.359882,0.753912
26500,0.361194,0.752569
26600,0.373953,0.751321
26700,0.379931,0.750685
26800,0.380804,0.749269
26900,0.380976,0.749331
27000,0.376229,0.748479
27100,0.370639,0.748619
27200,0.365466,0.749297
27300,0.364187,0.748769
27400,0.364034,0.748327
27500,0.370094,0.748006
27600,0.357537,0.747
27700,0.358257,0.746025
27800,0.349839,0.746238
27900,0.350907,0.745947
28000,0.347568,0.745634
28100,0.334097,0.745798
28200,0.337823,0.745361
28300,0.33999,0.744736
28400,0.354575,0.744038
28500,0.375995,0.744627
28600,0.373306,0.744505
28700,0.374947,0.744612
28800,0.354128,0.746235
28900,0.373,0.747075
29000,0.368307,0.74876
29100,0.37344,0.750173
29200,0.367866,0.751525
29300,0.375979,0.752722
29400,0.3652,0.754449
29500,0.366803,0.75574
29600,0.339515,0.756585
29700,0.363341,0.756865
29800,0.363663,0.757763
29900,0.354914,0.758214
30000,0.371642,0.75855
30100,0.366344,0.759116
30200,0.370949,0.759642
30300,0.368753,0.759347
30400,0.363684,0.758914
30500,0.356157,0.75803
30600,0.358205,0.757208
30700,0.363712,0.756621
30800,0.368767,0.754894
30900,0.369981,0.75352
31000,0.36888,0.751096
31100,0.382356,0.748839
31200,0.38123,0.747283
31300,0.384228,0.745462
31400,0.384634,0.742725
31500,0.386122,0.74071
31600,0.367085,0.738542
31700,0.376239,0.736166
31800,0.373554,0.733887
31900,0.381692,0.731876
32000,0.371204,0.730186
32100,0.36213,0.727899
32200,0.363744,0.725799
32300,0.367128,0.723814
32400,0.372008,0.72199
32500,0.382018,0.720416
32600,0.381289,0.719569
32700,0.372859,0.718863
32800,0.381121,0.718717
32900,0.375002,0.718848
33000,0.35778,0.720006
33100,0.360842,0.721229
33200,0.348908,0.722958
33300,0.371083,0.724708
33400,0.364153,0.726171
33500,0.347784,0.729006
33600,0.352823,0.731858
33700,0.351761,0.735508
33800,0.345644,0.739788
33900,0.340691,0.744106
34000,0.338506,0.748283
34100,0.33915,0.753165
34200,0.317596,0.758808
34300,0.314436,0.763941
34400,0.299703,0.7693
34500,0.293201,0.77513
34600,0.286221,0.781651
34700,0.277952,0.788265
34800,0.269091,0.794371
34900,0.273097,0.800301
35000,0.260385,0.806341
35100,0.253721,0.811803
35200,0.242217,0.817176
35300,0.244575,0.823245
35400,0.232423,0.829309
35500,0.232532,0.834974
35600,0.223754,0.840002
35700,0.215747,0.845129
35800,0.211725,0.850013
35900,0.204099,0.854794
36000,0.195709,0.859486
36100,0.196341,0.864507
36200,0.187893,0.870824
36300,0.179772,0.876356
36400,0.177159,0.881815
36500,0.171473,0.886774
36600,0.164832,0.891789
36700,0.153936,0.896721
36800,0.150812,0.902003
36900,0.145291,0.906741
37000,0.140478,0.911136
37100,0.136079,0.915369
37200,0.131705,0.919279
37300,0.125611,0.922981
37400,0.11817,0.926617
37500,0.11394,0.930133
37600,0.115401,0.933193
37700,0.105402,0.936034
37800,0.0977568,0.938469
37900,0.0962058,0.940846
38000,0.0895968,0.943095
38100,0.0859612,0.945128
38200,0.0817911,0.946966
38300,0.0809646,0.948621
38400,0.0809385,0.950093
38500,0.078308,0.95179
38600,0.0763587,0.95262
38700,0.0748603,0.953809
38800,0.0733849,0.954672
38900,0.0710393,0.955492
39000,0.0705368,0.956359
39100,0.0689603,0.957163
39200,0.0656616,0.958283
39300,0.0641064,0.959368
39400,0.0635198,0.960451
39500,0.0611384,0.961279
39600,0.0589132,0.962511
39700,0.055603,0.964176
39800,0.0541354,0.965934
39900,0.0503796,0.96757
40000,0.0477081,0.96923
40100,0.0451339,0.970843
40200,0.0426749,0.972806
40300,0.0398097,0.974625
40400,0.0365015,0.9764
40500,0.034507,0.978291
40600,0.0314399,0.980155
40700,0.0291237,0.981957
40800,0.0266773,0.983618
40900,0.0236834,0.985388
41000,0.0210408,0.986939
41100,0.0192934,0.988274
41200,0.0166889,0.98962
41300,0.0151542,0.990769
41400,0.013073,0.991862
41500,0.0114292,0.992876
41600,0.0100774,0.993698
41700,0.00908259,0.994525
41800,0.00781418,0.995202
41900,0.00689557,0.995717
42000,0.00625807,0.996177
42100,0.00549801,0.99659
42200,0.00481119,0.996934
42300,0.00450952,0.997182
42400,0.00432732,0.997402
42500,0.00416363,0.997528
42600,0.00392407,0.997657
42700,0.00356015,0.997889
42800,0.0032957,0.998077
42900,0.00322219,0.998122
43000,0.00296844,0.998215
43100,0.00282263,0.998286
43200,0.00260042,0.998387
43300,0.00258869,0.998443
43400,0.0024362,0.99848
43500,0.00217938,0.998608
43600,0.0020392,0.998705
43700,0.00199625,0.998758
43800,0.00188903,0.998807
43900,0.00179938,0.998873
44000,0.00184456,0.998855
44100,0.00181578,0.99889
44200,0.00163135,0.999007
44300,0.00160162,0.999015
44400,0.00145613,0.999121
44500,0.00133356,0.999173
44600,0.00121394,0.999254
44700,0.00105768,0.999346
44800,0.000982626,0.999384
44900,0.000989797,0.99938
45000,0.000870039,0.999446
45100,0.000814308,0.999477
45200,0.000714557,0.999534
45300,0.000671837,0.999576
45400,0.000604547,0.999634
45500,0.000555662,0.999668
45600,0.000597959,0.999704
45700,0.000449366,0.999728
45800,0.000408818,0.999749
45900,0.000356115,0.99978
46000,0.000296812,0.999811
46100,0.000232284,0.999857
46200,0.000213963,0.999869
46300,0.000196431,0.999878
46400,0.000166807,0.999897
46500,0.000142424,0.99991
46600,0.000121466,0.999924
46700,0.000101277,0.999937
46800,9.03388e-05,0.999945
46900,8.3688e-05,0.999948
47000,7.51843e-05,0.999954
47100,6.23277e-05,0.999961
47200,6.02828e-05,0.999962
47300,5.29732e-05,0.999967
47400,5.61364e-05,0.999966
47500,4.42469e-05,0.999973
47600,3.01177e-05,0.999981
47700,1.82532e-05,0.999988
47800,1.39993e-05,0.999991
47900,1.0764e-05,0.999993
48000,1.24967e-05,0.999992
48100,1.26315e-05,0.999992
48200,3.84289e-06,0.999998
48300,1.11229e-06,0.999999
48400,1.49472e-06,0.999999
48500,1.3189e-06,0.999999
48600,6.63093e-07,1
48700,2.10525e-07,1
48800,0,1
48900,0,1
49000,0,1
49100,0,1
49200,0,1
49300,0,1
49400,0,1
49500,0,1
49600,0,1
49700,0,1
49800,0,1
49900,0,1
50000,0,1
50100,0,1
50200,0,1
50300,0,1
50400,0,1
50500,0,1
50600,0,1
50700,0,1
50800,0,1
50900,0,1
51000,0,1
51100,0,1
51200,0,1
51300,0,1
51400,0,1
51500,0,1
51600,0,1
51700,0,1
51800,0,1
51900,0,1
52000,0,1
52100,0,1
52200,0,1
52300,0,1
52400,0,1
52500,0,1
52600,0,1
52700,0,1
52800,0,1
52900,0,1
53000,0,1
53100,0,1
53200,0,1
53300,0,1
53400,0,1
53500,0,1
53600,0,1
53700,0,1
53800,0,1
53900,0,1
54000,0,1
54100,0,1
54200,0,1
54300,0,1
54400,0,1
54500,0,1
54600,0,1
54700,0,1
54800,0,1
54900,0,1
55000,0,1
55100,0,1
55200,0,1
55300,0,1
55400,0,1
55500,0,1
55600,0,1
55700,0,1
55800,0,1
55900,0,1
56000,0,1
56100,0,1
56200,0,1
56300,0,1
56400,0,1
56500,0,1
56600,0,1
56700,0,1
56800,0,1
56900,0,1
57000,0,1
57100,0,1
57200,0,1
57300,0,1
57400,0,1
57500,0,1
57600,0,1
57700,0,1
57800,0,1
57900,0,1
58000,0,1
58100,0,1
58200,0,1
58300,0,1
58400,0,1
58500,0,1
58600,0,1
58700,0,1
58800,0,1
58900,0,1
59000,0,1
59100,0,1
59200,0,1
59300,0,1
59400,0,1
59500,0,1
59600,0,1
59700,0,1
59800,0,1
59900,0,1
60000,0,1
60100,0,1
60200,0,1
60300,0,1
60400,0,1
60500,0,1
60600,0,1
60700,0,1
60800,0,1
60900,0,1
61000,0,1
61100,0,1
61200,0,1
61300,0,1
61400,0,1
61500,0,1
61600,0,1
61700,0,1
61800,0,1
61900,0,1
62000,0,1
62100,0,1
62200,0,1
62300,0,1
62400,0,1
62500,0,1
62600,0,1
62700,0,1
62800,0,1
62900,0,1
63000,0,1
63100,0,1
63200,0,1
63300,0,1
63400,0,1
63500,0,1
63600,0,1
63700,0,1
63800,0,1
63900,0,1
64000,0,1
64100,0,1
64200,0,1
64300,0,1
64400,0,1
64500,0,1
64600,0,1
64700,0,1
64800,0,1
64900,0,1
65000,0,1
65100,0,1
65200,0,1
65300,0,1
65400,0,1
65500,0,1
65600,0,1
65700,0,1
65800,0,1
65900,0,1
66000,0,1
66100,0,1
66200,0,1
66300,0,1
66400,0,1
66500,0,1
66600,0,1
66700,0,1
66800,0,1
66900,0,1
67000,0,1
67100,0,1
67200,0,1
67300,0,1
67400,0,1
67500,0,1
67600,0,1
67700,0,1
67800,0,1
67900,0,1
68000,0,1
68100,0,1
68200,0,1
68300,0,1
68400,0,1
68500,0,1
68600,0,1
68700,0,1
68800,0,1
68900,0,1
69000,0,1
69100,0,1
69200,0,1
69300,0,1
69400,0,1
69500,0,1
69600,0,1
69700,0,1
69800,0,1
69900,0,1
70000,0,1
70100,0,1
70200,0,1
70300,0,1
70400,0,1
70500,0,1
70600,0,1
70700,0,1
70800,0,1
70900,0,1
71000,0,1
71100,0,1
71200,0,1
71300,0,1
71400,0,1
71500,0,1
71600,0,1
71700,0,1
71800,0,1
71900,0,1
72000,0,1
72100,0,1
72200,0,1
72300,0,1
72400,0,1
72500,0,1
72600,0,1
72700,0,1
72800,0,1
72900,0,1
73000,0,1
73100,0,1
73200,0,1
73300,0,1
73400,0,1
73500,0,1
73600,0,1
73700,0,1
73800,0,1
73900,0,1
74000,0,1
74100,0,1
74200,0,1
74300,0,1
74400,0,1
74500,0,1
74600,0,1
74700,0,1
74800,0,1
74900,0,1
75000,0,1
75100,0,1
75200,0,1
75300,0,1
75400,0,1
75500,0,1
75600,0,1
75700,0,1
75800,0,1
75900,0,1
76000,0,1
76100,0,1
76200,0,1
76300,0,1
76400,0,1
76500,0,1
76600,0,1
76700,0,1
76800,0,1
76900,0,1
77000,0,1
77100,0,1
77200,0,1
77300,0,1
77400,0,1
77500,0,1
77600,0,1
77700,0,1
77800,0,1
77900,0,1
78000,0,1
78100,0,1
78200,0,1
78300,0,1
78400,0,1
78500,0,1
78600,0,1
78700,0,1
78800,0,1
78900,0,1
79000,0,1
79100,0,1
79200,0,1
79300,0,1
79400,0,1
79500,0,1
79600,0,1
79700,0,1
79800,0,1
79900,0,1
80000,0,1
80100,0,1
80200,0,1
80300,0,1
80400,0,1
80500,0,1
80600,0,1
80700,0,1
80800,0,1
80900,0,1
81000,0,1
81100,0,1
81200,0,1
81300,0,1
81400,0,1
81500,0,1
81600,0,1
81700,0,1
81800,0,1
81900,0,1
82000,0,1
82100,0,1
82200,0,1
82300,0,1
82400,0,1
82500,0,1
82600,0,1
82700,0,1
82800,0,1
82900,0,1
83000,0,1
83100,0,1
83200,0,1
83300,0,1
83400,0,1
83500,0,1
83600,0,1
83700,0,1
83800,0,1
83900,0,1
84000,0,1
84100,0,1
84200,0,1
84300,0,1
84400,0,1
84500,0,1
84600,0,1
84700,0,1
84800,0,1
84900,0,1
85000,0,1
85100,0,1
85200,0,1
85300,0,1
85400,0,1
85500,0,1
85600,0,1
85700,0,1
85800,0,1
85900,0,1
86000,0,1
86100,0,1
86200,0,1
86300,0,1
86400,0,1
86500,0,1
86600,0,1
86700,0,1
86800,0,1
86900,0,1
87000,0,1
87100,0,1
87200,0,1
87300,0,1
87400,0,1
87500,0,1
87600,0,1
87700,0,1
87800,0,1
87900,0,1
88000,0,1
88100,0,1
88200,0,1
88300,0,1
88400,0,1
88500,0,1
88600,0,1
88700,0,1
88800,0,1
88900,0,1
89000,0,1
89100,0,1
89200,0,1
89300,0,1
89400,0,1
89500,0,1
89600,0,1
89700,0,1
89800,0,1
89900,0,1
90000,0,1
90100,0,1
90200,0,1
90300,0,1
90400,0,1
90500,0,1
90600,0,1
90700,0,1
90800,0,1
90900,0,1
91000,0,1
91100,0,1
91200,0,1
91300,0,1
91400,0,1
91500,0,1
91600,0,1
91700,0,1
91800,0,1
91900,0,1
92000,0,1
92100,0,1
92200,0,1
92300,0,1
92400,0,1
92500,0,1
92600,0,1
92700,0,1
92800,0,1
92900,0,1
93000,0,1
93100,0,1
93200,0,1
93300,0,1
93400,0,1
93500,0,1
93600,0,1
93700,0,1
93800,0,1
93900,0,1
94000,0,1
94100,0,1
94200,0,1
94300,0,1
94400,0,1
94500,0,1
94600,0,1
94700,0,1
94800,0,1
94900,0,1
95000,0,1
95100,0,1
95200,0,1
95300,0,1
95400,0,1
95500,0,1
95600,0,1
95700,0,1
95800,0,1
95900,0,1
96000,0,1
96100,0,1
96200,0,1
96300,0,1
96400,0,1
96500,0,1
96600,0,1
96700,0,1
96800,0,1
96900,0,1
97000,0,1
97100,0,1
97200,0,1
97300,0,1
97400,0,1
97500,0,1
97600,0,1
97700,0,1
97800,0,1
97900,0,1
98000,0,1
98100,0,1
98200,0,1
98300,0,1
98400,0,1
98500,0,1
98600,0,1
98700,0,1
98800,0,1
98900,0,1
99000,0,1
99100,0,1
99200,0,1
99300,0,1
99400,0,1
99500,0,1
99600,0,1
99700,0,1
99800,0,1
99900,0,1
