0,0.499999,0.500004
100,0.49199,0.499842
200,0.494785,0.500375
300,0.486904,0.500096
400,0.492966,0.500172
500,0.478805,0.501031
600,0.474739,0.500778
700,0.469781,0.500537
800,0.484388,0.499385
900,0.476033,0.498266
1000,0.46871,0.49749
1100,0.476611,0.496962
1200,0.483813,0.496772
1300,0.470398,0.496812
1400,0.466856,0.496758
1500,0.452406,0.494615
1600,0.474739,0.493353
1700,0.492505,0.491574
1800,0.492252,0.488448
1900,0.478591,0.486598
2000,0.470108,0.484908
2100,0.489122,0.482527
2200,0.484879,0.480113
2300,0.481039,0.477232
2400,0.484738,0.474693
2500,0.478542,0.471224
2600,0.474731,0.468695
2700,0.478274,0.465287
2800,0.481195,0.462104
2900,0.479741,0.459347
3000,0.485149,0.456526
3100,0.485526,0.453505
3200,0.479902,0.451713
3300,0.46506,0.448404
3400,0.455145,0.445991
3500,0.46302,0.442654
3600,0.46774,0.439927
3700,0.466927,0.436658
3800,0.457688,0.433311
3900,0.439037,0.428769
4000,0.430871,0.425235
4100,0.434922,0.42177
4200,0.418105,0.418207
4300,0.417365,0.415442
4400,0.411081,0.412172
4500,0.405025,0.408259
4600,0.400659,0.405531
4700,0.40179,0.400938
4800,0.395691,0.395475
4900,0.391596,0.388477
5000,0.382157,0.380336
5100,0.375936,0.370301
5200,0.365699,0.358031
5300,0.358717,0.344073
5400,0.336282,0.328737
5500,0.320262,0.314104
5600,0.319198,0.297991
5700,0.310728,0.282369
5800,0.295438,0.267172
5900,0.283158,0.250656
6000,0.271371,0.234136
6100,0.25806,0.218091
6200,0.237123,0.201028
6300,0.22563,0.184933
6400,0.209758,0.168961
6500,0.19158,0.153439
6600,0.179297,0.138731
6700,0.170506,0.125027
6800,0.153273,0.112024
6900,0.139423,0.0995359
7000,0.12661,0.0889036
7100,0.115563,0.0783472
7200,0.108947,0.0695002
7300,0.103673,0.0620196
7400,0.0902325,0.0555045
7500,0.082975,0.0498287
7600,0.07533,0.0452131
7700,0.0749294,0.040784
7800,0.0694731,0.0372945
7900,0.0615673,0.0341728
8000,0.0592299,0.0318149
8100,0.0593415,0.0299028
8200,0.0576762,0.02854
8300,0.0525618,0.0270768
8400,0.0479841,0.0257181
8500,0.0450537,0.0247572
8600,0.0444582,0.0236899
8700,0.0434235,0.0229216
8800,0.0420291,0.0221201
8900,0.0426548,0.0215597
9000,0.0388022,0.021022
9100,0.0371622,0.0204837
9200,0.0362998,0.0200235
9300,0.0385145,0.0200202
9400,0.0380097,0.0201538
9500,0.038178,0.0204571
9600,0.0355404,0.0205799
9700,0.03517,0.020687
9800,0.0354052,0.0209057
9900,0.0358148,0.0210475
10000,0.0358127,0.0211148
10100,0.0377159,0.0212314
10200,0.0364238,0.0212909
10300,0.0362762,0.0213252
10400,0.0366158,0.0211826
10500,0.0370934,0.0212028
10600,0.0370385,0.0211604
10700,0.0364686,0.0210214
10800,0.0363317,0.0211334
10900,0.0380486,0.0209165
11000,0.038491,0.0209741
11100,0.0478748,0.0207795
11200,0.0379627,0.0205808
11300,0.036289,0.0204142
11400,0.0374867,0.0203653
11500,0.0352806,0.020407
11600,0.0339468,0.0200156
11700,0.0340583,0.0198317
11800,0.0323543,0.0194891
11900,0.0317847,0.0191762
12000,0.0319017,0.0189116
12100,0.0325077,0.0188509
12200,0.0321471,0.0188014
12300,0.0310248,0.0186725
12400,0.0307141,0.018431
12500,0.0307439,0.018235
12600,0.0310402,0.0182531
12700,0.0305963,0.0179389
12800,0.0310564,0.0176394
12900,0.0307251,0.0173766
13000,0.0305528,0.0171792
13100,0.029331,0.0170394
13200,0.0299669,0.0168513
13300,0.0344599,0.0166323
13400,0.0356585,0.0166001
13500,0.0422037,0.016243
13600,0.0524444,0.0159779
13700,0.0535522,0.0158763
13800,0.0346583,0.0157048
13900,0.0330264,0.0157174
14000,0.0330953,0.0159091
14100,0.0334834,0.0163097
14200,0.0326322,0.0167279
14300,0.0327524,0.017298
14400,0.0322714,0.0180463
14500,0.0332044,0.0185651
14600,0.0330544,0.0190761
14700,0.0345772,0.0195914
14800,0.0351169,0.0201257
14900,0.0354799,0.0207202
15000,0.0358327,0.0211086
15100,0.0362829,0.0215148
15200,0.0378371,0.0217866
15300,0.0366692,0.0221758
15400,0.0380902,0.0224836
15500,0.0388395,0.0227478
15600,0.0387391,0.0230727
15700,0.0384659,0.0231051
15800,0.0378968,0.0231248
15900,0.0376138,0.0228491
16000,0.0375056,0.0225606
16100,0.0366569,0.0221516
16200,0.0360562,0.0215821
16300,0.0353807,0.0212682
16400,0.0335722,0.020487
16500,0.0320947,0.0197736
16600,0.0313414,0.0192594
16700,0.0302603,0.0184724
16800,0.0290971,0.0178133
16900,0.0275107,0.0169955
17000,0.0261209,0.016198
17100,0.0251741,0.0155251
17200,0.0246688,0.0148596
17300,0.0242492,0.0143899
17400,0.0232451,0.0137474
17500,0.0215928,0.0129799
17600,0.020916,0.0124123
17700,0.019843,0.0117891
17800,0.0182953,0.011187
17900,0.0179983,0.0105631
18000,0.0159536,0.0100725
18100,0.0160247,0.00961503
18200,0.0169713,0.00917733
18300,0.0149001,0.00889808
18400,0.0137781,0.00838763
18500,0.0137605,0.00821788
18600,0.0134697,0.0078142
18700,0.0124295,0.00749238
18800,0.0122113,0.00729352
18900,0.0117268,0.00699512
19000,0.0114245,0.00672101
19100,0.0107246,0.00656595
19200,0.0113684,0.00639588
19300,0.0108413,0.00628729
19400,0.0102098,0.0060258
19500,0.0100327,0.0058807
19600,0.0100081,0.00584123
19700,0.00984408,0.00574179
19800,0.00967259,0.00557662
19900,0.00934424,0.00557611
20000,0.00941242,0.00546575
20100,0.00890943,0.00526773
20200,0.00858295,0.00511184
20300,0.00830523,0.00503544
20400,0.00791548,0.00483563
20500,0.00754302,0.00458985
20600,0.0071779,0.00435242
20700,0.00691833,0.00414148
20800,0.00612788,0.00375904
20900,0.00557923,0.00352164
21000,0.00514764,0.00321807
21100,0.00481455,0.00296047
21200,0.004116,0.00266192
21300,0.00378858,0.0023605
21400,0.00328373,0.00203076
21500,0.00295289,0.00182431
21600,0.00263188,0.00164883
21700,0.00238167,0.00148593
21800,0.00201449,0.00126472
21900,0.00173746,0.00107946
22000,0.00142396,0.000894288
22100,0.00122954,0.000759984
22200,0.00113538,0.000697322
22300,0.00096163,0.000593799
22400,0.000742253,0.000460757
22500,0.000617226,0.000383245
22600,0.000506823,0.000316404
22700,0.000420258,0.00026936
22800,0.000311361,0.00019644
22900,0.000258022,0.000161941
23000,0.000222566,0.000138934
23100,0.000169664,0.000105338
23200,0.000103063,6.50192e-05
23300,6.23174e-05,3.86943e-05
23400,2.87606e-05,1.83408e-05
23500,2.31814e-05,1.51771e-05
23600,1.42594e-05,9.15132e-06
23700,5.46095e-06,3.52471e-06
23800,1.7297e-06,1.06991e-06
23900,6.06379e-07,3.81182e-07
24000,2.1164e-08,1.33725e-08
24100,0,0
24200,0,0
24300,0,0
24400,0,0
24500,0,0
24600,0,0
24700,0,0
24800,0,0
24900,0,0
25000,0,0
25100,0,0
25200,0,0
25300,0,0
25400,0,0
25500,0,0
25600,0,0
25700,0,0
25800,0,0
25900,0,0
26000,0,0
26100,0,0
26200,0,0
26300,0,0
26400,0,0
26500,0,0
26600,0,0
26700,0,0
26800,0,0
26900,0,0
27000,0,0
27100,0,0
27200,0,0
27300,0,0
27400,0,0
27500,0,0
27600,0,0
27700,0,0
27800,0,0
27900,0,0
28000,0,0
28100,0,0
28200,0,0
28300,0,0
28400,0,0
28500,0,0
28600,0,0
28700,0,0
28800,0,0
28900,0,0
29000,0,0
29100,0,0
29200,0,0
29300,0,0
29400,0,0
29500,0,0
29600,0,0
29700,0,0
29800,0,0
29900,0,0
30000,0,0
30100,0,0
30200,0,0
30300,0,0
30400,0,0
30500,0,0
30600,0,0
30700,0,0
30800,0,0
30900,0,0
31000,0,0
31100,0,0
31200,0,0
31300,0,0
31400,0,0
31500,0,0
31600,0,0
31700,0,0
31800,0,0
31900,0,0
32000,0,0
32100,0,0
32200,0,0
32300,0,0
32400,0,0
32500,0,0
32600,0,0
32700,0,0
32800,0,0
32900,0,0
33000,0,0
33100,0,0
33200,0,0
33300,0,0
33400,0,0
33500,0,0
33600,0,0
33700,0,0
33800,0,0
33900,0,0
34000,0,0
34100,0,0
34200,0,0
34300,0,0
34400,0,0
34500,0,0
34600,0,0
34700,0,0
34800,0,0
34900,0,0
35000,0,0
35100,0,0
35200,0,0
35300,0,0
35400,0,0
35500,0,0
35600,0,0
35700,0,0
35800,0,0
35900,0,0
36000,0,0
36100,0,0
36200,0,0
36300,0,0
36400,0,0
36500,0,0
36600,0,0
36700,0,0
36800,0,0
36900,0,0
37000,0,0
37100,0,0
37200,0,0
37300,0,0
37400,0,0
37500,0,0
37600,0,0
37700,0,0
37800,0,0
37900,0,0
38000,0,0
38100,0,0
38200,0,0
38300,0,0
38400,0,0
38500,0,0
38600,0,0
38700,0,0
38800,0,0
38900,0,0
39000,0,0
39100,0,0
39200,0,0
39300,0,0
39400,0,0
39500,0,0
39600,0,0
39700,0,0
39800,0,0
39900,0,0
40000,0,0
40100,0,0
40200,0,0
40300,0,0
40400,0,0
40500,0,0
40600,0,0
40700,0,0
40800,0,0
40900,0,0
41000,0,0
41100,0,0
41200,0,0
41300,0,0
41400,0,0
41500,0,0
41600,0,0
41700,0,0
41800,0,0
41900,0,0
42000,0,0
42100,0,0
42200,0,0
42300,0,0
42400,0,0
42500,0,0
42600,0,0
42700,0,0
42800,0,0
42900,0,0
43000,0,0
43100,0,0
43200,0,0
43300,0,0
43400,0,0
43500,0,0
43600,0,0
43700,0,0
43800,0,0
43900,0,0
44000,0,0
44100,0,0
44200,0,0
44300,0,0
44400,0,0
44500,0,0
44600,0,0
44700,0,0
44800,0,0
44900,0,0
45000,0,0
45100,0,0
45200,0,0
45300,0,0
45400,0,0
45500,0,0
45600,0,0
45700,0,0
45800,0,0
45900,0,0
46000,0,0
46100,0,0
46200,0,0
46300,0,0
46400,0,0
46500,0,0
46600,0,0
46700,0,0
46800,0,0
46900,0,0
47000,0,0
47100,0,0
47200,0,0
47300,0,0
47400,0,0
47500,0,0
47600,0,0
47700,0,0
47800,0,0
47900,0,0
48000,0,0
48100,0,0
48200,0,0
48300,0,0
48400,0,0
48500,0,0
48600,0,0
48700,0,0
48800,0,0
48900,0,0
49000,0,0
49100,0,0
49200,0,0
49300,0,0
49400,0,0
49500,0,0
49600,0,0
49700,0,0
49800,0,0
49900,0,0
50000,0,0
50100,0,0
50200,0,0
50300,0,0
50400,0,0
50500,0,0
50600,0,0
50700,0,0
50800,0,0
50900,0,0
51000,0,0
51100,0,0
51200,0,0
51300,0,0
51400,0,0
51500,0,0
51600,0,0
51700,0,0
51800,0,0
51900,0,0
52000,0,0
52100,0,0
52200,0,0
52300,0,0
52400,0,0
52500,0,0
52600,0,0
52700,0,0
52800,0,0
52900,0,0
53000,0,0
53100,0,0
53200,0,0
53300,0,0
53400,0,0
53500,0,0
53600,0,0
53700,0,0
53800,0,0
53900,0,0
54000,0,0
54100,0,0
54200,0,0
54300,0,0
54400,0,0
54500,0,0
54600,0,0
54700,0,0
54800,0,0
54900,0,0
55000,0,0
55100,0,0
55200,0,0
55300,0,0
55400,0,0
55500,0,0
55600,0,0
55700,0,0
55800,0,0
55900,0,0
56000,0,0
56100,0,0
56200,0,0
56300,0,0
56400,0,0
56500,0,0
56600,0,0
56700,0,0
56800,0,0
56900,0,0
57000,0,0
57100,0,0
57200,0,0
57300,0,0
57400,0,0
57500,0,0
57600,0,0
57700,0,0
57800,0,0
57900,0,0
58000,0,0
58100,0,0
58200,0,0
58300,0,0
58400,0,0
58500,0,0
58600,0,0
58700,0,0
58800,0,0
58900,0,0
59000,0,0
59100,0,0
59200,0,0
59300,0,0
59400,0,0
59500,0,0
59600,0,0
59700,0,0
59800,0,0
59900,0,0
60000,0,0
60100,0,0
60200,0,0
60300,0,0
60400,0,0
60500,0,0
60600,0,0
60700,0,0
60800,0,0
60900,0,0
61000,0,0
61100,0,0
61200,0,0
61300,0,0
61400,0,0
61500,0,0
61600,0,0
61700,0,0
61800,0,0
61900,0,0
62000,0,0
62100,0,0
62200,0,0
62300,0,0
62400,0,0
62500,0,0
62600,0,0
62700,0,0
62800,0,0
62900,0,0
63000,0,0
63100,0,0
63200,0,0
63300,0,0
63400,0,0
63500,0,0
63600,0,0
63700,0,0
63800,0,0
63900,0,0
64000,0,0
64100,0,0
64200,0,0
64300,0,0
64400,0,0
64500,0,0
64600,0,0
64700,0,0
64800,0,0
64900,0,0
65000,0,0
65100,0,0
65200,0,0
65300,0,0
65400,0,0
65500,0,0
65600,0,0
65700,0,0
65800,0,0
65900,0,0
66000,0,0
66100,0,0
66200,0,0
66300,0,0
66400,0,0
66500,0,0
66600,0,0
66700,0,0
66800,0,0
66900,0,0
67000,0,0
67100,0,0
67200,0,0
67300,0,0
67400,0,0
67500,0,0
67600,0,0
67700,0,0
67800,0,0
67900,0,0
68000,0,0
68100,0,0
68200,0,0
68300,0,0
68400,0,0
68500,0,0
68600,0,0
68700,0,0
68800,0,0
68900,0,0
69000,0,0
69100,0,0
69200,0,0
69300,0,0
69400,0,0
69500,0,0
69600,0,0
69700,0,0
69800,0,0
69900,0,0
70000,0,0
70100,0,0
70200,0,0
70300,0,0
70400,0,0
70500,0,0
70600,0,0
70700,0,0
70800,0,0
70900,0,0
71000,0,0
71100,0,0
71200,0,0
71300,0,0
71400,0,0
71500,0,0
71600,0,0
71700,0,0
71800,0,0
71900,0,0
72000,0,0
72100,0,0
72200,0,0
72300,0,0
72400,0,0
72500,0,0
72600,0,0
72700,0,0
72800,0,0
72900,0,0
73000,0,0
73100,0,0
73200,0,0
73300,0,0
73400,0,0
73500,0,0
73600,0,0
73700,0,0
73800,0,0
73900,0,0
74000,0,0
74100,0,0
74200,0,0
74300,0,0
74400,0,0
74500,0,0
74600,0,0
74700,0,0
74800,0,0
74900,0,0
75000,0,0
75100,0,0
75200,0,0
75300,0,0
75400,0,0
75500,0,0
75600,0,0
75700,0,0
75800,0,0
75900,0,0
76000,0,0
76100,0,0
76200,0,0
76300,0,0
76400,0,0
76500,0,0
76600,0,0
76700,0,0
76800,0,0
76900,0,0
77000,0,0
77100,0,0
77200,0,0
77300,0,0
77400,0,0
77500,0,0
77600,0,0
77700,0,0
77800,0,0
77900,0,0
78000,0,0
78100,0,0
78200,0,0
78300,0,0
78400,0,0
78500,0,0
78600,0,0
78700,0,0
78800,0,0
78900,0,0
79000,0,0
79100,0,0
79200,0,0
79300,0,0
79400,0,0
79500,0,0
79600,0,0
79700,0,0
79800,0,0
79900,0,0
80000,0,0
80100,0,0
80200,0,0
80300,0,0
80400,0,0
80500,0,0
80600,0,0
80700,0,0
80800,0,0
80900,0,0
81000,0,0
81100,0,0
81200,0,0
81300,0,0
81400,0,0
81500,0,0
81600,0,0
81700,0,0
81800,0,0
81900,0,0
82000,0,0
82100,0,0
82200,0,0
82300,0,0
82400,0,0
82500,0,0
82600,0,0
82700,0,0
82800,0,0
82900,0,0
83000,0,0
83100,0,0
83200,0,0
83300,0,0
83400,0,0
83500,0,0
83600,0,0
83700,0,0
83800,0,0
83900,0,0
84000,0,0
84100,0,0
84200,0,0
84300,0,0
84400,0,0
84500,0,0
84600,0,0
84700,0,0
84800,0,0
84900,0,0
85000,0,0
85100,0,0
85200,0,0
85300,0,0
85400,0,0
85500,0,0
85600,0,0
85700,0,0
85800,0,0
85900,0,0
86000,0,0
86100,0,0
86200,0,0
86300,0,0
86400,0,0
86500,0,0
86600,0,0
86700,0,0
86800,0,0
86900,0,0
87000,0,0
87100,0,0
87200,0,0
87300,0,0
87400,0,0
87500,0,0
87600,0,0
87700,0,0
87800,0,0
87900,0,0
88000,0,0
88100,0,0
88200,0,0
88300,0,0
88400,0,0
88500,0,0
88600,0,0
88700,0,0
88800,0,0
88900,0,0
89000,0,0
89100,0,0
89200,0,0
89300,0,0
89400,0,0
89500,0,0
89600,0,0
89700,0,0
89800,0,0
89900,0,0
90000,0,0
90100,0,0
90200,0,0
90300,0,0
90400,0,0
90500,0,0
90600,0,0
90700,0,0
90800,0,0
90900,0,0
91000,0,0
91100,0,0
91200,0,0
91300,0,0
91400,0,0
91500,0,0
91600,0,0
91700,0,0
91800,0,0
91900,0,0
92000,0,0
92100,0,0
92200,0,0
92300,0,0
92400,0,0
92500,0,0
92600,0,0
92700,0,0
92800,0,0
92900,0,0
93000,0,0
93100,0,0
93200,0,0
93300,0,0
93400,0,0
93500,0,0
93600,0,0
93700,0,0
93800,0,0
93900,0,0
94000,0,0
94100,0,0
94200,0,0
94300,0,0
94400,0,0
94500,0,0
94600,0,0
94700,0,0
94800,0,0
94900,0,0
95000,0,0
95100,0,0
95200,0,0
95300,0,0
95400,0,0
95500,0,0
95600,0,0
95700,0,0
95800,0,0
95900,0,0
96000,0,0
96100,0,0
96200,0,0
96300,0,0
96400,0,0
96500,0,0
96600,0,0
96700,0,0
96800,0,0
96900,0,0
97000,0,0
97100,0,0
97200,0,0
97300,0,0
97400,0,0
97500,0,0
97600,0,0
97700,0,0
97800,0,0
97900,0,0
98000,0,0
98100,0,0
98200,0,0
98300,0,0
98400,0,0
98500,0,0
98600,0,0
98700,0,0
98800,0,0
98900,0,0
99000,0,0
99100,0,0
99200,0,0
99300,0,0
99400,0,0
99500,0,0
99600,0,0
99700,0,0
99800,0,0
99900,0,0
