0,0.49991,0.499704
10,0.496334,0.4994
20,0.498624,0.498196
30,0.490907,0.498668
40,0.490996,0.499371
50,0.488663,0.498256
60,0.493311,0.499929
70,0.496713,0.497685
80,0.493006,0.496384
90,0.486524,0.499416
100,0.488229,0.498801
110,0.491613,0.500314
120,0.490075,0.500806
130,0.485204,0.500119
140,0.493308,0.499731
150,0.491736,0.501987
160,0.496413,0.5036
170,0.495563,0.50159
180,0.496364,0.500934
190,0.495247,0.498974
200,0.490628,0.499373
210,0.497447,0.499767
220,0.491393,0.499998
230,0.496119,0.499228
240,0.494355,0.500293
250,0.487066,0.500633
260,0.490505,0.499345
270,0.494113,0.500513
280,0.49603,0.497346
290,0.494716,0.497254
300,0.494617,0.498168
310,0.495088,0.497768
320,0.490885,0.498191
330,0.494473,0.499518
340,0.491903,0.497269
350,0.488898,0.497772
360,0.48224,0.497743
370,0.492864,0.495712
380,0.497559,0.496352
390,0.495709,0.495989
400,0.491216,0.496584
410,0.490064,0.498868
420,0.487353,0.497258
430,0.48889,0.496648
440,0.495997,0.493857
450,0.495048,0.49291
460,0.495388,0.493564
470,0.496113,0.493009
480,0.493573,0.492683
490,0.483465,0.492543
500,0.49105,0.493556
510,0.485956,0.493454
520,0.49063,0.490378
530,0.489112,0.491425
540,0.48502,0.488539
550,0.485814,0.488729
560,0.476539,0.487856
570,0.484735,0.48912
580,0.479869,0.490873
590,0.471267,0.491621
600,0.482467,0.490127
610,0.479492,0.489766
620,0.477427,0.489467
630,0.472597,0.488084
640,0.482254,0.490608
650,0.478735,0.487155
660,0.479818,0.488811
670,0.479457,0.489109
680,0.474907,0.490108
690,0.477007,0.489206
700,0.472491,0.490667
710,0.476202,0.488246
720,0.485144,0.488371
730,0.484493,0.490536
740,0.47939,0.490169
750,0.482857,0.492785
760,0.481891,0.491919
770,0.485214,0.491788
780,0.481986,0.490579
790,0.484999,0.49256
800,0.480358,0.493195
810,0.481522,0.492393
820,0.472324,0.491259
830,0.483055,0.492406
840,0.477126,0.492679
850,0.47517,0.494207
860,0.482353,0.497034
870,0.493345,0.49667
880,0.486985,0.497666
890,0.485155,0.496457
900,0.481886,0.497259
910,0.48413,0.495419
920,0.481635,0.495137
930,0.475584,0.496723
940,0.469971,0.49773
950,0.467838,0.49809
960,0.465577,0.497467
970,0.465156,0.498579
980,0.465765,0.500587
990,0.459704,0.500166
1000,0.458016,0.497823
1010,0.4607,0.495906
1020,0.471514,0.495695
1030,0.47148,0.497708
1040,0.473654,0.495782
1050,0.471838,0.497351
1060,0.473212,0.49699
1070,0.467012,0.497038
1080,0.472778,0.495717
1090,0.473799,0.498
1100,0.473498,0.497348
1110,0.475212,0.499386
1120,0.475835,0.499465
1130,0.471008,0.49787
1140,0.468897,0.499309
1150,0.468923,0.50143
1160,0.471575,0.500677
1170,0.477537,0.499127
1180,0.482455,0.498505
1190,0.478563,0.500093
1200,0.48074,0.501202
1210,0.486104,0.50195
1220,0.484615,0.504876
1230,0.489031,0.502997
1240,0.492132,0.503089
1250,0.490862,0.503889
1260,0.490663,0.502826
1270,0.480027,0.501685
1280,0.488591,0.498421
1290,0.487835,0.498295
1300,0.481186,0.499307
1310,0.486403,0.499285
1320,0.473577,0.499149
1330,0.463391,0.499686
1340,0.459365,0.498844
1350,0.472823,0.499189
1360,0.47949,0.498427
1370,0.481772,0.50049
1380,0.480714,0.50177
1390,0.480926,0.502966
1400,0.483103,0.504805
1410,0.481529,0.504854
1420,0.485978,0.503541
1430,0.483415,0.505729
1440,0.48364,0.504693
1450,0.48883,0.506777
1460,0.481823,0.506268
1470,0.482348,0.509107
1480,0.485312,0.50997
1490,0.479324,0.508938
1500,0.470855,0.508461
1510,0.470649,0.507694
1520,0.465479,0.50861
1530,0.473024,0.50867
1540,0.473721,0.50931
1550,0.476979,0.510973
1560,0.481877,0.511814
1570,0.486038,0.510842
1580,0.49037,0.510508
1590,0.485342,0.510344
1600,0.488617,0.511066
1610,0.481025,0.511729
1620,0.486951,0.510464
1630,0.490942,0.510466
1640,0.490718,0.510644
1650,0.483038,0.512413
1660,0.481077,0.514121
1670,0.47609,0.514315
1680,0.475336,0.514607
1690,0.477632,0.513509
1700,0.470799,0.513537
1710,0.46161,0.515375
1720,0.459358,0.514499
1730,0.466767,0.513781
1740,0.467235,0.514575
1750,0.469568,0.516539
1760,0.466963,0.51743
1770,0.472771,0.519101
1780,0.459719,0.520229
1790,0.465719,0.521984
1800,0.46162,0.520524
1810,0.469382,0.523005
1820,0.470062,0.52312
1830,0.471294,0.522038
1840,0.47126,0.521942
1850,0.478865,0.521987
1860,0.476702,0.522798
1870,0.472826,0.52347
1880,0.476874,0.524305
1890,0.473828,0.523802
1900,0.48165,0.522493
1910,0.47592,0.522181
1920,0.478669,0.522682
1930,0.476164,0.52217
1940,0.476673,0.522184
1950,0.477359,0.522093
1960,0.474126,0.51839
1970,0.473924,0.5202
1980,0.473299,0.520351
1990,0.476435,0.520353
2000,0.474361,0.519607
2010,0.473372,0.52047
2020,0.478677,0.520498
2030,0.474037,0.517971
2040,0.477648,0.517608
2050,0.470147,0.520439
2060,0.46822,0.521159
2070,0.470162,0.523684
2080,0.474734,0.523577
2090,0.465932,0.524379
2100,0.473776,0.525177
2110,0.455095,0.525729
2120,0.456025,0.525222
2130,0.452389,0.525449
2140,0.449336,0.524953
2150,0.451833,0.526283
2160,0.441593,0.527283
2170,0.441616,0.527918
2180,0.449501,0.528316
2190,0.444374,0.529288
2200,0.450767,0.529239
2210,0.455109,0.530665
2220,0.45556,0.529669
2230,0.454632,0.531123
2240,0.449577,0.532202
2250,0.4519,0.533304
2260,0.453185,0.534333
2270,0.456872,0.535961
2280,0.455612,0.535444
2290,0.454075,0.53488
2300,0.463838,0.537261
2310,0.466687,0.535697
2320,0.470648,0.53714
2330,0.466298,0.537391
2340,0.47604,0.539536
2350,0.472957,0.541164
2360,0.471014,0.540127
2370,0.474949,0.545086
2380,0.474443,0.546643
2390,0.468181,0.547524
2400,0.469299,0.54661
2410,0.464946,0.546477
2420,0.465251,0.548442
2430,0.480455,0.54899
2440,0.482395,0.54957
2450,0.48074,0.549583
2460,0.468871,0.551507
2470,0.473308,0.552833
2480,0.474562,0.553902
2490,0.478217,0.553098
2500,0.477925,0.553536
2510,0.478537,0.554937
2520,0.479099,0.5534
2530,0.485632,0.554352
2540,0.483631,0.556047
2550,0.479711,0.553585
2560,0.473624,0.555036
2570,0.487513,0.554345
2580,0.486532,0.554819
2590,0.485775,0.553893
2600,0.482053,0.554721
2610,0.483995,0.557608
2620,0.483616,0.558887
2630,0.475831,0.559628
2640,0.474076,0.560623
2650,0.477213,0.560227
2660,0.483136,0.561542
2670,0.475911,0.56524
2680,0.477324,0.566359
2690,0.477278,0.566356
2700,0.482347,0.56611
2710,0.479605,0.567405
2720,0.470156,0.567488
2730,0.463805,0.565452
2740,0.468398,0.566529
2750,0.467722,0.566956
2760,0.472127,0.566633
2770,0.473829,0.567803
2780,0.468451,0.567649
2790,0.460976,0.568011
2800,0.458904,0.570761
2810,0.46789,0.569388
2820,0.466035,0.568581
2830,0.46518,0.56843
2840,0.464292,0.568363
2850,0.46361,0.568611
2860,0.464374,0.567382
2870,0.457474,0.568322
2880,0.451163,0.569428
2890,0.455557,0.569144
2900,0.461345,0.568817
2910,0.458627,0.570813
2920,0.472799,0.571884
2930,0.474013,0.572743
2940,0.4753,0.57184
2950,0.474309,0.571367
2960,0.478168,0.5705
2970,0.47781,0.569792
2980,0.478122,0.568644
2990,0.482755,0.568142
3000,0.475622,0.568505
3010,0.476103,0.566894
3020,0.468836,0.567688
3030,0.467883,0.566329
3040,0.469034,0.566163
3050,0.45948,0.565627
3060,0.457347,0.564702
3070,0.464142,0.564366
3080,0.465105,0.56574
3090,0.461567,0.565638
3100,0.455904,0.565024
3110,0.458504,0.567184
3120,0.464283,0.567711
3130,0.462074,0.567909
3140,0.468972,0.567445
3150,0.454531,0.565769
3160,0.445082,0.569885
3170,0.459086,0.571946
3180,0.468627,0.571491
3190,0.466545,0.571928
3200,0.462255,0.571951
3210,0.467588,0.571974
3220,0.467784,0.573101
3230,0.464239,0.574737
3240,0.464624,0.576277
3250,0.459981,0.577771
3260,0.461191,0.57537
3270,0.457984,0.576091
3280,0.451879,0.576253
3290,0.455988,0.576912
3300,0.456421,0.577833
3310,0.456965,0.579355
3320,0.454801,0.578501
3330,0.460211,0.579286
3340,0.450574,0.580553
3350,0.451625,0.580915
3360,0.449988,0.581169
3370,0.445602,0.580085
3380,0.445837,0.580723
3390,0.450432,0.578865
3400,0.454771,0.578831
3410,0.456975,0.579872
3420,0.465278,0.578742
3430,0.457239,0.578395
3440,0.459627,0.578003
3450,0.459462,0.57859
3460,0.457725,0.581421
3470,0.452714,0.581834
3480,0.450404,0.581752
3490,0.455025,0.581174
3500,0.459891,0.582886
3510,0.459569,0.584973
3520,0.460397,0.586766
3530,0.457221,0.58936
3540,0.449976,0.589071
3550,0.449685,0.589706
3560,0.456553,0.591425
3570,0.463199,0.593632
3580,0.462003,0.593546
3590,0.456131,0.594702
3600,0.456459,0.595983
3610,0.460839,0.594631
3620,0.457497,0.595411
3630,0.454121,0.595493
3640,0.453805,0.597723
3650,0.449451,0.597289
3660,0.450324,0.597035
3670,0.449095,0.596603
3680,0.450069,0.596565
3690,0.45372,0.595402
3700,0.449822,0.594991
3710,0.457268,0.593312
3720,0.454021,0.595336
3730,0.447755,0.594566
3740,0.447197,0.593896
3750,0.443716,0.593865
3760,0.452058,0.592833
3770,0.463533,0.594241
3780,0.458925,0.596088
3790,0.458184,0.595363
3800,0.455881,0.596052
3810,0.461931,0.595881
3820,0.459828,0.596394
3830,0.460122,0.597498
3840,0.46013,0.597223
3850,0.461589,0.596284
3860,0.46071,0.597114
3870,0.459606,0.596622
3880,0.459386,0.598072
3890,0.456753,0.598153
3900,0.457435,0.598403
3910,0.460021,0.596151
3920,0.451139,0.597433
3930,0.454848,0.60049
3940,0.455556,0.600792
3950,0.447926,0.601596
3960,0.453818,0.603844
3970,0.454957,0.602834
3980,0.456891,0.602483
3990,0.459734,0.602645
4000,0.462021,0.602511
4010,0.458644,0.602882
4020,0.460364,0.603094
4030,0.455584,0.607104
4040,0.45943,0.608777
4050,0.459972,0.60574
4060,0.457454,0.606275
4070,0.452864,0.607542
4080,0.462674,0.609862
4090,0.461569,0.608923
4100,0.4604,0.60941
4110,0.459156,0.608823
4120,0.455214,0.609497
4130,0.458164,0.610336
4140,0.443993,0.61051
4150,0.44482,0.61218
4160,0.455234,0.612647
4170,0.459898,0.610286
4180,0.444825,0.609914
4190,0.447493,0.609189
4200,0.451532,0.609066
4210,0.452909,0.608422
4220,0.455133,0.608343
4230,0.455776,0.608457
4240,0.459724,0.609354
4250,0.459559,0.608845
4260,0.458585,0.607292
4270,0.455592,0.608893
4280,0.455517,0.607307
4290,0.458105,0.60743
4300,0.450633,0.605811
4310,0.452895,0.60573
4320,0.451595,0.607028
4330,0.451338,0.607416
4340,0.456846,0.606699
4350,0.452904,0.60883
4360,0.450558,0.608796
4370,0.453474,0.610096
4380,0.459234,0.611791
4390,0.454766,0.612509
4400,0.458148,0.612432
4410,0.459779,0.609945
4420,0.457727,0.610216
4430,0.459607,0.611542
4440,0.45644,0.610875
4450,0.462269,0.608923
4460,0.460677,0.610268
4470,0.46224,0.607955
4480,0.458986,0.608965
4490,0.454571,0.611801
4500,0.458082,0.61054
4510,0.461731,0.610274
4520,0.457734,0.612044
4530,0.457515,0.612449
4540,0.456741,0.61323
4550,0.448553,0.613909
4560,0.447542,0.612862
4570,0.45325,0.614583
4580,0.449458,0.615125
4590,0.452208,0.616251
4600,0.455935,0.617669
4610,0.460834,0.617317
4620,0.466113,0.617133
4630,0.4625,0.616845
4640,0.460155,0.617478
4650,0.463467,0.617361
4660,0.462885,0.618626
4670,0.462774,0.618145
4680,0.458333,0.617639
4690,0.459053,0.617318
4700,0.460201,0.617302
4710,0.458491,0.616158
4720,0.459036,0.616657
4730,0.45769,0.614994
4740,0.455336,0.614465
4750,0.449084,0.61308
4760,0.458864,0.61328
4770,0.449614,0.616044
4780,0.455886,0.614528
4790,0.457483,0.614495
4800,0.458302,0.614603
4810,0.458039,0.617295
4820,0.452145,0.61823
4830,0.458942,0.619429
4840,0.453059,0.619477
4850,0.45635,0.619541
4860,0.457974,0.619992
4870,0.458951,0.620221
4880,0.455101,0.620345
4890,0.459709,0.621721
4900,0.459214,0.621572
4910,0.463648,0.620383
4920,0.456097,0.618749
4930,0.447657,0.619896
4940,0.448475,0.619984
4950,0.455223,0.61981
4960,0.454343,0.619359
4970,0.448763,0.619892
4980,0.449237,0.620131
4990,0.446494,0.620033
5000,0.44805,0.623099
5010,0.444551,0.623055
5020,0.438413,0.621396
5030,0.438224,0.622741
5040,0.439205,0.622883
5050,0.435308,0.621549
5060,0.443581,0.62183
5070,0.449018,0.622691
5080,0.45647,0.623144
5090,0.444812,0.624883
5100,0.439242,0.62569
5110,0.439344,0.62389
5120,0.439889,0.623129
5130,0.445066,0.623268
5140,0.450744,0.62359
5150,0.452565,0.623338
5160,0.444582,0.624254
5170,0.449548,0.62384
5180,0.44155,0.623409
5190,0.440978,0.626063
5200,0.445647,0.626981
5210,0.448083,0.626806
5220,0.449506,0.62526
5230,0.451799,0.62616
5240,0.456179,0.627703
5250,0.4589,0.627509
5260,0.459044,0.629012
5270,0.452714,0.627777
5280,0.454428,0.629274
5290,0.455004,0.626981
5300,0.45567,0.627214
5310,0.463083,0.624411
5320,0.453244,0.624401
5330,0.4493,0.62527
5340,0.44959,0.623163
5350,0.443538,0.62321
5360,0.441264,0.62261
5370,0.438883,0.623918
5380,0.449184,0.623791
5390,0.44558,0.624056
5400,0.448333,0.623452
5410,0.446802,0.62346
5420,0.444622,0.622269
5430,0.448218,0.621634
5440,0.444969,0.620934
5450,0.441285,0.620743
5460,0.450937,0.619973
5470,0.449207,0.619634
5480,0.455214,0.618451
5490,0.452405,0.619803
5500,0.448926,0.617292
5510,0.459819,0.615069
5520,0.45519,0.615427
5530,0.454032,0.614652
5540,0.448236,0.616378
5550,0.447304,0.615446
5560,0.446253,0.616639
5570,0.451714,0.614509
5580,0.456037,0.612162
5590,0.451886,0.612258
5600,0.440975,0.611673
5610,0.442749,0.610557
5620,0.451339,0.608729
5630,0.44372,0.609261
5640,0.444686,0.608718
5650,0.444238,0.609481
5660,0.444586,0.608272
5670,0.442712,0.606914
5680,0.451444,0.604095
5690,0.458579,0.603394
5700,0.453009,0.603894
5710,0.449489,0.604113
5720,0.448666,0.605273
5730,0.456652,0.604838
5740,0.454791,0.601939
5750,0.453019,0.599819
5760,0.449579,0.597016
5770,0.452076,0.594988
5780,0.456834,0.594512
5790,0.467236,0.592579
5800,0.466815,0.592071
5810,0.456712,0.592595
5820,0.469269,0.59026
5830,0.467594,0.585929
5840,0.458835,0.584446
5850,0.461136,0.584256
5860,0.454641,0.583392
5870,0.455788,0.582737
5880,0.464805,0.582912
5890,0.461966,0.58241
5900,0.459019,0.581873
5910,0.469549,0.580126
5920,0.46593,0.579514
5930,0.474724,0.582217
5940,0.475892,0.580502
5950,0.475148,0.58055
5960,0.462944,0.579039
5970,0.465191,0.577717
5980,0.460717,0.580137
5990,0.461391,0.578376
6000,0.465715,0.577907
6010,0.465508,0.576794
6020,0.460772,0.578585
6030,0.463513,0.578716
6040,0.452347,0.577291
6050,0.448021,0.576735
6060,0.442409,0.574577
6070,0.448119,0.572696
6080,0.445733,0.571874
6090,0.447719,0.572273
6100,0.445676,0.573299
6110,0.449289,0.569925
6120,0.444992,0.569237
6130,0.446352,0.568178
6140,0.461274,0.566144
6150,0.46136,0.566261
6160,0.462637,0.565485
6170,0.454147,0.5652
6180,0.450329,0.565414
6190,0.452925,0.562891
6200,0.450255,0.561352
6210,0.445987,0.560329
6220,0.444294,0.557947
6230,0.44317,0.55652
6240,0.444701,0.557703
6250,0.439146,0.554435
6260,0.442626,0.554035
6270,0.448706,0.551867
6280,0.441024,0.553098
6290,0.439012,0.553473
6300,0.438557,0.551134
6310,0.438281,0.548965
6320,0.448777,0.547097
6330,0.452126,0.546626
6340,0.451574,0.545165
6350,0.45306,0.544593
6360,0.452578,0.544474
6370,0.450266,0.543358
6380,0.447002,0.542638
6390,0.453241,0.539654
6400,0.45313,0.539644
6410,0.454732,0.536968
6420,0.459736,0.536071
6430,0.456225,0.535432
6440,0.456983,0.535451
6450,0.458504,0.535507
6460,0.460007,0.532861
6470,0.461075,0.533687
6480,0.457217,0.533919
6490,0.462666,0.533551
6500,0.469769,0.533185
6510,0.462689,0.533537
6520,0.460743,0.531538
6530,0.458404,0.530151
6540,0.451484,0.531744
6550,0.451903,0.529893
6560,0.442749,0.528269
6570,0.452181,0.528363
6580,0.4556,0.527617
6590,0.463957,0.526501
6600,0.458859,0.526029
6610,0.453365,0.526589
6620,0.454956,0.525634
6630,0.449942,0.524099
6640,0.452524,0.523638
6650,0.461016,0.523504
6660,0.460413,0.52147
6670,0.470385,0.516894
6680,0.467406,0.517442
6690,0.46975,0.516809
6700,0.470993,0.516666
6710,0.471464,0.515453
6720,0.47314,0.512526
6730,0.474648,0.513043
6740,0.469571,0.513319
6750,0.47036,0.509816
6760,0.471159,0.509463
6770,0.468586,0.508527
6780,0.475547,0.507115
6790,0.473137,0.504128
6800,0.46924,0.503187
6810,0.46135,0.503001
6820,0.462706,0.500867
6830,0.457077,0.500733
6840,0.456331,0.500933
6850,0.457112,0.499476
6860,0.458631,0.498996
6870,0.459405,0.499748
6880,0.460989,0.497541
6890,0.465562,0.496446
6900,0.457789,0.499338
6910,0.462887,0.498349
6920,0.456794,0.498694
6930,0.467477,0.500231
6940,0.460766,0.498781
6950,0.459294,0.497968
6960,0.45127,0.497084
6970,0.452524,0.495354
6980,0.453554,0.494587
6990,0.456168,0.496008
7000,0.459185,0.495441
7010,0.44922,0.496792
7020,0.462241,0.497727
7030,0.471844,0.497788
7040,0.462653,0.496498
7050,0.450741,0.495519
7060,0.457648,0.4963
7070,0.457502,0.495932
7080,0.456248,0.494836
7090,0.457364,0.493548
7100,0.464473,0.493361
7110,0.462224,0.491664
7120,0.461699,0.491029
7130,0.458759,0.490555
7140,0.461063,0.491014
7150,0.465402,0.491272
7160,0.459803,0.489247
7170,0.461202,0.490781
7180,0.459298,0.490666
7190,0.461506,0.489716
7200,0.46026,0.487796
7210,0.465755,0.489022
7220,0.465124,0.487922
7230,0.464784,0.487822
7240,0.461928,0.487336
7250,0.458361,0.486771
7260,0.452925,0.486872
7270,0.447961,0.483965
7280,0.453934,0.483174
7290,0.45183,0.480976
7300,0.451952,0.479566
7310,0.455104,0.480094
7320,0.454227,0.480289
7330,0.458378,0.480458
7340,0.454481,0.479042
7350,0.464275,0.480479
7360,0.46318,0.480307
7370,0.471729,0.480297
7380,0.469638,0.48177
7390,0.467727,0.482846
7400,0.46562,0.482926
7410,0.475322,0.48542
7420,0.474738,0.483732
7430,0.470271,0.483112
7440,0.467237,0.482205
7450,0.473908,0.482885
7460,0.472416,0.486647
7470,0.467367,0.487692
7480,0.470512,0.484909
7490,0.474553,0.486617
7500,0.472023,0.486325
7510,0.471009,0.489836
7520,0.472996,0.489501
7530,0.465414,0.489224
7540,0.468632,0.490806
7550,0.464406,0.489948
7560,0.468131,0.489764
7570,0.466233,0.489864
7580,0.46055,0.488924
7590,0.46544,0.49071
7600,0.459853,0.488566
7610,0.458662,0.488652
7620,0.458744,0.490048
7630,0.459281,0.489594
7640,0.460157,0.489391
7650,0.462315,0.490112
7660,0.468406,0.48998
7670,0.463288,0.490146
7680,0.462544,0.48938
7690,0.457917,0.489095
7700,0.466695,0.490261
7710,0.466306,0.489946
7720,0.461711,0.488415
7730,0.464049,0.487993
7740,0.462113,0.488924
7750,0.459059,0.489697
7760,0.460128,0.491093
7770,0.463224,0.49424
7780,0.466304,0.494404
7790,0.465647,0.492259
7800,0.46441,0.490814
7810,0.45702,0.491724
7820,0.461707,0.490582
7830,0.460654,0.492186
7840,0.455094,0.492588
7850,0.458845,0.495244
7860,0.456684,0.495341
7870,0.454236,0.494895
7880,0.457519,0.494064
7890,0.452684,0.493326
7900,0.451193,0.49325
7910,0.44629,0.494961
7920,0.450119,0.494864
7930,0.445523,0.495026
7940,0.449437,0.495213
7950,0.45131,0.494048
7960,0.447513,0.493898
7970,0.445116,0.495013
7980,0.446135,0.49632
7990,0.445364,0.497215
8000,0.443611,0.496141
8010,0.444216,0.496357
8020,0.442425,0.49643
8030,0.444652,0.496073
8040,0.440281,0.495487
8050,0.44094,0.496185
8060,0.443648,0.494801
8070,0.450366,0.497771
8080,0.457566,0.497524
8090,0.45208,0.498013
8100,0.442274,0.500109
8110,0.437832,0.499804
8120,0.439628,0.501513
8130,0.438334,0.503218
8140,0.442037,0.50706
8150,0.441729,0.507364
8160,0.440248,0.50721
8170,0.443151,0.507007
8180,0.443755,0.508912
8190,0.438865,0.510451
8200,0.431381,0.513087
8210,0.439636,0.515303
8220,0.431379,0.518073
8230,0.425871,0.519865
8240,0.416085,0.52068
8250,0.423425,0.521415
8260,0.421146,0.521901
8270,0.415068,0.523367
8280,0.414918,0.526631
8290,0.414473,0.531056
8300,0.411927,0.531017
8310,0.41049,0.53394
8320,0.408446,0.537045
8330,0.413403,0.539498
8340,0.421199,0.541817
8350,0.418405,0.543612
8360,0.414067,0.547148
8370,0.410481,0.547738
8380,0.414384,0.547982
8390,0.422285,0.549146
8400,0.416068,0.549741
8410,0.411909,0.553622
8420,0.405457,0.55689
8430,0.403563,0.557546
8440,0.398854,0.559194
8450,0.399834,0.558775
8460,0.392682,0.561256
8470,0.39705,0.56261
8480,0.394303,0.564968
8490,0.38858,0.567594
8500,0.390401,0.568591
8510,0.3865,0.571581
8520,0.382361,0.575375
8530,0.383914,0.576919
8540,0.384549,0.579941
8550,0.385457,0.582958
8560,0.38176,0.584906
8570,0.388922,0.587416
8580,0.383715,0.589742
8590,0.384187,0.592573
8600,0.380873,0.593747
8610,0.376854,0.59704
8620,0.373513,0.601195
8630,0.370461,0.601271
8640,0.369214,0.604169
8650,0.365144,0.605502
8660,0.363574,0.605674
8670,0.361963,0.608393
8680,0.361775,0.60955
8690,0.358074,0.611535
8700,0.359254,0.616673
8710,0.367875,0.619026
8720,0.363942,0.619784
8730,0.364486,0.620144
8740,0.369309,0.620435
8750,0.363632,0.624988
8760,0.365986,0.627151
8770,0.364935,0.627598
8780,0.360087,0.629225
8790,0.361217,0.633431
8800,0.357457,0.634115
8810,0.358835,0.636441
8820,0.3581,0.639112
8830,0.35633,0.639076
8840,0.356484,0.641289
8850,0.356516,0.643343
8860,0.357605,0.645103
8870,0.35123,0.647335
8880,0.351889,0.647392
8890,0.353231,0.651049
8900,0.350633,0.653974
8910,0.351619,0.658196
8920,0.349322,0.659635
8930,0.346564,0.663489
8940,0.344214,0.664755
8950,0.341259,0.664652
8960,0.336522,0.667824
8970,0.333013,0.672166
8980,0.330233,0.671357
8990,0.327912,0.673272
9000,0.330418,0.677624
9010,0.324258,0.678368
9020,0.326094,0.679597
9030,0.322934,0.682548
9040,0.324381,0.685017
9050,0.323311,0.685935
9060,0.322168,0.687172
9070,0.318324,0.68794
9080,0.313517,0.691918
9090,0.31137,0.693989
9100,0.313236,0.697963
9110,0.30761,0.700508
9120,0.306258,0.703529
9130,0.309206,0.704736
9140,0.303775,0.708999
9150,0.303869,0.711638
9160,0.302554,0.713033
9170,0.300994,0.717201
9180,0.299776,0.717307
9190,0.297691,0.718879
9200,0.297229,0.721325
9210,0.292766,0.723946
9220,0.291268,0.725971
9230,0.291419,0.728484
9240,0.29248,0.729688
9250,0.289793,0.733033
9260,0.285365,0.734945
9270,0.282492,0.737949
9280,0.277716,0.741531
9290,0.277357,0.746456
9300,0.277978,0.745332
9310,0.277634,0.747923
9320,0.273467,0.752607
9330,0.272415,0.753531
9340,0.27246,0.756608
9350,0.268529,0.756038
9360,0.265495,0.759951
9370,0.266769,0.762511
9380,0.266183,0.762855
9390,0.261583,0.766082
9400,0.257706,0.770532
9410,0.257603,0.770788
9420,0.25555,0.773658
9430,0.250392,0.777733
9440,0.250487,0.77929
9450,0.245704,0.782218
9460,0.245715,0.785013
9470,0.243041,0.786907
9480,0.240705,0.788984
9490,0.237173,0.792092
9500,0.23974,0.79142
9510,0.234592,0.793952
9520,0.234679,0.793753
9530,0.234547,0.795203
9540,0.229443,0.798126
9550,0.226322,0.800566
9560,0.227019,0.801466
9570,0.229706,0.803718
9580,0.229656,0.807624
9590,0.22817,0.808302
9600,0.224406,0.81
9610,0.223615,0.810533
9620,0.224466,0.809402
9630,0.219136,0.810638
9640,0.219659,0.812063
9650,0.217017,0.813329
9660,0.214352,0.815673
9670,0.213356,0.816339
9680,0.212299,0.819508
9690,0.209667,0.821927
9700,0.206387,0.823548
9710,0.205424,0.825705
9720,0.207173,0.826478
9730,0.204581,0.827373
9740,0.203262,0.828716
9750,0.200385,0.831227
9760,0.19889,0.832729
9770,0.197699,0.834465
9780,0.197344,0.832979
9790,0.194006,0.834577
9800,0.191587,0.83644
9810,0.190469,0.837026
9820,0.188506,0.838246
9830,0.18865,0.839454
9840,0.186181,0.843666
9850,0.187968,0.845895
9860,0.18612,0.847652
9870,0.181771,0.85054
9880,0.179753,0.853747
9890,0.176643,0.854599
9900,0.176473,0.855338
9910,0.170983,0.857961
9920,0.168845,0.85944
9930,0.167183,0.861604
9940,0.166042,0.862064
9950,0.164671,0.86431
9960,0.162232,0.865871
9970,0.161264,0.867583
9980,0.156756,0.870476
9990,0.157657,0.871177
