0,0.499999,0.499883
100,0.496624,0.5
200,0.488627,0.499962
300,0.488065,0.500356
400,0.491472,0.500255
500,0.494181,0.501213
600,0.48479,0.501455
700,0.475104,0.502206
800,0.487733,0.501954
900,0.483844,0.501902
1000,0.480393,0.501013
1100,0.485457,0.499905
1200,0.494374,0.499505
1300,0.478147,0.498786
1400,0.483559,0.497698
1500,0.473783,0.496583
1600,0.480465,0.49573
1700,0.481688,0.494665
1800,0.480729,0.49349
1900,0.477355,0.491801
2000,0.479483,0.490002
2100,0.49203,0.488516
2200,0.49449,0.486551
2300,0.492039,0.484239
2400,0.478069,0.481454
2500,0.48611,0.477787
2600,0.495197,0.473908
2700,0.489937,0.470433
2800,0.477501,0.467879
2900,0.492128,0.465244
3000,0.489078,0.463377
3100,0.482641,0.461602
3200,0.482175,0.459268
3300,0.478237,0.457602
3400,0.467687,0.456074
3500,0.473308,0.455024
3600,0.479303,0.454018
3700,0.470773,0.452534
3800,0.484604,0.451392
3900,0.48165,0.451119
4000,0.487459,0.449853
4100,0.489397,0.449328
4200,0.486757,0.449013
4300,0.483896,0.449247
4400,0.486488,0.449025
4500,0.484552,0.448371
4600,0.49364,0.448359
4700,0.478601,0.44865
4800,0.490599,0.447796
4900,0.4842,0.447795
5000,0.469889,0.447478
5100,0.472152,0.44778
5200,0.478367,0.447523
5300,0.478726,0.446887
5400,0.477875,0.445962
5500,0.485171,0.446351
5600,0.484261,0.446096
5700,0.468615,0.446416
5800,0.486019,0.447236
5900,0.474524,0.447549
6000,0.47931,0.447526
6100,0.478746,0.448365
6200,0.471682,0.448696
6300,0.486284,0.449396
6400,0.47724,0.449737
6500,0.491258,0.449941
6600,0.478202,0.450399
6700,0.490427,0.45018
6800,0.476901,0.450083
6900,0.491969,0.450454
7000,0.489624,0.450274
7100,0.479821,0.449481
7200,0.485847,0.449308
7300,0.491009,0.449092
7400,0.490431,0.448535
7500,0.487397,0.44763
7600,0.485456,0.446926
7700,0.4792,0.446454
7800,0.475885,0.44517
7900,0.477791,0.444743
8000,0.482525,0.444973
8100,0.484147,0.444222
8200,0.478732,0.443442
8300,0.48115,0.442413
8400,0.47222,0.44149
8500,0.478118,0.440891
8600,0.484607,0.440002
8700,0.479645,0.439143
8800,0.478904,0.437821
8900,0.473552,0.437163
9000,0.484752,0.436357
9100,0.482012,0.436368
9200,0.481163,0.436037
9300,0.487425,0.435657
9400,0.467327,0.435683
9500,0.483034,0.435892
9600,0.47437,0.435848
9700,0.474033,0.435396
9800,0.463798,0.436369
9900,0.477164,0.437339
10000,0.483006,0.437648
10100,0.487772,0.437317
10200,0.479699,0.437841
10300,0.483498,0.437823
10400,0.47265,0.438406
10500,0.488453,0.438797
10600,0.486855,0.438918
10700,0.478998,0.438578
10800,0.475309,0.439107
10900,0.476979,0.43836
11000,0.476693,0.43787
11100,0.48692,0.437453
11200,0.485956,0.437324
11300,0.484539,0.437045
11400,0.486679,0.436874
11500,0.474036,0.436857
11600,0.476189,0.436602
11700,0.478343,0.435826
11800,0.48428,0.434961
11900,0.472838,0.434407
12000,0.484418,0.434067
12100,0.484175,0.433876
12200,0.478739,0.433099
12300,0.484342,0.43279
12400,0.477448,0.432332
12500,0.484881,0.432969
12600,0.481579,0.43277
12700,0.482614,0.433165
12800,0.482297,0.433549
12900,0.486539,0.432682
13000,0.471997,0.432948
13100,0.470814,0.433317
13200,0.46686,0.432905
13300,0.48042,0.432998
13400,0.477567,0.433486
13500,0.483871,0.433966
13600,0.475085,0.435465
13700,0.485994,0.436924
13800,0.48308,0.437169
13900,0.482525,0.43834
14000,0.488922,0.439379
14100,0.47615,0.439907
14200,0.479557,0.440943
14300,0.485241,0.441621
14400,0.489278,0.44186
14500,0.480068,0.442154
14600,0.490061,0.441993
14700,0.486745,0.441195
14800,0.483098,0.441319
14900,0.485745,0.441568
15000,0.477221,0.441671
15100,0.488214,0.442383
15200,0.481435,0.442201
15300,0.46437,0.441985
15400,0.473798,0.441769
15500,0.466279,0.441721
15600,0.476017,0.441072
15700,0.478943,0.440788
15800,0.479318,0.440282
15900,0.482847,0.439728
16000,0.488228,0.439669
16100,0.46602,0.439354
16200,0.464014,0.438369
16300,0.475707,0.438624
16400,0.477613,0.438924
16500,0.471633,0.439643
16600,0.48653,0.439756
16700,0.482313,0.439159
16800,0.483387,0.438936
16900,0.470599,0.438881
17000,0.462711,0.438885
17100,0.466683,0.438482
17200,0.460919,0.438456
17300,0.465649,0.439062
17400,0.478597,0.4385
17500,0.477952,0.438666
17600,0.46395,0.439528
17700,0.490168,0.439611
17800,0.471589,0.439959
17900,0.468127,0.43991
18000,0.463975,0.439712
18100,0.455175,0.438979
18200,0.474789,0.439116
18300,0.461936,0.439639
18400,0.457348,0.440153
18500,0.460132,0.4402
18600,0.477855,0.441279
18700,0.473424,0.441621
18800,0.469846,0.440884
18900,0.464826,0.439895
19000,0.472335,0.439633
19100,0.463293,0.438795
19200,0.481839,0.437734
19300,0.466495,0.436586
19400,0.480631,0.435655
19500,0.488386,0.433658
19600,0.483926,0.432775
19700,0.481587,0.431546
19800,0.486882,0.429784
19900,0.483667,0.42801
20000,0.473233,0.426747
20100,0.478985,0.425793
20200,0.485753,0.423847
20300,0.479638,0.422189
20400,0.474156,0.420486
20500,0.458043,0.419101
20600,0.478697,0.417973
20700,0.47418,0.416563
20800,0.463728,0.41473
20900,0.472482,0.413436
21000,0.476199,0.411169
21100,0.482185,0.410552
21200,0.480549,0.408664
21300,0.468474,0.407961
21400,0.475317,0.408696
21500,0.47111,0.407673
21600,0.469791,0.407169
21700,0.468691,0.407092
21800,0.466937,0.407149
21900,0.464938,0.407258
22000,0.481212,0.407316
22100,0.479074,0.406605
22200,0.474667,0.40636
22300,0.465437,0.406242
22400,0.463269,0.406121
22500,0.465766,0.406844
22600,0.467936,0.40748
22700,0.477086,0.40762
22800,0.46818,0.408517
22900,0.471473,0.407924
23000,0.477742,0.407469
23100,0.478653,0.407324
23200,0.475101,0.406596
23300,0.463248,0.405565
23400,0.454898,0.404487
23500,0.473887,0.403706
23600,0.454731,0.402761
23700,0.449004,0.401437
23800,0.472047,0.400363
23900,0.468634,0.398457
24000,0.468099,0.397299
24100,0.467918,0.397133
24200,0.457551,0.395956
24300,0.472983,0.395394
24400,0.458346,0.394652
24500,0.464112,0.392963
24600,0.465649,0.392463
24700,0.473281,0.391986
24800,0.464082,0.392038
24900,0.472255,0.392429
25000,0.469191,0.392511
25100,0.462115,0.392877
25200,0.463309,0.392726
25300,0.459826,0.392319
25400,0.470158,0.393443
25500,0.473294,0.392888
25600,0.474629,0.393578
25700,0.472362,0.394227
25800,0.473602,0.395158
25900,0.474287,0.396422
26000,0.461777,0.397345
26100,0.478359,0.398571
26200,0.472633,0.399422
26300,0.477062,0.399858
26400,0.463711,0.400882
26500,0.450227,0.401114
26600,0.45102,0.402563
26700,0.451253,0.404112
26800,0.460967,0.405952
26900,0.46719,0.406921
27000,0.469298,0.407858
27100,0.476779,0.409011
27200,0.471712,0.41039
27300,0.457624,0.411123
27400,0.465636,0.412423
27500,0.470431,0.412685
27600,0.480688,0.413319
27700,0.460279,0.414703
27800,0.483537,0.415742
27900,0.476731,0.416534
28000,0.47028,0.416899
28100,0.463764,0.417948
28200,0.469624,0.418414
28300,0.478066,0.418971
28400,0.475444,0.419201
28500,0.483884,0.419652
28600,0.477054,0.419569
28700,0.473806,0.418443
28800,0.476062,0.418568
28900,0.477395,0.41851
29000,0.483596,0.41881
29100,0.484378,0.418899
29200,0.477307,0.418725
29300,0.478846,0.418697
29400,0.476662,0.418426
29500,0.483209,0.41889
29600,0.480117,0.418644
29700,0.474185,0.418091
29800,0.468377,0.418126
29900,0.471892,0.417052
30000,0.486922,0.417167
30100,0.477717,0.41774
30200,0.464682,0.418333
30300,0.472277,0.417609
30400,0.484156,0.418184
30500,0.478936,0.418133
30600,0.470506,0.419028
30700,0.47576,0.420046
30800,0.470493,0.420321
30900,0.482284,0.421536
31000,0.476774,0.42283
31100,0.485379,0.423379
31200,0.482822,0.424364
31300,0.483283,0.425023
31400,0.479362,0.425033
31500,0.480299,0.425124
31600,0.476126,0.425301
31700,0.47298,0.425165
31800,0.473353,0.425444
31900,0.474952,0.424902
32000,0.473616,0.42537
32100,0.480838,0.425619
32200,0.478715,0.424763
32300,0.471768,0.424236
32400,0.467061,0.423784
32500,0.468044,0.423122
32600,0.467343,0.423695
32700,0.480937,0.422728
32800,0.480825,0.422167
32900,0.483246,0.421408
33000,0.485868,0.421241
33100,0.465826,0.420421
33200,0.467451,0.41945
33300,0.471929,0.41902
33400,0.474598,0.417506
33500,0.457118,0.416835
33600,0.475196,0.415315
33700,0.473956,0.414916
33800,0.474379,0.413773
33900,0.451752,0.412531
34000,0.437893,0.411525
34100,0.443306,0.411172
34200,0.450046,0.409787
34300,0.454069,0.409016
34400,0.446028,0.40813
34500,0.457788,0.406238
34600,0.469523,0.40498
34700,0.454983,0.403079
34800,0.464891,0.401231
34900,0.463816,0.399449
35000,0.473023,0.397266
35100,0.464215,0.395659
35200,0.467449,0.394667
35300,0.471385,0.393491
35400,0.460982,0.392435
35500,0.475979,0.391627
35600,0.464872,0.38961
35700,0.468782,0.388299
35800,0.467821,0.387117
35900,0.462074,0.385337
36000,0.465846,0.384921
36100,0.467061,0.383981
36200,0.45639,0.382679
36300,0.463796,0.381759
36400,0.466442,0.38135
36500,0.461713,0.380664
36600,0.467707,0.380701
36700,0.4678,0.380042
36800,0.454971,0.379544
36900,0.459198,0.379595
37000,0.465363,0.378784
37100,0.461771,0.37798
37200,0.456994,0.377285
37300,0.447392,0.37711
37400,0.439727,0.377392
37500,0.442476,0.376628
37600,0.462579,0.376418
37700,0.457795,0.375726
37800,0.450641,0.375712
37900,0.450217,0.375121
38000,0.458421,0.37442
38100,0.460758,0.374256
38200,0.459285,0.374092
38300,0.46266,0.373628
38400,0.457187,0.372687
38500,0.458936,0.370713
38600,0.452183,0.37035
38700,0.454525,0.36939
38800,0.453996,0.368508
38900,0.455509,0.368451
39000,0.447202,0.368188
39100,0.44655,0.368074
39200,0.451591,0.367521
39300,0.442382,0.368396
39400,0.451895,0.368422
39500,0.439088,0.369211
39600,0.445852,0.368959
39700,0.460865,0.369908
39800,0.456669,0.37017
39900,0.461012,0.370415
40000,0.467301,0.370858
40100,0.456228,0.37113
40200,0.460402,0.372102
40300,0.457164,0.372961
40400,0.46381,0.374278
40500,0.463044,0.375164
40600,0.45154,0.376004
40700,0.448326,0.377138
40800,0.456321,0.377679
40900,0.453357,0.378863
41000,0.471076,0.380859
41100,0.465422,0.381789
41200,0.461677,0.384032
41300,0.454406,0.386357
41400,0.446163,0.388047
41500,0.428475,0.389295
41600,0.436387,0.391735
41700,0.435475,0.394134
41800,0.435581,0.396764
41900,0.449904,0.3995
42000,0.45412,0.40275
42100,0.446564,0.405845
42200,0.452294,0.409694
42300,0.478443,0.413322
42400,0.480741,0.416836
42500,0.482734,0.420737
42600,0.467978,0.424968
42700,0.478739,0.429662
42800,0.473592,0.433409
42900,0.485451,0.437416
43000,0.491298,0.441701
43100,0.483284,0.444453
43200,0.470197,0.447529
43300,0.484759,0.450918
43400,0.469513,0.45301
43500,0.477018,0.45479
43600,0.488934,0.457256
43700,0.482697,0.459229
43800,0.4962,0.461866
43900,0.486058,0.46458
44000,0.480371,0.466115
44100,0.480736,0.468085
44200,0.467781,0.469475
44300,0.48911,0.471137
44400,0.492272,0.471944
44500,0.492367,0.472906
44600,0.484088,0.474078
44700,0.489952,0.47431
44800,0.483277,0.475319
44900,0.489638,0.476645
45000,0.49206,0.477567
45100,0.491458,0.478393
45200,0.496798,0.479048
45300,0.490303,0.480908
45400,0.487998,0.4825
45500,0.48976,0.483658
45600,0.491121,0.484623
45700,0.496251,0.485169
45800,0.492291,0.486248
45900,0.486439,0.486245
46000,0.491711,0.486117
46100,0.488935,0.486294
46200,0.496577,0.485945
46300,0.491853,0.48614
46400,0.481485,0.486332
46500,0.483206,0.486987
46600,0.488099,0.487238
46700,0.494451,0.487157
46800,0.494154,0.487925
46900,0.492094,0.487958
47000,0.492796,0.488273
47100,0.490621,0.488821
47200,0.490952,0.488916
47300,0.486825,0.489467
47400,0.490817,0.490058
47500,0.497667,0.48986
47600,0.473652,0.489384
47700,0.476414,0.488882
47800,0.484848,0.488136
47900,0.494343,0.487938
48000,0.494447,0.487606
48100,0.489472,0.487444
48200,0.489593,0.487221
48300,0.495768,0.487134
48400,0.495615,0.487558
48500,0.494984,0.487907
48600,0.490901,0.48766
48700,0.495942,0.487995
48800,0.492433,0.488097
48900,0.479695,0.487823
49000,0.489173,0.487535
49100,0.495217,0.487619
49200,0.486383,0.488364
49300,0.487672,0.48969
49400,0.498595,0.490239
49500,0.487511,0.489477
49600,0.484398,0.488766
49700,0.481872,0.487964
49800,0.475206,0.487624
49900,0.46182,0.487854
50000,0.487382,0.486881
50100,0.488142,0.486927
50200,0.480657,0.48729
50300,0.489991,0.487265
50400,0.48777,0.487021
50500,0.481064,0.486759
50600,0.492652,0.487069
50700,0.474051,0.486782
50800,0.45779,0.486472
50900,0.444158,0.486118
51000,0.463537,0.48611
51100,0.459063,0.485553
51200,0.476722,0.486039
51300,0.480432,0.485447
51400,0.491013,0.48569
51500,0.484951,0.486769
51600,0.470832,0.488266
51700,0.492105,0.48933
51800,0.480799,0.491545
51900,0.474474,0.492369
52000,0.479703,0.493801
52100,0.462959,0.495699
52200,0.493248,0.497073
52300,0.494109,0.499494
52400,0.488135,0.501369
52500,0.474255,0.502777
52600,0.473412,0.504421
52700,0.48194,0.506955
52800,0.466079,0.508956
52900,0.486011,0.511576
53000,0.487072,0.514071
53100,0.487412,0.516155
53200,0.487797,0.517583
53300,0.482369,0.518542
53400,0.49337,0.521086
53500,0.493456,0.523125
53600,0.49261,0.525107
53700,0.483706,0.526218
53800,0.489278,0.526638
53900,0.486803,0.527403
54000,0.486535,0.527766
54100,0.483211,0.527825
54200,0.485774,0.528717
54300,0.481385,0.529261
54400,0.487415,0.529941
54500,0.477106,0.530633
54600,0.483704,0.531132
54700,0.482197,0.531387
54800,0.496235,0.532171
54900,0.489471,0.533423
55000,0.49057,0.533475
55100,0.488657,0.533825
55200,0.481955,0.53502
55300,0.490916,0.535393
55400,0.490947,0.536409
55500,0.484552,0.537371
55600,0.484188,0.538141
55700,0.488407,0.538101
55800,0.491416,0.538471
55900,0.493974,0.538521
56000,0.478354,0.538821
56100,0.490035,0.538871
56200,0.482747,0.538257
56300,0.487461,0.539076
56400,0.489542,0.540203
56500,0.48517,0.540573
56600,0.492309,0.541715
56700,0.488682,0.542997
56800,0.485506,0.544552
56900,0.483769,0.545645
57000,0.474086,0.545635
57100,0.472338,0.546972
57200,0.477479,0.54748
57300,0.471272,0.547984
57400,0.464998,0.549843
57500,0.485293,0.552291
57600,0.489616,0.554436
57700,0.483232,0.556717
57800,0.482197,0.558914
57900,0.484843,0.560107
58000,0.490466,0.562112
58100,0.482222,0.564449
58200,0.483364,0.566154
58300,0.475725,0.567806
58400,0.452598,0.569167
58500,0.468244,0.570444
58600,0.47694,0.571789
58700,0.483349,0.572501
58800,0.471829,0.573179
58900,0.478833,0.574221
59000,0.482671,0.575061
59100,0.486137,0.576274
59200,0.481184,0.577251
59300,0.482986,0.577956
59400,0.481847,0.577775
59500,0.480999,0.577934
59600,0.476179,0.578699
59700,0.480968,0.578416
59800,0.484448,0.578807
59900,0.479956,0.578873
60000,0.476209,0.579041
60100,0.467518,0.579029
60200,0.476909,0.578871
60300,0.482737,0.579037
60400,0.465299,0.580002
60500,0.47792,0.580456
60600,0.480059,0.580601
60700,0.476909,0.581948
60800,0.475959,0.582993
60900,0.458954,0.583992
61000,0.480604,0.585014
61100,0.460264,0.586774
61200,0.47432,0.588604
61300,0.47481,0.589939
61400,0.475149,0.591144
61500,0.482111,0.591895
61600,0.476034,0.592081
61700,0.466403,0.592351
61800,0.48059,0.592337
61900,0.478237,0.591609
62000,0.465464,0.590724
62100,0.475279,0.590183
62200,0.449602,0.590117
62300,0.440394,0.589245
62400,0.455447,0.588514
62500,0.477055,0.587822
62600,0.454127,0.586184
62700,0.446336,0.585356
62800,0.461807,0.585128
62900,0.476565,0.583578
63000,0.458209,0.582612
63100,0.457069,0.582129
63200,0.46471,0.581475
63300,0.460562,0.580279
63400,0.4442,0.580411
63500,0.483726,0.579881
63600,0.477542,0.58058
63700,0.459707,0.581165
63800,0.480986,0.582051
63900,0.482331,0.582502
64000,0.462753,0.583236
64100,0.480607,0.584153
64200,0.478591,0.58485
64300,0.476709,0.586816
64400,0.471306,0.588297
64500,0.481868,0.589841
64600,0.484194,0.590713
64700,0.477957,0.591028
64800,0.478357,0.591448
64900,0.47353,0.591978
65000,0.477348,0.592559
65100,0.475409,0.593077
65200,0.474963,0.593179
65300,0.480718,0.592549
65400,0.479959,0.592078
65500,0.476108,0.591824
65600,0.473329,0.590637
65700,0.456931,0.590121
65800,0.469835,0.589773
65900,0.470471,0.588862
66000,0.471031,0.587282
66100,0.469357,0.585912
66200,0.476842,0.584605
66300,0.471092,0.582486
66400,0.46945,0.580968
66500,0.47321,0.580191
66600,0.481287,0.579343
66700,0.482613,0.578272
66800,0.477213,0.576348
66900,0.483193,0.575864
67000,0.482403,0.574978
67100,0.481695,0.574511
67200,0.484941,0.574747
67300,0.482413,0.574427
67400,0.475707,0.575159
67500,0.469219,0.576066
67600,0.479466,0.576974
67700,0.486245,0.577543
67800,0.478902,0.578257
67900,0.478094,0.579121
68000,0.475646,0.579759
68100,0.482689,0.58098
68200,0.472136,0.582042
68300,0.470693,0.583305
68400,0.474043,0.585137
68500,0.469915,0.585656
68600,0.474505,0.586835
68700,0.481375,0.58787
68800,0.480058,0.589036
68900,0.457959,0.589546
69000,0.468693,0.590333
69100,0.474897,0.591665
69200,0.474083,0.592702
69300,0.47021,0.593013
69400,0.466361,0.594188
69500,0.477773,0.593625
69600,0.468443,0.593531
69700,0.466223,0.592997
69800,0.473702,0.592504
69900,0.473248,0.592895
70000,0.475315,0.59284
70100,0.473037,0.593423
70200,0.472892,0.592836
70300,0.470172,0.592551
70400,0.470559,0.591834
70500,0.481685,0.591264
70600,0.473193,0.591448
70700,0.475093,0.592685
70800,0.476154,0.593403
70900,0.471037,0.593203
71000,0.473397,0.594395
71100,0.467947,0.594635
71200,0.470744,0.595805
71300,0.462977,0.596219
71400,0.474625,0.596381
71500,0.470492,0.596581
71600,0.466472,0.597636
71700,0.47422,0.598348
71800,0.457532,0.599098
71900,0.471821,0.599549
72000,0.458776,0.600888
72100,0.47174,0.601344
72200,0.468935,0.601794
72300,0.46539,0.602419
72400,0.47409,0.602905
72500,0.464503,0.603509
72600,0.474186,0.603452
72700,0.470166,0.603882
72800,0.46882,0.603947
72900,0.465323,0.605207
73000,0.451956,0.606218
73100,0.467013,0.606379
73200,0.471223,0.607538
73300,0.45853,0.60847
73400,0.461056,0.609274
73500,0.469571,0.609901
73600,0.464054,0.610756
73700,0.46892,0.6119
73800,0.463241,0.613387
73900,0.467158,0.614131
74000,0.456243,0.615475
74100,0.465258,0.616667
74200,0.463292,0.617433
74300,0.458675,0.618776
74400,0.46482,0.619918
74500,0.455528,0.620492
74600,0.45829,0.621591
74700,0.454995,0.621872
74800,0.469412,0.62302
74900,0.46463,0.623543
75000,0.464216,0.625162
75100,0.466355,0.625592
75200,0.45532,0.62615
75300,0.450554,0.62669
75400,0.448755,0.626478
75500,0.457568,0.626684
75600,0.443184,0.626489
75700,0.456228,0.626402
75800,0.465811,0.625836
75900,0.462628,0.625845
76000,0.456297,0.625907
76100,0.454675,0.625532
76200,0.452256,0.625485
76300,0.453832,0.624568
76400,0.458001,0.623776
76500,0.450616,0.623139
76600,0.446915,0.622396
76700,0.446622,0.621478
76800,0.46133,0.620883
76900,0.459626,0.620755
77000,0.462776,0.620637
77100,0.456015,0.620718
77200,0.4448,0.619943
77300,0.444341,0.619183
77400,0.44327,0.619437
77500,0.464934,0.618878
77600,0.460758,0.619049
77700,0.438292,0.619446
77800,0.468225,0.619794
77900,0.465873,0.619072
78000,0.450964,0.618872
78100,0.459765,0.618694
78200,0.46405,0.618395
78300,0.467437,0.61758
78400,0.468203,0.617545
78500,0.46646,0.61769
78600,0.46005,0.617451
78700,0.449876,0.617922
78800,0.442879,0.617175
78900,0.449558,0.617585
79000,0.469356,0.617707
79100,0.467556,0.617623
79200,0.463446,0.616796
79300,0.464243,0.616862
79400,0.456213,0.615855
79500,0.466956,0.615792
79600,0.470578,0.615279
79700,0.458572,0.615501
79800,0.456062,0.616112
79900,0.470045,0.615895
80000,0.469743,0.615286
80100,0.456824,0.615859
80200,0.464343,0.615954
80300,0.470598,0.615618
80400,0.462409,0.615146
80500,0.457884,0.615538
80600,0.455346,0.615051
80700,0.463219,0.615592
80800,0.446181,0.615186
80900,0.435155,0.615149
81000,0.457141,0.615576
81100,0.466371,0.616183
81200,0.460743,0.616162
81300,0.45906,0.616292
81400,0.465767,0.616198
81500,0.458905,0.615445
81600,0.470728,0.615876
81700,0.456807,0.616417
81800,0.454474,0.617297
81900,0.45755,0.618224
82000,0.459886,0.619463
82100,0.469037,0.620518
82200,0.456495,0.621722
82300,0.452506,0.62304
82400,0.457611,0.624066
82500,0.440071,0.625565
82600,0.462824,0.626784
82700,0.45599,0.628003
82800,0.443165,0.629166
82900,0.439845,0.630343
83000,0.437223,0.631856
83100,0.439007,0.632468
83200,0.439464,0.633041
83300,0.447295,0.632435
83400,0.451598,0.633034
83500,0.45158,0.633639
83600,0.458963,0.63406
83700,0.443074,0.634547
83800,0.436845,0.635149
83900,0.443808,0.636206
84000,0.459352,0.636758
84100,0.44801,0.63774
84200,0.441402,0.638198
84300,0.443149,0.638462
84400,0.447986,0.639007
84500,0.450669,0.638531
84600,0.453846,0.638643
84700,0.444575,0.638916
84800,0.45559,0.63905
84900,0.457875,0.639366
85000,0.455173,0.639112
85100,0.439007,0.63825
85200,0.457332,0.637395
85300,0.461018,0.63634
85400,0.450938,0.635673
85500,0.445276,0.635255
85600,0.442623,0.634677
85700,0.463913,0.633668
85800,0.441635,0.632487
85900,0.461571,0.631025
86000,0.462332,0.630079
86100,0.446793,0.628609
86200,0.449811,0.627562
86300,0.457648,0.627065
86400,0.468388,0.625753
86500,0.460209,0.624831
86600,0.466721,0.62501
86700,0.44418,0.624877
86800,0.444885,0.624628
86900,0.46472,0.624745
87000,0.459299,0.624849
87100,0.454384,0.625374
87200,0.447107,0.625703
87300,0.449268,0.625484
87400,0.447157,0.625722
87500,0.431506,0.626317
87600,0.440484,0.62707
87700,0.429373,0.627576
87800,0.428349,0.62818
87900,0.445639,0.62832
88000,0.453387,0.629733
88100,0.451372,0.631302
88200,0.446616,0.632165
88300,0.462847,0.632195
88400,0.44959,0.632703
88500,0.446478,0.632086
88600,0.459156,0.632756
88700,0.454878,0.633521
88800,0.452665,0.633757
88900,0.451231,0.633459
89000,0.457745,0.633074
89100,0.445198,0.632091
89200,0.439634,0.631508
89300,0.450928,0.630142
89400,0.446847,0.629113
89500,0.459936,0.62887
89600,0.460319,0.628343
89700,0.45172,0.628472
89800,0.45021,0.629163
89900,0.445813,0.629623
90000,0.458631,0.629408
90100,0.460084,0.630139
90200,0.461674,0.63001
90300,0.454593,0.631825
90400,0.451703,0.633792
90500,0.452295,0.635635
90600,0.441854,0.638291
90700,0.448854,0.640364
90800,0.447325,0.642128
90900,0.444394,0.644033
91000,0.444512,0.645993
91100,0.442484,0.647127
91200,0.452761,0.648612
91300,0.448518,0.649979
91400,0.437717,0.651259
91500,0.413387,0.652456
91600,0.414467,0.654484
91700,0.422514,0.655919
91800,0.425775,0.657425
91900,0.427528,0.659373
92000,0.437393,0.660487
92100,0.445554,0.661389
92200,0.438779,0.661263
92300,0.433229,0.660983
92400,0.441928,0.661069
92500,0.440956,0.660464
92600,0.438489,0.659582
92700,0.439417,0.658796
92800,0.432019,0.658728
92900,0.433532,0.658328
93000,0.435396,0.657205
93100,0.421068,0.656456
93200,0.428112,0.657158
93300,0.431252,0.657005
93400,0.416901,0.656296
93500,0.439092,0.65574
93600,0.432449,0.655441
93700,0.452559,0.654943
93800,0.447383,0.654135
93900,0.451469,0.65332
94000,0.452698,0.652754
94100,0.453119,0.652325
94200,0.445641,0.650635
94300,0.443931,0.648853
94400,0.452793,0.647167
94500,0.445317,0.645856
94600,0.455904,0.643371
94700,0.453955,0.641863
94800,0.445838,0.640042
94900,0.44839,0.639385
95000,0.457142,0.638272
95100,0.456143,0.636613
95200,0.454572,0.635001
95300,0.439101,0.633326
95400,0.439414,0.63152
95500,0.434329,0.630352
95600,0.449469,0.629034
95700,0.445059,0.627794
95800,0.459885,0.626987
95900,0.45623,0.626777
96000,0.458696,0.626256
96100,0.460686,0.626096
96200,0.444533,0.626514
96300,0.439151,0.627346
96400,0.447006,0.628751
96500,0.436864,0.629982
96600,0.45098,0.631998
96700,0.453719,0.63333
96800,0.441568,0.63484
96900,0.444092,0.63587
97000,0.453134,0.637432
97100,0.443495,0.638442
97200,0.452067,0.639814
97300,0.441589,0.641108
97400,0.457753,0.642103
97500,0.438631,0.643246
97600,0.437838,0.643534
97700,0.44619,0.64411
97800,0.443682,0.643823
97900,0.453712,0.643473
98000,0.449919,0.642413
98100,0.458453,0.641271
98200,0.437809,0.641141
98300,0.454869,0.640318
98400,0.446746,0.63898
98500,0.447278,0.638566
98600,0.437446,0.637552
98700,0.441677,0.637119
98800,0.448432,0.637024
98900,0.45907,0.636776
99000,0.445679,0.63685
99100,0.453596,0.636356
99200,0.452467,0.636111
99300,0.451256,0.635229
99400,0.454532,0.634771
99500,0.45138,0.634306
99600,0.459736,0.634054
99700,0.460148,0.634225
99800,0.456948,0.634359
99900,0.453398,0.634858
