0,0.499999,0.499991
100,0.497295,0.4998
200,0.494082,0.500327
300,0.492667,0.500623
400,0.497796,0.501025
500,0.490118,0.501066
600,0.490474,0.501829
700,0.496711,0.502659
800,0.497833,0.502218
900,0.483836,0.501691
1000,0.484711,0.500672
1100,0.484789,0.500219
1200,0.482283,0.499571
1300,0.478272,0.498962
1400,0.469041,0.497637
1500,0.483238,0.496408
1600,0.494841,0.495424
1700,0.489736,0.494239
1800,0.486221,0.49396
1900,0.489234,0.493166
2000,0.491477,0.491535
2100,0.477413,0.491052
2200,0.488802,0.489724
2300,0.482845,0.488053
2400,0.470465,0.486726
2500,0.488312,0.484534
2600,0.480139,0.484093
2700,0.474855,0.484009
2800,0.474322,0.4834
2900,0.489868,0.483169
3000,0.483338,0.483019
3100,0.494896,0.482762
3200,0.479574,0.482299
3300,0.485152,0.482493
3400,0.48346,0.482693
3500,0.48448,0.48232
3600,0.492885,0.482652
3700,0.47692,0.482583
3800,0.467299,0.482855
3900,0.476007,0.483334
4000,0.489118,0.484811
4100,0.471814,0.485609
4200,0.490192,0.486857
4300,0.494849,0.488704
4400,0.485044,0.489901
4500,0.486622,0.4908
4600,0.479169,0.491964
4700,0.486279,0.492087
4800,0.469657,0.492764
4900,0.458275,0.494325
5000,0.462631,0.49481
5100,0.46148,0.495302
5200,0.458334,0.496301
5300,0.460472,0.498012
5400,0.473338,0.499156
5500,0.489332,0.499914
5600,0.483545,0.501497
5700,0.489146,0.503776
5800,0.490404,0.505512
5900,0.473653,0.507006
6000,0.478145,0.50877
6100,0.471712,0.510373
6200,0.486422,0.512024
6300,0.484591,0.513441
6400,0.475321,0.515653
6500,0.482637,0.516825
6600,0.492812,0.51835
6700,0.482333,0.520453
6800,0.479365,0.522132
6900,0.490417,0.523851
7000,0.494576,0.525566
7100,0.495534,0.527258
7200,0.484377,0.527788
7300,0.489584,0.528259
7400,0.489514,0.528513
7500,0.466592,0.528496
7600,0.483578,0.529201
7700,0.480355,0.529821
7800,0.481248,0.530377
7900,0.494092,0.530101
8000,0.483166,0.53071
8100,0.491884,0.529422
8200,0.484886,0.528615
8300,0.495406,0.528079
8400,0.480163,0.527283
8500,0.485392,0.527487
8600,0.484911,0.527132
8700,0.478836,0.527096
8800,0.488689,0.526415
8900,0.497878,0.525728
9000,0.49211,0.525071
9100,0.494683,0.524217
9200,0.487158,0.522865
9300,0.482857,0.522417
9400,0.483625,0.521596
9500,0.473791,0.521107
9600,0.488781,0.520759
9700,0.494838,0.520342
9800,0.494613,0.520398
9900,0.495096,0.520638
10000,0.486397,0.520612
10100,0.495911,0.520984
10200,0.484919,0.521236
10300,0.486662,0.521318
10400,0.480413,0.521665
10500,0.487824,0.521551
10600,0.493781,0.521079
10700,0.494189,0.521629
10800,0.488841,0.522092
10900,0.481004,0.52174
11000,0.490356,0.522268
11100,0.494697,0.523498
11200,0.486387,0.524453
11300,0.495497,0.524381
11400,0.482006,0.524746
11500,0.490789,0.525051
11600,0.488573,0.524962
11700,0.485346,0.525718
11800,0.481018,0.526218
11900,0.482236,0.526227
12000,0.475533,0.525891
12100,0.496462,0.525792
12200,0.484728,0.525591
12300,0.484436,0.525237
12400,0.491633,0.525748
12500,0.482029,0.526913
12600,0.484965,0.527518
12700,0.496794,0.527567
12800,0.491474,0.528189
12900,0.485487,0.528353
13000,0.49016,0.528498
13100,0.491848,0.529431
13200,0.49108,0.529905
13300,0.486227,0.531082
13400,0.476748,0.531667
13500,0.488853,0.532228
13600,0.48802,0.532566
13700,0.483929,0.532317
13800,0.479613,0.531975
13900,0.484408,0.532569
14000,0.490015,0.533432
14100,0.493506,0.533385
14200,0.496244,0.533684
14300,0.489268,0.534109
14400,0.485217,0.5343
14500,0.485464,0.535146
14600,0.492201,0.535783
14700,0.482162,0.536076
14800,0.48082,0.535972
14900,0.479554,0.535552
15000,0.477451,0.536258
15100,0.484039,0.537314
15200,0.485607,0.538047
15300,0.482426,0.538345
15400,0.490805,0.539462
15500,0.496198,0.54016
15600,0.490962,0.540443
15700,0.495841,0.540834
15800,0.472473,0.54106
15900,0.466701,0.5423
16000,0.480555,0.543968
16100,0.472285,0.544244
16200,0.491168,0.545348
16300,0.491278,0.546563
16400,0.48741,0.547522
16500,0.489985,0.548185
16600,0.475163,0.549281
16700,0.478695,0.550189
16800,0.482959,0.551709
16900,0.481376,0.553569
17000,0.492235,0.554611
17100,0.485112,0.556354
17200,0.483312,0.557757
17300,0.479276,0.558572
17400,0.482034,0.55952
17500,0.481183,0.56089
17600,0.474304,0.562164
17700,0.482932,0.563473
17800,0.480705,0.564421
17900,0.470678,0.565172
18000,0.478317,0.565337
18100,0.483466,0.56529
18200,0.481045,0.565117
18300,0.483382,0.564165
18400,0.484974,0.563676
18500,0.487103,0.563411
18600,0.481477,0.563539
18700,0.481962,0.562728
18800,0.475036,0.562412
18900,0.485916,0.562769
19000,0.485841,0.562561
19100,0.472126,0.562492
19200,0.471194,0.562254
19300,0.490511,0.561874
19400,0.486889,0.562414
19500,0.488374,0.562741
19600,0.484064,0.562338
19700,0.477081,0.562971
19800,0.48663,0.562844
19900,0.472493,0.563426
20000,0.474497,0.563028
20100,0.484876,0.563946
20200,0.487835,0.563872
20300,0.481649,0.564008
20400,0.470762,0.563774
20500,0.489492,0.564025
20600,0.483946,0.563473
20700,0.486166,0.563157
20800,0.492379,0.562734
20900,0.480735,0.562455
21000,0.473287,0.561496
21100,0.483468,0.56093
21200,0.482122,0.561051
21300,0.481673,0.560491
21400,0.477426,0.559668
21500,0.461373,0.558867
21600,0.491642,0.558821
21700,0.480277,0.55828
21800,0.486367,0.558219
21900,0.487924,0.558256
22000,0.48558,0.5583
22100,0.478875,0.557593
22200,0.471087,0.558115
22300,0.4686,0.558084
22400,0.487823,0.55697
22500,0.49219,0.556333
22600,0.489145,0.556208
22700,0.4725,0.556431
22800,0.490039,0.55707
22900,0.490175,0.557644
23000,0.477784,0.556947
23100,0.486183,0.556468
23200,0.490093,0.555809
23300,0.477289,0.554799
23400,0.473467,0.552911
23500,0.475849,0.551679
23600,0.474169,0.550477
23700,0.47338,0.549399
23800,0.471271,0.548322
23900,0.478835,0.547359
24000,0.485989,0.545677
24100,0.482343,0.543843
24200,0.482652,0.542103
24300,0.490194,0.540397
24400,0.488232,0.538783
24500,0.491566,0.537397
24600,0.492421,0.536486
24700,0.47798,0.53473
24800,0.4913,0.533563
24900,0.494679,0.531798
25000,0.491231,0.530226
25100,0.485762,0.52862
25200,0.490888,0.527023
25300,0.492716,0.525876
25400,0.482673,0.524689
25500,0.481446,0.524355
25600,0.487359,0.522949
25700,0.485434,0.521862
25800,0.487797,0.520972
25900,0.491681,0.520084
26000,0.49062,0.519493
26100,0.49446,0.51892
26200,0.494795,0.518441
26300,0.48787,0.51758
26400,0.495274,0.516991
26500,0.488204,0.516891
26600,0.483076,0.516665
26700,0.490759,0.516333
26800,0.496226,0.516133
26900,0.484918,0.5153
27000,0.490859,0.514065
27100,0.487607,0.513651
27200,0.490483,0.512813
27300,0.493688,0.511891
27400,0.487429,0.511171
27500,0.479159,0.510645
27600,0.498097,0.510211
27700,0.492455,0.510329
27800,0.484492,0.509608
27900,0.495287,0.509096
28000,0.493218,0.508993
28100,0.488504,0.509958
28200,0.483121,0.510405
28300,0.491777,0.511191
28400,0.487665,0.511653
28500,0.491117,0.512101
28600,0.487836,0.51222
28700,0.484346,0.512886
28800,0.488278,0.512992
28900,0.475763,0.513598
29000,0.475312,0.514156
29100,0.467435,0.513886
29200,0.490373,0.514117
29300,0.476981,0.513492
29400,0.479279,0.51267
29500,0.491344,0.511207
29600,0.475783,0.510221
29700,0.484636,0.509336
29800,0.486468,0.508011
29900,0.491739,0.507108
30000,0.484139,0.50588
30100,0.493475,0.504305
30200,0.48697,0.502627
30300,0.476763,0.500844
30400,0.467921,0.49914
30500,0.492466,0.497078
30600,0.462464,0.495365
30700,0.461279,0.494205
30800,0.462963,0.492922
30900,0.488892,0.491046
31000,0.495046,0.490428
31100,0.481149,0.489949
31200,0.493668,0.489537
31300,0.495572,0.489195
31400,0.492698,0.488289
31500,0.475425,0.48869
31600,0.491764,0.488781
31700,0.494794,0.489629
31800,0.486786,0.489636
31900,0.49193,0.490621
32000,0.485862,0.490926
32100,0.486142,0.491237
32200,0.464415,0.491214
32300,0.473703,0.491352
32400,0.487706,0.491764
32500,0.485304,0.492297
32600,0.488316,0.493347
32700,0.498273,0.494039
32800,0.490199,0.49375
32900,0.496731,0.49297
33000,0.476966,0.493021
33100,0.459296,0.492603
33200,0.462227,0.492983
33300,0.490204,0.493479
33400,0.489846,0.494546
33500,0.489048,0.496278
33600,0.499038,0.497509
33700,0.489193,0.499717
33800,0.49162,0.501308
33900,0.488045,0.502808
34000,0.492659,0.504462
34100,0.493104,0.506289
34200,0.489093,0.508296
34300,0.484224,0.510007
34400,0.485662,0.512482
34500,0.480981,0.51334
34600,0.477256,0.515444
34700,0.49157,0.517419
34800,0.473071,0.519551
34900,0.475005,0.521712
35000,0.496547,0.523477
35100,0.490471,0.525476
35200,0.487358,0.528204
35300,0.48603,0.530131
35400,0.483912,0.531379
35500,0.469704,0.532613
35600,0.478809,0.53289
35700,0.475084,0.534777
35800,0.488046,0.535666
35900,0.481686,0.536293
36000,0.48636,0.53653
36100,0.491905,0.537184
36200,0.486403,0.537169
36300,0.478191,0.537956
36400,0.483535,0.537679
36500,0.485915,0.538884
36600,0.485812,0.539061
36700,0.484712,0.539208
36800,0.49015,0.5389
36900,0.476684,0.538736
37000,0.490118,0.538118
37100,0.493297,0.537938
37200,0.482179,0.53725
37300,0.488083,0.536166
37400,0.491606,0.535786
37500,0.488634,0.53389
37600,0.489112,0.532706
37700,0.47378,0.532337
37800,0.493728,0.532554
37900,0.483149,0.531331
38000,0.473031,0.531275
38100,0.488496,0.531179
38200,0.488717,0.530926
38300,0.489697,0.531147
38400,0.482805,0.531765
38500,0.492298,0.533083
38600,0.486623,0.53438
38700,0.470359,0.534877
38800,0.470482,0.536034
38900,0.479233,0.536906
39000,0.484593,0.538167
39100,0.486674,0.539584
39200,0.481374,0.541093
39300,0.491355,0.542589
39400,0.490561,0.544338
39500,0.474909,0.546124
39600,0.466208,0.548957
39700,0.475855,0.551408
39800,0.476675,0.554696
39900,0.476871,0.557583
40000,0.481277,0.560011
40100,0.483166,0.562161
40200,0.480919,0.563753
40300,0.488421,0.566123
40400,0.481487,0.568029
40500,0.488621,0.569883
40600,0.479367,0.571118
40700,0.479165,0.572781
40800,0.485926,0.573834
40900,0.47909,0.57481
41000,0.476033,0.575455
41100,0.473218,0.575658
41200,0.480917,0.575238
41300,0.474663,0.575934
41400,0.474498,0.575303
41500,0.476616,0.575659
41600,0.448113,0.575646
41700,0.454463,0.575903
41800,0.457786,0.576301
41900,0.453662,0.576848
42000,0.464372,0.576353
42100,0.473513,0.57577
42200,0.48891,0.574392
42300,0.473471,0.573279
42400,0.475055,0.573414
42500,0.47387,0.57287
42600,0.470011,0.572461
42700,0.476458,0.571995
42800,0.464287,0.57117
42900,0.466277,0.570669
43000,0.465926,0.570135
43100,0.462508,0.569615
43200,0.461238,0.569171
43300,0.466337,0.568633
43400,0.480661,0.568294
43500,0.4725,0.567418
43600,0.481362,0.567163
43700,0.477375,0.566487
43800,0.482896,0.5664
43900,0.477285,0.566405
44000,0.476407,0.56696
44100,0.47529,0.567309
44200,0.468485,0.567794
44300,0.471778,0.56761
44400,0.480486,0.567541
44500,0.486992,0.568163
44600,0.486758,0.568885
44700,0.485822,0.57046
44800,0.481265,0.571817
44900,0.484634,0.571845
45000,0.481474,0.572822
45100,0.476662,0.573325
45200,0.449792,0.573126
45300,0.456569,0.57246
45400,0.455995,0.572055
45500,0.476402,0.571535
45600,0.484221,0.570665
45700,0.483494,0.570242
45800,0.480663,0.569798
45900,0.481829,0.568986
46000,0.472741,0.568231
46100,0.488556,0.568069
46200,0.482317,0.567222
46300,0.471212,0.567001
46400,0.483886,0.566045
46500,0.478837,0.565103
46600,0.474193,0.564305
46700,0.471543,0.563124
46800,0.486581,0.562431
46900,0.484942,0.560978
47000,0.482167,0.560958
47100,0.483722,0.560205
47200,0.477646,0.559161
47300,0.476356,0.558977
47400,0.481105,0.55819
47500,0.477742,0.558992
47600,0.484653,0.558009
47700,0.474208,0.557788
47800,0.482081,0.557337
47900,0.486629,0.556892
48000,0.491206,0.557248
48100,0.47196,0.556967
48200,0.462241,0.556977
48300,0.475427,0.557517
48400,0.486218,0.557307
48500,0.484469,0.558507
48600,0.483321,0.558932
48700,0.488644,0.558875
48800,0.482575,0.559008
48900,0.464852,0.560078
49000,0.477473,0.560726
49100,0.485953,0.56175
49200,0.48834,0.56238
49300,0.482149,0.563244
49400,0.482443,0.564281
49500,0.480463,0.565285
49600,0.488466,0.56667
49700,0.481726,0.568067
49800,0.473786,0.569322
49900,0.470755,0.570495
50000,0.475599,0.571705
50100,0.482865,0.572087
50200,0.48519,0.572657
50300,0.481411,0.572618
50400,0.477599,0.572802
50500,0.478832,0.572768
50600,0.478593,0.573493
50700,0.478369,0.574185
50800,0.480262,0.574456
50900,0.468691,0.574877
51000,0.477,0.57482
51100,0.462477,0.574625
51200,0.465627,0.574236
51300,0.467812,0.573862
51400,0.485585,0.574113
51500,0.485946,0.574718
51600,0.486285,0.573949
51700,0.476478,0.573655
51800,0.478625,0.573942
51900,0.48145,0.572789
52000,0.482373,0.57256
52100,0.474072,0.572419
52200,0.486838,0.572652
52300,0.484322,0.573142
52400,0.479237,0.573642
52500,0.478752,0.573358
52600,0.472387,0.573522
52700,0.454851,0.573794
52800,0.457422,0.573141
52900,0.470889,0.573147
53000,0.481149,0.572839
53100,0.483065,0.571599
53200,0.48465,0.570741
53300,0.477389,0.569346
53400,0.478461,0.568671
53500,0.483396,0.566753
53600,0.479475,0.564655
53700,0.479826,0.563144
53800,0.483167,0.561898
53900,0.47144,0.559627
54000,0.467332,0.557752
54100,0.469462,0.556077
54200,0.476242,0.55416
54300,0.472658,0.552809
54400,0.487032,0.551353
54500,0.492973,0.549051
54600,0.48856,0.547863
54700,0.48489,0.546813
54800,0.494912,0.54615
54900,0.489719,0.545717
55000,0.491052,0.545257
55100,0.487116,0.54503
55200,0.490794,0.544958
55300,0.487154,0.545277
55400,0.490466,0.544567
55500,0.485279,0.544849
55600,0.484715,0.54396
55700,0.493255,0.543341
55800,0.490602,0.542852
55900,0.488068,0.541722
56000,0.488924,0.541563
56100,0.491989,0.541282
56200,0.492816,0.540927
56300,0.488011,0.539692
56400,0.489205,0.538472
56500,0.487519,0.537411
56600,0.493926,0.535843
56700,0.490023,0.534133
56800,0.48689,0.532537
56900,0.480668,0.530883
57000,0.477138,0.529496
57100,0.49357,0.528405
57200,0.487553,0.527325
57300,0.493142,0.525439
57400,0.487236,0.524553
57500,0.492149,0.524094
57600,0.473935,0.523056
57700,0.474899,0.522351
57800,0.485405,0.521956
57900,0.478119,0.521244
58000,0.485384,0.52042
58100,0.490232,0.51999
58200,0.475715,0.519618
58300,0.485268,0.519045
58400,0.485302,0.519063
58500,0.492363,0.518439
58600,0.486236,0.518052
58700,0.47581,0.517219
58800,0.488048,0.516393
58900,0.485421,0.515982
59000,0.494752,0.51524
59100,0.488277,0.513906
59200,0.49595,0.512807
59300,0.47997,0.511458
59400,0.485993,0.511145
59500,0.490947,0.509986
59600,0.492979,0.509177
59700,0.494205,0.508106
59800,0.495428,0.50795
59900,0.492953,0.508011
60000,0.494949,0.507658
60100,0.493645,0.508403
60200,0.480358,0.508758
60300,0.494925,0.509623
60400,0.497482,0.509071
60500,0.488842,0.507824
60600,0.486321,0.507562
60700,0.464377,0.507973
60800,0.461085,0.508049
60900,0.4869,0.50811
61000,0.477704,0.508246
61100,0.487442,0.509499
61200,0.494616,0.510537
61300,0.490284,0.511537
61400,0.49121,0.513213
61500,0.487736,0.514927
61600,0.488064,0.515853
61700,0.478841,0.516709
61800,0.495478,0.516518
61900,0.483364,0.517422
62000,0.488601,0.518463
62100,0.488975,0.519517
62200,0.475427,0.521135
62300,0.491988,0.522906
62400,0.484914,0.524887
62500,0.481448,0.527189
62600,0.484671,0.528291
62700,0.481862,0.529999
62800,0.48971,0.532008
62900,0.484329,0.533054
63000,0.480029,0.535214
63100,0.487075,0.537846
63200,0.486147,0.539397
63300,0.49262,0.5418
63400,0.48633,0.543878
63500,0.478055,0.545662
63600,0.486297,0.547839
63700,0.481203,0.549057
63800,0.462481,0.549762
63900,0.488161,0.551477
64000,0.487188,0.552088
64100,0.489801,0.551936
64200,0.481617,0.551689
64300,0.485267,0.551383
64400,0.477956,0.551418
64500,0.488101,0.551794
64600,0.488615,0.552538
64700,0.487965,0.552952
64800,0.483964,0.553865
64900,0.489488,0.554188
65000,0.471099,0.555845
65100,0.473386,0.557041
65200,0.491435,0.558054
65300,0.488369,0.558587
65400,0.476632,0.560045
65500,0.487999,0.561297
65600,0.474891,0.564236
65700,0.489572,0.566296
65800,0.484748,0.568631
65900,0.478786,0.570824
66000,0.487469,0.573115
66100,0.487826,0.574864
66200,0.480481,0.576295
66300,0.46335,0.5782
66400,0.46644,0.580033
66500,0.471387,0.580588
66600,0.479863,0.581375
66700,0.480629,0.58176
66800,0.481982,0.582323
66900,0.474646,0.582354
67000,0.46437,0.582225
67100,0.449736,0.582008
67200,0.47233,0.581722
67300,0.481628,0.580593
67400,0.481823,0.579088
67500,0.477971,0.578328
67600,0.474931,0.577235
67700,0.488542,0.575959
67800,0.480725,0.574948
67900,0.482295,0.573627
68000,0.476043,0.571923
68100,0.467894,0.571117
68200,0.467917,0.570405
68300,0.469613,0.569421
68400,0.485703,0.567942
68500,0.476414,0.566846
68600,0.463392,0.566126
68700,0.47687,0.565526
68800,0.471357,0.565062
68900,0.48424,0.563488
69000,0.484483,0.563677
69100,0.483897,0.563762
69200,0.480664,0.563551
69300,0.48515,0.56237
69400,0.479886,0.561234
69500,0.486567,0.56013
69600,0.487918,0.559714
69700,0.489178,0.559693
69800,0.475752,0.559293
69900,0.485102,0.559423
70000,0.490715,0.55908
70100,0.483195,0.5591
70200,0.483676,0.559982
70300,0.476495,0.560673
70400,0.455032,0.5604
70500,0.469707,0.559699
70600,0.491925,0.558935
70700,0.482811,0.558619
70800,0.477848,0.558153
70900,0.470949,0.558217
71000,0.48039,0.558034
71100,0.480016,0.558006
71200,0.484172,0.558598
71300,0.485969,0.559796
71400,0.476834,0.560662
71500,0.475801,0.560703
71600,0.486721,0.560261
71700,0.464293,0.559926
71800,0.463337,0.559951
71900,0.461746,0.558627
72000,0.487581,0.558314
72100,0.477707,0.558339
72200,0.481326,0.556986
72300,0.472096,0.557012
72400,0.463352,0.556966
72500,0.475762,0.556417
72600,0.485237,0.556133
72700,0.479678,0.555435
72800,0.467053,0.554949
72900,0.46575,0.554979
73000,0.462159,0.555147
73100,0.475204,0.554507
73200,0.474954,0.553971
73300,0.45908,0.554539
73400,0.457508,0.554547
73500,0.459057,0.555628
73600,0.458834,0.556492
73700,0.458753,0.557264
73800,0.46084,0.55828
73900,0.450924,0.560466
74000,0.458524,0.561441
74100,0.465899,0.563959
74200,0.465991,0.566191
74300,0.480821,0.568251
74400,0.475184,0.571255
74500,0.480241,0.57416
74600,0.466439,0.577505
74700,0.475232,0.580307
74800,0.473348,0.583087
74900,0.468964,0.586091
75000,0.471213,0.588652
75100,0.471288,0.590429
75200,0.470476,0.591852
75300,0.475032,0.59366
75400,0.474882,0.594438
75500,0.473075,0.595232
75600,0.475781,0.595202
75700,0.470606,0.595138
75800,0.481378,0.594906
75900,0.474384,0.59416
76000,0.460878,0.594199
76100,0.46525,0.593386
76200,0.458923,0.592435
76300,0.473591,0.591837
76400,0.464336,0.59201
76500,0.460923,0.591376
76600,0.462962,0.590834
76700,0.472611,0.590192
76800,0.475333,0.589608
76900,0.478519,0.589295
77000,0.472937,0.588272
77100,0.469324,0.588302
77200,0.47655,0.588045
77300,0.472639,0.587427
77400,0.45901,0.586971
77500,0.469067,0.586914
77600,0.475243,0.586252
77700,0.478201,0.586477
77800,0.477489,0.587066
77900,0.470725,0.586844
78000,0.478541,0.587679
78100,0.477723,0.587665
78200,0.47731,0.58788
78300,0.476031,0.588472
78400,0.480831,0.588459
78500,0.478788,0.588374
78600,0.476282,0.589075
78700,0.472621,0.589031
78800,0.468704,0.588733
78900,0.479331,0.588112
79000,0.474885,0.587662
79100,0.480625,0.58629
79200,0.479046,0.585209
79300,0.464472,0.583991
79400,0.476755,0.583149
79500,0.476045,0.582378
79600,0.473623,0.580787
79700,0.475942,0.578525
79800,0.465366,0.57737
79900,0.484394,0.576031
80000,0.482538,0.574861
80100,0.48838,0.573366
80200,0.478027,0.572524
80300,0.472783,0.572
80400,0.469141,0.571968
80500,0.48714,0.571675
80600,0.483159,0.571895
80700,0.47765,0.571941
80800,0.479879,0.572196
80900,0.476722,0.572267
81000,0.485495,0.57273
81100,0.476257,0.572132
81200,0.479707,0.572189
81300,0.483573,0.572513
81400,0.478245,0.572561
81500,0.482141,0.572108
81600,0.481308,0.572485
81700,0.481918,0.573007
81800,0.469639,0.572738
81900,0.468578,0.572745
82000,0.47956,0.572063
82100,0.484665,0.571483
82200,0.477538,0.570123
82300,0.484013,0.569063
82400,0.477012,0.567293
82500,0.482144,0.565207
82600,0.485027,0.563454
82700,0.486658,0.560322
82800,0.483,0.559137
82900,0.491101,0.557007
83000,0.486245,0.55633
83100,0.486372,0.554849
83200,0.487046,0.553508
83300,0.484835,0.552199
83400,0.487541,0.550332
83500,0.491091,0.548838
83600,0.491065,0.547348
83700,0.48652,0.545603
83800,0.480691,0.54478
83900,0.482842,0.543879
84000,0.495497,0.542766
84100,0.495684,0.541757
84200,0.477838,0.540828
84300,0.490519,0.540484
84400,0.478093,0.540533
84500,0.475893,0.540611
84600,0.480572,0.540465
84700,0.489356,0.540136
84800,0.48475,0.540165
84900,0.485289,0.53974
85000,0.484021,0.540637
85100,0.490102,0.540906
85200,0.487743,0.542109
85300,0.488316,0.543306
85400,0.483503,0.543043
85500,0.469908,0.543207
85600,0.4918,0.543722
85700,0.48506,0.543385
85800,0.475074,0.544069
85900,0.469018,0.544784
86000,0.486058,0.545311
86100,0.484873,0.545811
86200,0.482194,0.54615
86300,0.484124,0.546867
86400,0.482194,0.547076
86500,0.492237,0.546541
86600,0.490112,0.545376
86700,0.487025,0.54436
86800,0.476796,0.543092
86900,0.491401,0.542948
87000,0.476951,0.542577
87100,0.483298,0.542588
87200,0.489635,0.542359
87300,0.486466,0.54212
87400,0.485475,0.54295
87500,0.476473,0.543231
87600,0.479206,0.543526
87700,0.486374,0.543648
87800,0.488188,0.54432
87900,0.475553,0.544808
88000,0.487172,0.545525
88100,0.488258,0.545313
88200,0.494143,0.546659
88300,0.484867,0.547487
88400,0.469525,0.549262
88500,0.474915,0.550458
88600,0.483929,0.551349
88700,0.485635,0.552447
88800,0.483735,0.553291
88900,0.49078,0.554321
89000,0.481328,0.554972
89100,0.479185,0.554444
89200,0.473862,0.5538
89300,0.465291,0.552764
89400,0.472068,0.552035
89500,0.468965,0.550873
89600,0.467753,0.550899
89700,0.47614,0.550868
89800,0.473103,0.551494
89900,0.483544,0.552557
90000,0.48447,0.552552
90100,0.483946,0.55216
90200,0.483839,0.551949
90300,0.484794,0.552513
90400,0.487983,0.553227
90500,0.478763,0.553748
90600,0.4788,0.554939
90700,0.485225,0.555687
90800,0.483804,0.556693
90900,0.475678,0.557738
91000,0.474037,0.559672
91100,0.460632,0.560835
91200,0.475052,0.561799
91300,0.483186,0.562872
91400,0.48509,0.564408
91500,0.486592,0.566051
91600,0.482063,0.567229
91700,0.482641,0.56855
91800,0.481082,0.568571
91900,0.488345,0.56878
92000,0.47626,0.569645
92100,0.486171,0.570359
92200,0.467529,0.570641
92300,0.483415,0.570512
92400,0.480889,0.57024
92500,0.473472,0.569312
92600,0.479174,0.568813
92700,0.482823,0.5683
92800,0.478712,0.567066
92900,0.49034,0.566702
93000,0.487354,0.56571
93100,0.491561,0.564402
93200,0.470538,0.56408
93300,0.482061,0.563546
93400,0.476614,0.563082
93500,0.48284,0.562627
93600,0.487204,0.562425
93700,0.476062,0.562385
93800,0.463501,0.562131
93900,0.461443,0.562361
94000,0.452692,0.562745
94100,0.476903,0.563272
94200,0.472144,0.563063
94300,0.484178,0.563416
94400,0.483172,0.564593
94500,0.484982,0.564375
94600,0.48427,0.564982
94700,0.480056,0.565482
94800,0.468896,0.566101
94900,0.485778,0.566386
95000,0.475707,0.567609
95100,0.484699,0.567846
95200,0.480913,0.568055
95300,0.477216,0.568629
95400,0.482897,0.56901
95500,0.480926,0.56917
95600,0.481374,0.568752
95700,0.486506,0.569388
95800,0.459033,0.569475
95900,0.48514,0.569897
96000,0.481236,0.570944
96100,0.480424,0.570576
96200,0.472093,0.571092
96300,0.472195,0.571615
96400,0.476025,0.572267
96500,0.471695,0.573895
96600,0.475945,0.575259
96700,0.483661,0.576209
96800,0.462892,0.577268
96900,0.482314,0.578436
97000,0.475129,0.579411
97100,0.481375,0.580739
97200,0.477938,0.581817
97300,0.468913,0.58252
97400,0.469855,0.583156
97500,0.478944,0.584731
97600,0.465867,0.586753
97700,0.456994,0.587265
97800,0.46895,0.588511
97900,0.463506,0.589394
98000,0.468732,0.588883
98100,0.474674,0.588345
98200,0.479859,0.587395
98300,0.474691,0.586982
98400,0.480674,0.587597
98500,0.477325,0.587378
98600,0.477937,0.587145
98700,0.477487,0.588188
98800,0.456035,0.588246
98900,0.439885,0.588495
99000,0.461842,0.588789
99100,0.466344,0.589611
99200,0.470936,0.590151
99300,0.47902,0.590069
99400,0.466133,0.59014
99500,0.474542,0.58947
99600,0.475588,0.589028
99700,0.477543,0.588358
99800,0.478585,0.588041
99900,0.471347,0.587373
