0,150.005
100,153.527
200,159.033
300,165.204
400,171.674
500,178.286
600,185.002
700,191.761
800,198.571
900,205.398
1000,212.228
1100,219.107
1200,226.028
1300,232.964
1400,239.913
1500,246.892
1600,253.872
1700,260.893
1800,267.882
1900,274.872
2000,281.892
2100,288.899
2200,295.893
2300,302.971
2400,310.096
2500,317.317
2600,324.567
2700,331.813
2800,339.048
2900,346.341
3000,353.617
3100,360.986
3200,368.362
3300,375.649
3400,382.826
3500,389.998
3600,397.104
3700,404.138
3800,411.162
3900,418.201
4000,425.215
4100,432.203
4200,439.229
4300,446.266
4400,453.288
4500,460.296
4600,467.314
4700,474.311
4800,481.382
4900,488.428
5000,495.422
5100,502.44
5200,509.491
5300,516.487
5400,523.438
5500,530.359
5600,537.326
5700,544.286
5800,551.253
5900,558.258
6000,565.252
6100,572.293
6200,579.333
6300,586.347
6400,593.368
6500,600.291
6600,607.192
6700,614.155
6800,621.091
6900,628.064
7000,635.004
7100,641.945
7200,648.885
7300,655.839
7400,662.834
7500,669.859
7600,676.86
7700,683.84
7800,690.79
7900,697.82
8000,704.818
8100,711.773
8200,718.814
8300,725.837
8400,732.864
8500,739.848
8600,746.872
8700,753.859
8800,760.847
8900,767.809
9000,774.761
9100,781.717
9200,788.649
9300,795.563
9400,802.497
9500,809.483
9600,816.445
9700,823.442
9800,830.448
9900,837.435
10000,844.483
10100,851.494
10200,858.548
10300,865.58
10400,872.607
10500,879.61
10600,886.601
10700,893.571
10800,900.527
10900,907.522
11000,914.553
11100,921.537
11200,928.634
11300,935.738
11400,942.846
11500,950.002
11600,957.207
11700,964.445
11800,971.706
11900,978.85
12000,985.98
12100,993.079
12200,1000.11
12300,1007.1
12400,1014.09
12500,1021.09
12600,1028.07
12700,1035.09
12800,1042.13
12900,1049.2
13000,1056.2
13100,1063.13
13200,1070.04
13300,1076.98
13400,1083.92
13500,1090.94
13600,1097.98
13700,1105.03
13800,1112.08
13900,1119.09
14000,1126.1
14100,1133.14
14200,1140.19
14300,1147.24
14400,1154.3
14500,1161.39
14600,1168.46
14700,1175.55
14800,1182.71
14900,1189.84
15000,1197.01
15100,1204.14
15200,1211.42
15300,1218.72
15400,1226.05
15500,1233.47
15600,1240.99
15700,1248.48
15800,1256.05
15900,1263.62
16000,1271.18
16100,1278.65
16200,1286.04
16300,1293.41
16400,1300.73
16500,1307.96
16600,1315.23
16700,1322.39
16800,1329.51
16900,1336.57
17000,1343.64
17100,1350.71
17200,1357.74
17300,1364.8
17400,1371.89
17500,1378.88
17600,1385.94
17700,1392.95
17800,1399.93
17900,1406.97
18000,1414.01
18100,1421.05
18200,1428.1
18300,1435.13
18400,1442.15
18500,1449.19
18600,1456.2
18700,1463.23
18800,1470.26
18900,1477.28
19000,1484.26
19100,1491.17
19200,1498.1
19300,1505.04
19400,1511.96
19500,1518.92
19600,1525.9
19700,1532.84
19800,1539.8
19900,1546.79
20000,1553.82
20100,1560.88
20200,1567.92
20300,1574.94
20400,1581.92
20500,1588.92
20600,1595.95
20700,1602.97
20800,1609.98
20900,1616.97
21000,1623.96
21100,1630.95
21200,1637.97
21300,1644.98
21400,1651.94
21500,1658.93
21600,1665.92
21700,1672.89
21800,1679.87
21900,1686.84
22000,1693.81
22100,1700.76
22200,1707.77
22300,1714.74
22400,1721.73
22500,1728.73
22600,1735.76
22700,1742.85
22800,1749.87
22900,1756.88
23000,1763.91
23100,1770.97
23200,1778
23300,1784.99
23400,1791.96
23500,1798.91
23600,1805.93
23700,1812.93
23800,1819.95
23900,1826.98
24000,1834.01
24100,1841
24200,1848.03
24300,1855.08
24400,1862.1
24500,1869.12
24600,1876.14
24700,1883.2
24800,1890.23
24900,1897.29
25000,1904.37
25100,1911.43
25200,1918.51
25300,1925.61
25400,1932.66
25500,1939.74
25600,1946.81
25700,1953.93
25800,1961.09
25900,1968.22
26000,1975.39
26100,1982.56
26200,1989.74
26300,1996.86
26400,2004.01
26500,2011.11
26600,2018.18
26700,2025.25
26800,2032.3
26900,2039.39
27000,2046.48
27100,2053.52
27200,2060.53
27300,2067.55
27400,2074.54
27500,2081.54
27600,2088.55
27700,2095.56
27800,2102.6
27900,2109.62
28000,2116.6
28100,2123.6
28200,2130.6
28300,2137.59
28400,2144.61
28500,2151.62
28600,2158.64
28700,2165.64
28800,2172.65
28900,2179.65
29000,2186.62
29100,2193.6
29200,2200.55
29300,2207.51
29400,2214.43
29500,2221.36
29600,2228.27
29700,2235.24
29800,2242.21
29900,2249.19
30000,2256.17
30100,2263.17
30200,2270.16
30300,2277.13
30400,2284.12
30500,2291.11
30600,2298.1
30700,2305.12
30800,2312.13
30900,2319.15
31000,2326.18
31100,2333.12
31200,2340.1
31300,2347.13
31400,2354.12
31500,2361.09
31600,2368.13
31700,2375.14
31800,2382.17
31900,2389.21
32000,2396.23
32100,2403.24
32200,2410.24
32300,2417.24
32400,2424.23
32500,2431.23
32600,2438.19
32700,2445.19
32800,2452.2
32900,2459.15
33000,2466.15
33100,2473.2
33200,2480.25
33300,2487.32
33400,2494.41
33500,2501.5
33600,2508.61
33700,2515.66
33800,2522.73
33900,2529.81
34000,2536.94
34100,2544.05
34200,2551.18
34300,2558.33
34400,2565.43
34500,2572.57
34600,2579.67
34700,2586.79
34800,2593.85
34900,2600.94
35000,2608
35100,2615.04
35200,2622.08
35300,2629.06
35400,2636.1
35500,2643.14
35600,2650.27
35700,2657.38
35800,2664.49
35900,2671.59
36000,2678.72
36100,2685.8
36200,2692.88
36300,2699.94
36400,2706.98
36500,2713.97
36600,2720.91
36700,2727.93
36800,2734.98
36900,2741.95
37000,2748.97
37100,2755.95
37200,2762.92
37300,2769.82
37400,2776.8
37500,2783.73
37600,2790.64
37700,2797.57
37800,2804.54
37900,2811.54
38000,2818.53
38100,2825.5
38200,2832.5
38300,2839.52
38400,2846.58
38500,2853.6
38600,2860.57
38700,2867.54
38800,2874.52
38900,2881.5
39000,2888.53
39100,2895.54
39200,2902.52
39300,2909.54
39400,2916.56
39500,2923.51
39600,2930.48
39700,2937.45
39800,2944.41
39900,2951.4
40000,2958.39
40100,2965.36
40200,2972.38
40300,2979.39
40400,2986.38
40500,2993.4
40600,3000.35
40700,3007.36
40800,3014.34
40900,3021.35
41000,3028.39
41100,3035.45
41200,3042.51
41300,3049.55
41400,3056.58
41500,3063.64
41600,3070.72
41700,3077.77
41800,3084.8
41900,3091.84
42000,3098.88
42100,3105.94
42200,3113.02
42300,3120.03
42400,3126.96
42500,3133.9
42600,3140.85
42700,3147.82
42800,3154.75
42900,3161.7
43000,3168.67
43100,3175.63
43200,3182.57
43300,3189.58
43400,3196.6
43500,3203.63
43600,3210.7
43700,3217.73
43800,3224.78
43900,3231.81
44000,3238.9
44100,3245.94
44200,3252.92
44300,3259.95
44400,3266.97
44500,3274.03
44600,3281.07
44700,3288.16
44800,3295.24
44900,3302.32
45000,3309.37
45100,3316.41
45200,3323.4
45300,3330.4
45400,3337.39
45500,3344.42
45600,3351.43
45700,3358.44
45800,3365.43
45900,3372.5
46000,3379.6
46100,3386.65
46200,3393.64
46300,3400.6
46400,3407.54
46500,3414.5
46600,3421.54
46700,3428.57
46800,3435.62
46900,3442.68
47000,3449.7
47100,3456.76
47200,3463.82
47300,3470.93
47400,3478.05
47500,3485.15
47600,3492.23
47700,3499.31
47800,3506.44
47900,3513.55
48000,3520.69
48100,3527.86
48200,3535.02
48300,3542.25
48400,3549.47
48500,3556.76
48600,3564.03
48700,3571.31
48800,3578.65
48900,3585.96
49000,3593.2
49100,3600.33
49200,3607.43
49300,3614.51
49400,3621.56
49500,3628.6
49600,3635.6
49700,3642.65
49800,3649.63
49900,3656.64
50000,3663.64
50100,3670.68
50200,3677.66
50300,3684.67
50400,3691.68
50500,3698.68
50600,3705.72
50700,3712.76
50800,3719.77
50900,3726.73
51000,3733.75
51100,3740.74
51200,3747.77
51300,3754.81
51400,3761.88
51500,3768.98
51600,3776.07
51700,3783.24
51800,3790.42
51900,3797.61
52000,3804.71
52100,3811.88
52200,3819.01
52300,3826.15
52400,3833.27
52500,3840.37
52600,3847.45
52700,3854.48
52800,3861.51
52900,3868.54
53000,3875.52
53100,3882.52
53200,3889.5
53300,3896.48
53400,3903.47
53500,3910.47
53600,3917.49
53700,3924.53
53800,3931.61
53900,3938.72
54000,3945.85
54100,3953.09
54200,3960.28
54300,3967.42
54400,3974.6
54500,3981.76
54600,3988.91
54700,3996.09
54800,4003.27
54900,4010.43
55000,4017.61
55100,4024.75
55200,4031.89
55300,4039.06
55400,4046.24
55500,4053.46
55600,4060.65
55700,4067.87
55800,4075.12
55900,4082.26
56000,4089.45
56100,4096.54
56200,4103.62
56300,4110.73
56400,4117.86
56500,4125
56600,4132.18
56700,4139.34
56800,4146.46
56900,4153.54
57000,4160.61
57100,4167.66
57200,4174.68
57300,4181.69
57400,4188.69
57500,4195.74
57600,4202.76
57700,4209.84
57800,4216.91
57900,4224
58000,4231.16
58100,4238.38
58200,4245.59
58300,4252.84
58400,4260.09
58500,4267.33
58600,4274.54
58700,4281.75
58800,4288.9
58900,4296.01
59000,4303.13
59100,4310.23
59200,4317.3
59300,4324.36
59400,4331.44
59500,4338.45
59600,4345.45
59700,4352.47
59800,4359.47
59900,4366.51
60000,4373.6
60100,4380.64
60200,4387.69
60300,4394.7
60400,4401.7
60500,4408.67
60600,4415.67
60700,4422.7
60800,4429.66
60900,4436.69
61000,4443.68
61100,4450.67
61200,4457.61
61300,4464.53
61400,4471.52
61500,4478.54
61600,4485.54
61700,4492.52
61800,4499.48
61900,4506.48
62000,4513.46
62100,4520.44
62200,4527.39
62300,4534.37
62400,4541.32
62500,4548.26
62600,4555.23
62700,4562.21
62800,4569.18
62900,4576.2
63000,4583.14
63100,4590.12
63200,4597.13
63300,4604.15
63400,4611.18
63500,4618.16
63600,4625.17
63700,4632.14
63800,4639.11
63900,4646.07
64000,4653.08
64100,4660.1
64200,4667.04
64300,4673.96
64400,4680.88
64500,4687.83
64600,4694.78
64700,4701.7
64800,4708.65
64900,4715.63
65000,4722.63
65100,4729.61
65200,4736.62
65300,4743.61
65400,4750.59
65500,4757.6
65600,4764.6
65700,4771.67
65800,4778.73
65900,4785.79
66000,4792.82
66100,4799.84
66200,4806.9
66300,4813.95
66400,4820.95
66500,4827.98
66600,4835
66700,4842.03
66800,4849.07
66900,4856.08
67000,4863.14
67100,4870.21
67200,4877.26
67300,4884.27
67400,4891.27
67500,4898.27
67600,4905.2
67700,4912.15
67800,4919.14
67900,4926.14
68000,4933.19
68100,4940.2
68200,4947.2
68300,4954.25
68400,4961.29
68500,4968.4
68600,4975.52
68700,4982.62
68800,4989.73
68900,4996.82
69000,5003.86
69100,5010.91
69200,5017.97
69300,5024.98
69400,5032.06
69500,5039.16
69600,5046.22
69700,5053.29
69800,5060.41
69900,5067.53
70000,5074.65
70100,5081.72
70200,5088.81
70300,5095.91
70400,5103.01
70500,5110.06
70600,5117.14
70700,5124.18
70800,5131.21
70900,5138.26
71000,5145.28
71100,5152.37
71200,5159.42
71300,5166.5
71400,5173.59
71500,5180.71
71600,5187.81
71700,5194.96
71800,5202.13
71900,5209.35
72000,5216.59
72100,5223.74
72200,5230.87
72300,5238.02
72400,5245.19
72500,5252.32
72600,5259.42
72700,5266.47
72800,5273.54
72900,5280.59
73000,5287.61
73100,5294.62
73200,5301.66
73300,5308.68
73400,5315.68
73500,5322.74
73600,5329.78
73700,5336.84
73800,5343.89
73900,5350.89
74000,5357.9
74100,5364.9
74200,5371.9
74300,5378.94
74400,5385.98
74500,5393
74600,5399.96
74700,5407
74800,5414.06
74900,5421.08
75000,5428.14
75100,5435.15
75200,5442.18
75300,5449.18
75400,5456.19
75500,5463.2
75600,5470.2
75700,5477.23
75800,5484.22
75900,5491.22
76000,5498.23
76100,5505.27
76200,5512.27
76300,5519.28
76400,5526.33
76500,5533.38
76600,5540.48
76700,5547.51
76800,5554.51
76900,5561.48
77000,5568.47
77100,5575.41
77200,5582.33
77300,5589.34
77400,5596.32
77500,5603.32
77600,5610.27
77700,5617.3
77800,5624.34
77900,5631.35
78000,5638.35
78100,5645.36
78200,5652.42
78300,5659.5
78400,5666.57
78500,5673.65
78600,5680.78
78700,5687.89
78800,5694.95
78900,5702.02
79000,5709.07
79100,5716.16
79200,5723.24
79300,5730.33
79400,5737.35
79500,5744.35
79600,5751.37
79700,5758.38
79800,5765.43
79900,5772.42
80000,5779.36
80100,5786.32
80200,5793.33
80300,5800.34
80400,5807.36
80500,5814.39
80600,5821.41
80700,5828.39
80800,5835.38
80900,5842.37
81000,5849.41
81100,5856.42
81200,5863.46
81300,5870.56
81400,5877.69
81500,5884.85
81600,5892.01
81700,5899.23
81800,5906.45
81900,5913.64
82000,5920.82
82100,5928.04
82200,5935.2
82300,5942.3
82400,5949.36
82500,5956.42
82600,5963.45
82700,5970.55
82800,5977.63
82900,5984.65
83000,5991.66
83100,5998.66
83200,6005.66
83300,6012.68
83400,6019.64
83500,6026.7
83600,6033.74
83700,6040.83
83800,6047.93
83900,6055
84000,6062.04
84100,6069.05
84200,6076.19
84300,6083.25
84400,6090.28
84500,6097.33
84600,6104.37
84700,6111.43
84800,6118.45
84900,6125.47
85000,6132.52
85100,6139.55
85200,6146.62
85300,6153.71
85400,6160.81
85500,6167.94
85600,6175.1
85700,6182.23
85800,6189.35
85900,6196.5
86000,6203.65
86100,6210.8
86200,6217.95
86300,6225.08
86400,6232.23
86500,6239.34
86600,6246.47
86700,6253.59
86800,6260.72
86900,6267.88
87000,6275.01
87100,6282.12
87200,6289.22
87300,6296.31
87400,6303.46
87500,6310.59
87600,6317.67
87700,6324.73
87800,6331.78
87900,6338.78
88000,6345.78
88100,6352.76
88200,6359.75
88300,6366.7
88400,6373.69
88500,6380.64
88600,6387.62
88700,6394.59
88800,6401.58
88900,6408.55
89000,6415.56
89100,6422.52
89200,6429.47
89300,6436.43
89400,6443.36
89500,6450.32
89600,6457.31
89700,6464.34
89800,6471.31
89900,6478.32
90000,6485.35
90100,6492.35
90200,6499.35
90300,6506.35
90400,6513.28
90500,6520.18
90600,6527.06
90700,6533.92
90800,6540.85
90900,6547.81
91000,6554.73
91100,6561.66
91200,6568.6
91300,6575.57
91400,6582.56
91500,6589.55
91600,6596.55
91700,6603.51
91800,6610.47
91900,6617.38
92000,6624.31
92100,6631.27
92200,6638.19
92300,6645.15
92400,6652.13
92500,6659.11
92600,6666.1
92700,6673.07
92800,6680
92900,6686.97
93000,6693.95
93100,6700.95
93200,6707.98
93300,6715.02
93400,6722.15
93500,6729.26
93600,6736.38
93700,6743.49
93800,6750.63
93900,6757.71
94000,6764.78
94100,6771.82
94200,6778.84
94300,6785.9
94400,6792.97
94500,6800.03
94600,6807.06
94700,6814.1
94800,6821.18
94900,6828.21
95000,6835.26
95100,6842.27
95200,6849.31
95300,6856.38
95400,6863.41
95500,6870.43
95600,6877.46
95700,6884.57
95800,6891.66
95900,6898.78
96000,6905.91
96100,6913
96200,6920.01
96300,6927.01
96400,6934.03
96500,6941.02
96600,6948.03
96700,6955.06
96800,6962.06
96900,6969.08
97000,6976.09
97100,6983.08
97200,6990.11
97300,6997.21
97400,7004.32
97500,7011.45
97600,7018.62
97700,7025.85
97800,7032.97
97900,7040.09
98000,7047.19
98100,7054.26
98200,7061.36
98300,7068.48
98400,7075.61
98500,7082.63
98600,7089.7
98700,7096.73
98800,7103.75
98900,7110.73
99000,7117.73
99100,7124.7
99200,7131.74
99300,7138.77
99400,7145.79
99500,7152.83
99600,7159.89
99700,7166.91
99800,7173.87
99900,7180.88
