0,150.005
100,153.54
200,159.052
300,165.24
400,171.708
500,178.286
600,184.958
700,191.731
800,198.501
900,205.366
1000,212.243
1100,219.091
1200,226.03
1300,232.977
1400,239.976
1500,246.959
1600,253.946
1700,260.931
1800,267.959
1900,274.904
2000,281.855
2100,288.821
2200,295.782
2300,302.778
2400,309.814
2500,316.836
2600,323.828
2700,330.805
2800,337.789
2900,344.776
3000,351.772
3100,358.787
3200,365.788
3300,372.836
3400,379.897
3500,387.014
3600,394.067
3700,401.161
3800,408.247
3900,415.348
4000,422.402
4100,429.448
4200,436.468
4300,443.465
4400,450.45
4500,457.414
4600,464.31
4700,471.257
4800,478.203
4900,485.202
5000,492.205
5100,499.144
5200,506.088
5300,513.062
5400,520.033
5500,527.012
5600,534.004
5700,541.018
5800,547.975
5900,554.922
6000,561.873
6100,568.831
6200,575.867
6300,582.921
6400,589.928
6500,596.927
6600,603.972
6700,610.975
6800,618.016
6900,625.109
7000,632.13
7100,639.14
7200,646.145
7300,653.073
7400,660.023
7500,667.01
7600,673.944
7700,680.897
7800,687.861
7900,694.838
8000,701.785
8100,708.723
8200,715.643
8300,722.627
8400,729.623
8500,736.634
8600,743.617
8700,750.633
8800,757.654
8900,764.649
9000,771.64
9100,778.635
9200,785.598
9300,792.541
9400,799.549
9500,806.524
9600,813.488
9700,820.471
9800,827.482
9900,834.438
10000,841.385
10100,848.326
10200,855.258
10300,862.162
10400,869.083
10500,876.016
10600,882.951
10700,889.912
10800,896.876
10900,903.812
11000,910.747
11100,917.702
11200,924.689
11300,931.665
11400,938.626
11500,945.583
11600,952.56
11700,959.542
11800,966.522
11900,973.576
12000,980.61
12100,987.56
12200,994.514
12300,1001.46
12400,1008.42
12500,1015.34
12600,1022.29
12700,1029.27
12800,1036.26
12900,1043.2
13000,1050.15
13100,1057.11
13200,1064.09
13300,1071.18
13400,1078.32
13500,1085.45
13600,1092.67
13700,1099.83
13800,1107.02
13900,1114.26
14000,1121.47
14100,1128.72
14200,1135.93
14300,1143.13
14400,1150.3
14500,1157.41
14600,1164.52
14700,1171.61
14800,1178.68
14900,1185.8
15000,1192.82
15100,1199.87
15200,1206.93
15300,1213.96
15400,1221.09
15500,1228.12
15600,1235.14
15700,1242.17
15800,1249.22
15900,1256.3
16000,1263.35
16100,1270.39
16200,1277.43
16300,1284.43
16400,1291.48
16500,1298.52
16600,1305.5
16700,1312.51
16800,1319.56
16900,1326.58
17000,1333.62
17100,1340.65
17200,1347.64
17300,1354.65
17400,1361.64
17500,1368.63
17600,1375.64
17700,1382.6
17800,1389.56
17900,1396.5
18000,1403.46
18100,1410.44
18200,1417.44
18300,1424.41
18400,1431.35
18500,1438.33
18600,1445.3
18700,1452.3
18800,1459.31
18900,1466.3
19000,1473.32
19100,1480.34
19200,1487.38
19300,1494.39
19400,1501.4
19500,1508.41
19600,1515.41
19700,1522.41
19800,1529.46
19900,1536.49
20000,1543.5
20100,1550.57
20200,1557.67
20300,1564.74
20400,1571.87
20500,1578.9
20600,1585.99
20700,1593.11
20800,1600.18
20900,1607.27
21000,1614.38
21100,1621.45
21200,1628.46
21300,1635.51
21400,1642.55
21500,1649.59
21600,1656.55
21700,1663.59
21800,1670.63
21900,1677.66
22000,1684.69
22100,1691.77
22200,1698.86
22300,1705.91
22400,1712.96
22500,1720.04
22600,1727.1
22700,1734.2
22800,1741.3
22900,1748.32
23000,1755.33
23100,1762.33
23200,1769.28
23300,1776.24
23400,1783.16
23500,1790.11
23600,1797.03
23700,1803.98
23800,1810.92
23900,1817.91
24000,1824.88
24100,1831.88
24200,1838.85
24300,1845.82
24400,1852.72
24500,1859.64
24600,1866.61
24700,1873.57
24800,1880.56
24900,1887.57
25000,1894.58
25100,1901.63
25200,1908.69
25300,1915.71
25400,1922.71
25500,1929.74
25600,1936.75
25700,1943.73
25800,1950.73
25900,1957.71
26000,1964.7
26100,1971.67
26200,1978.64
26300,1985.61
26400,1992.63
26500,1999.67
26600,2006.71
26700,2013.71
26800,2020.73
26900,2027.78
27000,2034.8
27100,2041.8
27200,2048.8
27300,2055.75
27400,2062.72
27500,2069.66
27600,2076.62
27700,2083.62
27800,2090.59
27900,2097.6
28000,2104.56
28100,2111.53
28200,2118.48
28300,2125.49
28400,2132.48
28500,2139.49
28600,2146.5
28700,2153.52
28800,2160.6
28900,2167.68
29000,2174.81
29100,2181.96
29200,2189.18
29300,2196.41
29400,2203.67
29500,2210.95
29600,2218.18
29700,2225.43
29800,2232.66
29900,2239.96
30000,2247.18
30100,2254.4
30200,2261.62
30300,2268.84
30400,2276.1
30500,2283.26
30600,2290.41
30700,2297.54
30800,2304.59
30900,2311.57
31000,2318.56
31100,2325.53
31200,2332.52
31300,2339.47
31400,2346.44
31500,2353.37
31600,2360.34
31700,2367.23
31800,2374.2
31900,2381.18
32000,2388.16
32100,2395.15
32200,2402.12
32300,2409.14
32400,2416.16
32500,2423.18
32600,2430.18
32700,2437.21
32800,2444.25
32900,2451.29
33000,2458.42
33100,2465.55
33200,2472.73
33300,2479.91
33400,2487.13
33500,2494.34
33600,2501.51
33700,2508.7
33800,2515.94
33900,2523.22
34000,2530.47
34100,2537.69
34200,2544.9
34300,2552.01
34400,2559.13
34500,2566.23
34600,2573.35
34700,2580.41
34800,2587.5
34900,2594.59
35000,2601.7
35100,2608.81
35200,2615.94
35300,2623.05
35400,2630.1
35500,2637.13
35600,2644.2
35700,2651.28
35800,2658.39
35900,2665.48
36000,2672.58
36100,2679.7
36200,2686.77
36300,2693.8
36400,2700.86
36500,2707.94
36600,2714.99
36700,2722.04
36800,2729.02
36900,2736.03
37000,2743.01
37100,2750.04
37200,2757.01
37300,2764.04
37400,2771.04
37500,2778.07
37600,2785.06
37700,2792.06
37800,2799.08
37900,2806.12
38000,2813.15
38100,2820.14
38200,2827.14
38300,2834.11
38400,2841.12
38500,2848.15
38600,2855.18
38700,2862.21
38800,2869.23
38900,2876.26
39000,2883.3
39100,2890.39
39200,2897.51
39300,2904.61
39400,2911.71
39500,2918.79
39600,2925.81
39700,2932.84
39800,2939.86
39900,2946.88
40000,2953.89
40100,2960.91
40200,2967.93
40300,2974.93
40400,2981.95
40500,2988.99
40600,2996
40700,3002.95
40800,3009.9
40900,3016.84
41000,3023.77
41100,3030.67
41200,3037.62
41300,3044.59
41400,3051.6
41500,3058.62
41600,3065.6
41700,3072.53
41800,3079.52
41900,3086.55
42000,3093.57
42100,3100.57
42200,3107.58
42300,3114.58
42400,3121.6
42500,3128.58
42600,3135.59
42700,3142.64
42800,3149.65
42900,3156.66
43000,3163.69
43100,3170.74
43200,3177.77
43300,3184.82
43400,3191.83
43500,3198.8
43600,3205.79
43700,3212.79
43800,3219.78
43900,3226.77
44000,3233.79
44100,3240.8
44200,3247.83
44300,3254.82
44400,3261.8
44500,3268.75
44600,3275.74
44700,3282.71
44800,3289.65
44900,3296.66
45000,3303.65
45100,3310.59
45200,3317.56
45300,3324.56
45400,3331.61
45500,3338.63
45600,3345.67
45700,3352.73
45800,3359.75
45900,3366.75
46000,3373.8
46100,3380.87
46200,3387.98
46300,3395.05
46400,3402.11
46500,3409.17
46600,3416.28
46700,3423.4
46800,3430.56
46900,3437.66
47000,3444.79
47100,3451.95
47200,3459.07
47300,3466.16
47400,3473.28
47500,3480.36
47600,3487.44
47700,3494.49
47800,3501.56
47900,3508.6
48000,3515.59
48100,3522.54
48200,3529.56
48300,3536.51
48400,3543.45
48500,3550.4
48600,3557.35
48700,3564.33
48800,3571.31
48900,3578.32
49000,3585.35
49100,3592.42
49200,3599.52
49300,3606.58
49400,3613.64
49500,3620.65
49600,3627.68
49700,3634.72
49800,3641.74
49900,3648.74
50000,3655.73
50100,3662.71
50200,3669.65
50300,3676.6
50400,3683.58
50500,3690.51
50600,3697.45
50700,3704.45
50800,3711.43
50900,3718.4
51000,3725.34
51100,3732.29
51200,3739.25
51300,3746.2
51400,3753.17
51500,3760.14
51600,3767.12
51700,3774.11
51800,3781.07
51900,3788.01
52000,3794.96
52100,3801.85
52200,3808.8
52300,3815.74
52400,3822.7
52500,3829.67
52600,3836.67
52700,3843.72
52800,3850.77
52900,3857.78
53000,3864.78
53100,3871.76
53200,3878.76
53300,3885.74
53400,3892.67
53500,3899.64
53600,3906.65
53700,3913.65
53800,3920.62
53900,3927.6
54000,3934.56
54100,3941.53
54200,3948.59
54300,3955.63
54400,3962.7
54500,3969.78
54600,3976.84
54700,3983.9
54800,3990.94
54900,3998.04
55000,4005.09
55100,4012.12
55200,4019.16
55300,4026.22
55400,4033.27
55500,4040.33
55600,4047.31
55700,4054.32
55800,4061.32
55900,4068.32
56000,4075.3
56100,4082.3
56200,4089.28
56300,4096.28
56400,4103.29
56500,4110.24
56600,4117.2
56700,4124.13
56800,4131.08
56900,4138.1
57000,4145.07
57100,4152.04
57200,4159
57300,4165.94
57400,4172.85
57500,4179.78
57600,4186.68
57700,4193.56
57800,4200.49
57900,4207.46
58000,4214.41
58100,4221.36
58200,4228.3
58300,4235.21
58400,4242.13
58500,4249.07
58600,4256.02
58700,4262.94
58800,4269.87
58900,4276.8
59000,4283.76
59100,4290.75
59200,4297.76
59300,4304.77
59400,4311.76
59500,4318.75
59600,4325.76
59700,4332.75
59800,4339.72
59900,4346.74
60000,4353.7
60100,4360.59
60200,4367.53
60300,4374.43
60400,4381.34
60500,4388.31
60600,4395.29
60700,4402.28
60800,4409.28
60900,4416.32
61000,4423.34
61100,4430.4
61200,4437.47
61300,4444.52
61400,4451.55
61500,4458.61
61600,4465.64
61700,4472.72
61800,4479.8
61900,4486.9
62000,4493.96
62100,4501.01
62200,4508.03
62300,4515.05
62400,4522.1
62500,4529.13
62600,4536.13
62700,4543.14
62800,4550.17
62900,4557.18
63000,4564.21
63100,4571.3
63200,4578.52
63300,4585.72
63400,4592.9
63500,4600.09
63600,4607.2
63700,4614.34
63800,4621.41
63900,4628.53
64000,4635.67
64100,4642.73
64200,4649.78
64300,4656.79
64400,4663.78
64500,4670.71
64600,4677.68
64700,4684.68
64800,4691.67
64900,4698.66
65000,4705.63
65100,4712.62
65200,4719.59
65300,4726.57
65400,4733.6
65500,4740.63
65600,4747.76
65700,4754.84
65800,4761.92
65900,4769.02
66000,4776.1
66100,4783.18
66200,4790.26
66300,4797.38
66400,4804.48
66500,4811.58
66600,4818.7
66700,4825.79
66800,4832.9
66900,4839.97
67000,4847.01
67100,4854.04
67200,4861.09
67300,4868.08
67400,4875.05
67500,4882.03
67600,4888.96
67700,4895.92
67800,4902.87
67900,4909.85
68000,4916.85
68100,4923.8
68200,4930.77
68300,4937.77
68400,4944.7
68500,4951.7
68600,4958.71
68700,4965.76
68800,4972.74
68900,4979.73
69000,4986.76
69100,4993.83
69200,5000.87
69300,5007.89
69400,5014.87
69500,5021.83
69600,5028.86
69700,5035.86
69800,5042.82
69900,5049.81
70000,5056.8
70100,5063.79
70200,5070.82
70300,5077.83
70400,5084.85
70500,5091.8
70600,5098.79
70700,5105.79
70800,5112.82
70900,5119.85
71000,5126.83
71100,5133.88
71200,5140.91
71300,5147.92
71400,5154.93
71500,5161.98
71600,5168.98
71700,5175.97
71800,5182.99
71900,5189.95
72000,5196.96
72100,5203.98
72200,5210.97
72300,5217.95
72400,5224.95
72500,5231.92
72600,5238.92
72700,5245.97
72800,5252.98
72900,5260.06
73000,5267.13
73100,5274.19
73200,5281.26
73300,5288.36
73400,5295.44
73500,5302.51
73600,5309.56
73700,5316.62
73800,5323.66
73900,5330.78
74000,5337.91
74100,5345.07
74200,5352.25
74300,5359.43
74400,5366.59
74500,5373.69
74600,5380.8
74700,5387.92
74800,5395.04
74900,5402.17
75000,5409.32
75100,5416.46
75200,5423.56
75300,5430.66
75400,5437.73
75500,5444.82
75600,5451.88
75700,5458.86
75800,5465.86
75900,5472.88
76000,5479.85
76100,5486.85
76200,5493.92
76300,5501.01
76400,5508.14
76500,5515.23
76600,5522.29
76700,5529.35
76800,5536.4
76900,5543.48
77000,5550.53
77100,5557.54
77200,5564.57
77300,5571.58
77400,5578.61
77500,5585.69
77600,5592.74
77700,5599.76
77800,5606.75
77900,5613.74
78000,5620.73
78100,5627.68
78200,5634.66
78300,5641.6
78400,5648.6
78500,5655.54
78600,5662.49
78700,5669.46
78800,5676.45
78900,5683.41
79000,5690.42
79100,5697.42
79200,5704.43
79300,5711.45
79400,5718.48
79500,5725.49
79600,5732.49
79700,5739.43
79800,5746.44
79900,5753.43
80000,5760.39
80100,5767.36
80200,5774.35
80300,5781.35
80400,5788.38
80500,5795.4
80600,5802.42
80700,5809.4
80800,5816.41
80900,5823.39
81000,5830.44
81100,5837.4
81200,5844.39
81300,5851.38
81400,5858.33
81500,5865.25
81600,5872.22
81700,5879.18
81800,5886.16
81900,5893.12
82000,5900.02
82100,5907
82200,5913.95
82300,5920.91
82400,5927.89
82500,5934.85
82600,5941.81
82700,5948.82
82800,5955.83
82900,5962.82
83000,5969.84
83100,5976.92
83200,5984.04
83300,5991.19
83400,5998.32
83500,6005.46
83600,6012.6
83700,6019.69
83800,6026.73
83900,6033.75
84000,6040.8
84100,6047.82
84200,6054.82
84300,6061.92
84400,6069.03
84500,6076.12
84600,6083.27
84700,6090.38
84800,6097.49
84900,6104.56
85000,6111.63
85100,6118.7
85200,6125.75
85300,6132.89
85400,6140.04
85500,6147.21
85600,6154.36
85700,6161.5
85800,6168.66
85900,6175.79
86000,6182.89
86100,6189.98
86200,6197.08
86300,6204.16
86400,6211.21
86500,6218.33
86600,6225.44
86700,6232.54
86800,6239.68
86900,6246.86
87000,6254.09
87100,6261.34
87200,6268.62
87300,6275.89
87400,6283.16
87500,6290.4
87600,6297.68
87700,6304.92
87800,6312.09
87900,6319.27
88000,6326.39
88100,6333.54
88200,6340.67
88300,6347.73
88400,6354.82
88500,6361.86
88600,6368.87
88700,6375.9
88800,6382.89
88900,6389.9
89000,6396.79
89100,6403.76
89200,6410.78
89300,6417.75
89400,6424.69
89500,6431.66
89600,6438.64
89700,6445.67
89800,6452.66
89900,6459.65
90000,6466.59
90100,6473.52
90200,6480.5
90300,6487.51
90400,6494.57
90500,6501.61
90600,6508.64
90700,6515.71
90800,6522.73
90900,6529.72
91000,6536.71
91100,6543.71
91200,6550.73
91300,6557.7
91400,6564.7
91500,6571.66
91600,6578.63
91700,6585.61
91800,6592.6
91900,6599.6
92000,6606.6
92100,6613.63
92200,6620.64
92300,6627.6
92400,6634.57
92500,6641.58
92600,6648.62
92700,6655.68
92800,6662.78
92900,6669.88
93000,6676.98
93100,6684.1
93200,6691.23
93300,6698.35
93400,6705.41
93500,6712.45
93600,6719.5
93700,6726.57
93800,6733.71
93900,6740.81
94000,6747.91
94100,6754.98
94200,6762.07
94300,6769.1
94400,6776.15
94500,6783.22
94600,6790.22
94700,6797.18
94800,6804.21
94900,6811.22
95000,6818.25
95100,6825.27
95200,6832.28
95300,6839.29
95400,6846.27
95500,6853.32
95600,6860.4
95700,6867.44
95800,6874.5
95900,6881.53
96000,6888.51
96100,6895.55
96200,6902.53
96300,6909.52
96400,6916.55
96500,6923.57
96600,6930.53
96700,6937.52
96800,6944.47
96900,6951.43
97000,6958.39
97100,6965.36
97200,6972.35
97300,6979.43
97400,6986.5
97500,6993.54
97600,7000.59
97700,7007.64
97800,7014.66
97900,7021.69
98000,7028.73
98100,7035.73
98200,7042.69
98300,7049.69
98400,7056.73
98500,7063.77
98600,7070.82
98700,7077.81
98800,7084.83
98900,7091.84
99000,7098.86
99100,7105.85
99200,7112.91
99300,7119.97
99400,7127.03
99500,7134.08
99600,7141.2
99700,7148.31
99800,7155.4
99900,7162.53
