0,150.008
100,155.499
200,162.874
300,170.548
400,178.33
500,186.159
600,193.985
700,201.854
800,209.716
900,217.587
1000,225.395
1100,233.245
1200,241.051
1300,248.884
1400,256.699
1500,264.489
1600,272.345
1700,280.219
1800,288.082
1900,295.939
2000,303.837
2100,311.685
2200,319.577
2300,327.391
2400,335.236
2500,343.12
2600,350.972
2700,358.861
2800,366.736
2900,374.623
3000,382.486
3100,390.308
3200,398.142
3300,406.016
3400,413.925
3500,421.813
3600,429.663
3700,437.555
3800,445.411
3900,453.265
4000,461.112
4100,468.981
4200,476.879
4300,484.737
4400,492.565
4500,500.409
4600,508.256
4700,516.139
4800,523.991
4900,531.832
5000,539.707
5100,547.572
5200,555.451
5300,563.301
5400,571.127
5500,578.968
5600,586.837
5700,594.679
5800,602.496
5900,610.28
6000,618.137
6100,626.012
6200,633.813
6300,641.642
6400,649.448
6500,657.325
6600,665.206
6700,673.06
6800,680.926
6900,688.807
7000,696.67
7100,704.523
7200,712.378
7300,720.21
7400,728.079
7500,735.945
7600,743.816
7700,751.65
7800,759.501
7900,767.371
8000,775.246
8100,783.131
8200,790.988
8300,798.831
8400,806.743
8500,814.586
8600,822.386
8700,830.246
8800,838.064
8900,845.906
9000,853.767
9100,861.626
9200,869.424
9300,877.272
9400,885.098
9500,892.923
9600,900.771
9700,908.619
9800,916.5
9900,924.389
10000,932.218
10100,940.04
10200,947.921
10300,955.779
10400,963.675
10500,971.542
10600,979.406
10700,987.197
10800,995.037
10900,1002.91
11000,1010.77
11100,1018.64
11200,1026.51
11300,1034.39
11400,1042.23
11500,1050.08
11600,1057.97
11700,1065.86
11800,1073.73
11900,1081.58
12000,1089.41
12100,1097.25
12200,1105.09
12300,1112.94
12400,1120.81
12500,1128.62
12600,1136.48
12700,1144.34
12800,1152.2
12900,1160.06
13000,1167.92
13100,1175.75
13200,1183.62
13300,1191.49
13400,1199.34
13500,1207.2
13600,1215.08
13700,1222.98
13800,1230.86
13900,1238.73
14000,1246.59
14100,1254.41
14200,1262.29
14300,1270.13
14400,1277.95
14500,1285.8
14600,1293.69
14700,1301.55
14800,1309.41
14900,1317.28
15000,1325.2
15100,1333.05
15200,1340.95
15300,1348.84
15400,1356.69
15500,1364.57
15600,1372.42
15700,1380.26
15800,1388.08
15900,1395.89
16000,1403.76
16100,1411.63
16200,1419.49
16300,1427.35
16400,1435.2
16500,1443.04
16600,1450.84
16700,1458.73
16800,1466.58
16900,1474.45
17000,1482.3
17100,1490.14
17200,1497.99
17300,1505.87
17400,1513.73
17500,1521.61
17600,1529.51
17700,1537.38
17800,1545.24
17900,1553.11
18000,1560.97
18100,1568.78
18200,1576.61
18300,1584.47
18400,1592.33
18500,1600.18
18600,1608.01
18700,1615.85
18800,1623.69
18900,1631.55
19000,1639.39
19100,1647.26
19200,1655.15
19300,1663.01
19400,1670.88
19500,1678.71
19600,1686.6
19700,1694.44
19800,1702.26
19900,1710.09
20000,1717.95
20100,1725.8
20200,1733.64
20300,1741.47
20400,1749.3
20500,1757.14
20600,1765.01
20700,1772.88
20800,1780.71
20900,1788.61
21000,1796.44
21100,1804.29
21200,1812.16
21300,1819.99
21400,1827.85
21500,1835.73
21600,1843.56
21700,1851.45
21800,1859.33
21900,1867.19
22000,1875.06
22100,1882.91
22200,1890.77
22300,1898.62
22400,1906.46
22500,1914.34
22600,1922.19
22700,1930.04
22800,1937.86
22900,1945.68
23000,1953.53
23100,1961.41
23200,1969.26
23300,1977.11
23400,1984.98
23500,1992.82
23600,2000.69
23700,2008.52
23800,2016.4
23900,2024.23
24000,2032.06
24100,2039.88
24200,2047.72
24300,2055.56
24400,2063.41
24500,2071.25
24600,2079.12
24700,2086.97
24800,2094.84
24900,2102.7
25000,2110.59
25100,2118.44
25200,2126.3
25300,2134.16
25400,2142.05
25500,2149.94
25600,2157.82
25700,2165.66
25800,2173.54
25900,2181.42
26000,2189.23
26100,2197.08
26200,2204.95
26300,2212.79
26400,2220.64
26500,2228.5
26600,2236.37
26700,2244.26
26800,2252.14
26900,2259.98
27000,2267.82
27100,2275.66
27200,2283.48
27300,2291.29
27400,2299.11
27500,2306.95
27600,2314.82
27700,2322.65
27800,2330.5
27900,2338.32
28000,2346.15
28100,2353.98
28200,2361.85
28300,2369.7
28400,2377.54
28500,2385.41
28600,2393.29
28700,2401.18
28800,2409.05
28900,2416.95
29000,2424.79
29100,2432.64
29200,2440.49
29300,2448.35
29400,2456.19
29500,2464.03
29600,2471.87
29700,2479.69
29800,2487.57
29900,2495.42
30000,2503.29
30100,2511.18
30200,2519.01
30300,2526.88
30400,2534.71
30500,2542.56
30600,2550.41
30700,2558.26
30800,2566.09
30900,2573.97
31000,2581.82
31100,2589.65
31200,2597.51
31300,2605.37
31400,2613.22
31500,2621.09
31600,2628.96
31700,2636.8
31800,2644.62
31900,2652.48
32000,2660.33
32100,2668.16
32200,2676.02
32300,2683.87
32400,2691.75
32500,2699.63
32600,2707.48
32700,2715.3
32800,2723.15
32900,2731
33000,2738.87
33100,2746.76
33200,2754.61
33300,2762.49
33400,2770.34
33500,2778.19
33600,2786.04
33700,2793.88
33800,2801.76
33900,2809.62
34000,2817.46
34100,2825.27
34200,2833.11
34300,2840.97
34400,2848.83
34500,2856.65
34600,2864.49
34700,2872.35
34800,2880.19
34900,2888.03
35000,2895.87
35100,2903.75
35200,2911.61
35300,2919.48
35400,2927.34
35500,2935.21
35600,2943.1
35700,2950.95
35800,2958.81
35900,2966.66
36000,2974.54
36100,2982.41
36200,2990.28
36300,2998.12
36400,3006
36500,3013.83
36600,3021.67
36700,3029.54
36800,3037.39
36900,3045.27
37000,3053.13
37100,3061.02
37200,3068.84
37300,3076.66
37400,3084.53
37500,3092.4
37600,3100.26
37700,3108.11
37800,3115.97
37900,3123.83
38000,3131.69
38100,3139.52
38200,3147.39
38300,3155.23
38400,3163.1
38500,3170.95
38600,3178.8
38700,3186.65
38800,3194.49
38900,3202.38
39000,3210.26
39100,3218.11
39200,3225.97
39300,3233.83
39400,3241.66
39500,3249.49
39600,3257.38
39700,3265.22
39800,3273.1
39900,3280.94
40000,3288.81
40100,3296.69
40200,3304.56
40300,3312.39
40400,3320.23
40500,3328.04
40600,3335.9
40700,3343.79
40800,3351.65
40900,3359.51
41000,3367.37
41100,3375.23
41200,3383.06
41300,3390.94
41400,3398.83
41500,3406.71
41600,3414.58
41700,3422.45
41800,3430.26
41900,3438.08
42000,3445.93
42100,3453.82
42200,3461.68
42300,3469.56
42400,3477.44
42500,3485.33
42600,3493.23
42700,3501.11
42800,3508.99
42900,3516.87
43000,3524.71
43100,3532.62
43200,3540.48
43300,3548.33
43400,3556.18
43500,3564.04
43600,3571.88
43700,3579.7
43800,3587.58
43900,3595.44
44000,3603.27
44100,3611.11
44200,3618.95
44300,3626.79
44400,3634.68
44500,3642.53
44600,3650.4
44700,3658.23
44800,3666.05
44900,3673.85
45000,3681.7
45100,3689.57
45200,3697.42
45300,3705.25
45400,3713.08
45500,3720.99
45600,3728.87
45700,3736.76
45800,3744.71
45900,3752.59
46000,3760.46
46100,3768.34
46200,3776.22
46300,3784.07
46400,3791.93
46500,3799.78
46600,3807.64
46700,3815.5
46800,3823.36
46900,3831.25
47000,3839.13
47100,3846.98
47200,3854.89
47300,3862.77
47400,3870.62
47500,3878.49
47600,3886.35
47700,3894.21
47800,3902.08
47900,3909.92
48000,3917.74
48100,3925.61
48200,3933.49
48300,3941.34
48400,3949.21
48500,3957.07
48600,3964.93
48700,3972.84
48800,3980.69
48900,3988.56
49000,3996.39
49100,4004.24
49200,4012.09
49300,4019.94
49400,4027.82
49500,4035.68
49600,4043.57
49700,4051.46
49800,4059.32
49900,4067.17
50000,4075.03
50100,4082.89
50200,4090.73
50300,4098.56
50400,4106.41
50500,4114.26
50600,4122.09
50700,4129.97
50800,4137.8
50900,4145.66
51000,4153.54
51100,4161.41
51200,4169.28
51300,4177.16
51400,4185.04
51500,4192.9
51600,4200.75
51700,4208.56
51800,4216.39
51900,4224.19
52000,4232.03
52100,4239.9
52200,4247.74
52300,4255.6
52400,4263.41
52500,4271.26
52600,4279.08
52700,4286.91
52800,4294.76
52900,4302.62
53000,4310.5
53100,4318.33
53200,4326.17
53300,4334.05
53400,4341.93
53500,4349.82
53600,4357.69
53700,4365.53
53800,4373.37
53900,4381.23
54000,4389.1
54100,4396.95
54200,4404.82
54300,4412.67
54400,4420.53
54500,4428.37
54600,4436.26
54700,4444.11
54800,4452
54900,4459.87
55000,4467.7
55100,4475.54
55200,4483.4
55300,4491.25
55400,4499.12
55500,4506.97
55600,4514.86
55700,4522.7
55800,4530.59
55900,4538.46
56000,4546.34
56100,4554.19
56200,4562.07
56300,4569.94
56400,4577.8
56500,4585.68
56600,4593.56
56700,4601.44
56800,4609.29
56900,4617.2
57000,4625.07
57100,4632.94
57200,4640.81
57300,4648.64
57400,4656.52
57500,4664.36
57600,4672.22
57700,4680.08
57800,4687.95
57900,4695.79
58000,4703.65
58100,4711.51
58200,4719.36
58300,4727.22
58400,4735.1
58500,4742.99
58600,4750.82
58700,4758.73
58800,4766.6
58900,4774.48
59000,4782.35
59100,4790.23
59200,4798.09
59300,4805.96
59400,4813.84
59500,4821.74
59600,4829.61
59700,4837.46
59800,4845.32
59900,4853.17
60000,4861.04
60100,4868.88
60200,4876.74
60300,4884.57
60400,4892.41
60500,4900.24
60600,4908.1
60700,4915.94
60800,4923.78
60900,4931.61
61000,4939.44
61100,4947.26
61200,4955.06
61300,4962.93
61400,4970.79
61500,4978.64
61600,4986.49
61700,4994.37
61800,5002.2
61900,5010.02
62000,5017.89
62100,5025.71
62200,5033.57
62300,5041.39
62400,5049.22
62500,5057.07
62600,5064.89
62700,5072.78
62800,5080.65
62900,5088.53
63000,5096.4
63100,5104.21
63200,5112.05
63300,5119.91
63400,5127.74
63500,5135.61
63600,5143.46
63700,5151.31
63800,5159.17
63900,5167.03
64000,5174.82
64100,5182.71
64200,5190.58
64300,5198.41
64400,5206.29
64500,5214.14
64600,5221.98
64700,5229.77
64800,5237.58
64900,5245.45
65000,5253.28
65100,5261.12
65200,5269
65300,5276.86
65400,5284.72
65500,5292.56
65600,5300.4
65700,5308.26
65800,5316.1
65900,5323.96
66000,5331.84
66100,5339.68
66200,5347.51
66300,5355.34
66400,5363.2
66500,5371.07
66600,5378.94
66700,5386.78
66800,5394.61
66900,5402.48
67000,5410.33
67100,5418.17
67200,5426.04
67300,5433.92
67400,5441.77
67500,5449.58
67600,5457.45
67700,5465.27
67800,5473.12
67900,5480.94
68000,5488.76
68100,5496.62
68200,5504.47
68300,5512.32
68400,5520.16
68500,5528.03
68600,5535.87
68700,5543.76
68800,5551.61
68900,5559.49
69000,5567.38
69100,5575.25
69200,5583.15
69300,5591.01
69400,5598.91
69500,5606.76
69600,5614.61
69700,5622.48
69800,5630.34
69900,5638.2
70000,5646.08
70100,5653.95
70200,5661.84
70300,5669.73
70400,5677.59
70500,5685.47
70600,5693.34
70700,5701.2
70800,5709.05
70900,5716.9
71000,5724.78
71100,5732.67
71200,5740.5
71300,5748.32
71400,5756.14
71500,5764.02
71600,5771.87
71700,5779.73
71800,5787.59
71900,5795.44
72000,5803.29
72100,5811.14
72200,5818.93
72300,5826.78
72400,5834.62
72500,5842.48
72600,5850.3
72700,5858.14
72800,5866
72900,5873.88
73000,5881.74
73100,5889.61
73200,5897.46
73300,5905.31
73400,5913.15
73500,5920.98
73600,5928.85
73700,5936.72
73800,5944.59
73900,5952.45
74000,5960.32
74100,5968.21
74200,5976.08
74300,5983.96
74400,5991.79
74500,5999.65
74600,6007.5
74700,6015.34
74800,6023.19
74900,6031.05
75000,6038.94
75100,6046.8
75200,6054.66
75300,6062.51
75400,6070.4
75500,6078.29
75600,6086.15
75700,6094.01
75800,6101.84
75900,6109.66
76000,6117.53
76100,6125.42
76200,6133.26
76300,6141.04
76400,6148.86
76500,6156.72
76600,6164.59
76700,6172.42
76800,6180.27
76900,6188.1
77000,6195.96
77100,6203.82
77200,6211.67
77300,6219.53
77400,6227.36
77500,6235.18
77600,6243.04
77700,6250.92
77800,6258.78
77900,6266.62
78000,6274.46
78100,6282.29
78200,6290.12
78300,6297.92
78400,6305.76
78500,6313.6
78600,6321.47
78700,6329.33
78800,6337.21
78900,6345.07
79000,6352.89
79100,6360.72
79200,6368.57
79300,6376.41
79400,6384.21
79500,6392.05
79600,6399.85
79700,6407.69
79800,6415.52
79900,6423.41
80000,6431.28
80100,6439.17
80200,6447.04
80300,6454.91
80400,6462.76
80500,6470.61
80600,6478.46
80700,6486.3
80800,6494.15
80900,6502.02
81000,6509.86
81100,6517.7
81200,6525.55
81300,6533.4
81400,6541.21
81500,6549.08
81600,6556.95
81700,6564.78
81800,6572.63
81900,6580.5
82000,6588.35
82100,6596.2
82200,6604.06
82300,6611.92
82400,6619.79
82500,6627.61
82600,6635.43
82700,6643.29
82800,6651.18
82900,6659.06
83000,6666.94
83100,6674.83
83200,6682.71
83300,6690.57
83400,6698.41
83500,6706.24
83600,6714.08
83700,6721.95
83800,6729.81
83900,6737.67
84000,6745.54
84100,6753.38
84200,6761.24
84300,6769.06
84400,6776.92
84500,6784.81
84600,6792.66
84700,6800.53
84800,6808.4
84900,6816.25
85000,6824.1
85100,6832
85200,6839.86
85300,6847.74
85400,6855.64
85500,6863.5
85600,6871.35
85700,6879.2
85800,6887.03
85900,6894.86
86000,6902.71
86100,6910.56
86200,6918.44
86300,6926.31
86400,6934.16
86500,6942.07
86600,6949.91
86700,6957.79
86800,6965.65
86900,6973.54
87000,6981.44
87100,6989.3
87200,6997.15
87300,7004.99
87400,7012.82
87500,7020.64
87600,7028.51
87700,7036.37
87800,7044.23
87900,7052.09
88000,7059.96
88100,7067.82
88200,7075.68
88300,7083.51
88400,7091.35
88500,7099.22
88600,7107.07
88700,7114.94
88800,7122.76
88900,7130.61
89000,7138.46
89100,7146.32
89200,7154.15
89300,7162.01
89400,7169.88
89500,7177.76
89600,7185.62
89700,7193.46
89800,7201.3
89900,7209.12
90000,7216.98
90100,7224.8
90200,7232.63
90300,7240.53
90400,7248.41
90500,7256.29
90600,7264.17
90700,7272.03
90800,7279.91
90900,7287.82
91000,7295.7
91100,7303.56
91200,7311.39
91300,7319.23
91400,7327.07
91500,7334.92
91600,7342.72
91700,7350.53
91800,7358.38
91900,7366.26
92000,7374.13
92100,7381.99
92200,7389.82
92300,7397.63
92400,7405.51
92500,7413.37
92600,7421.23
92700,7429.14
92800,7437.02
92900,7444.91
93000,7452.78
93100,7460.66
93200,7468.56
93300,7476.4
93400,7484.24
93500,7492.07
93600,7499.96
93700,7507.83
93800,7515.69
93900,7523.58
94000,7531.48
94100,7539.36
94200,7547.21
94300,7555.04
94400,7562.88
94500,7570.72
94600,7578.58
94700,7586.43
94800,7594.31
94900,7602.21
95000,7610.06
95100,7617.93
95200,7625.81
95300,7633.68
95400,7641.55
95500,7649.41
95600,7657.28
95700,7665.14
95800,7673
95900,7680.85
96000,7688.72
96100,7696.58
96200,7704.45
96300,7712.32
96400,7720.17
96500,7728.02
96600,7735.9
96700,7743.74
96800,7751.58
96900,7759.4
97000,7767.26
97100,7775.11
97200,7782.95
97300,7790.79
97400,7798.61
97500,7806.47
97600,7814.34
97700,7822.19
97800,7830.04
97900,7837.88
98000,7845.75
98100,7853.63
98200,7861.52
98300,7869.39
98400,7877.24
98500,7885.1
98600,7892.96
98700,7900.81
98800,7908.69
98900,7916.56
99000,7924.42
99100,7932.31
99200,7940.14
99300,7947.99
99400,7955.82
99500,7963.67
99600,7971.55
99700,7979.44
99800,7987.35
99900,7995.19
