0,150.004
100,153.514
200,159.013
300,165.169
400,171.652
500,178.292
600,185.024
700,191.855
800,198.747
900,205.654
1000,212.625
1100,219.592
1200,226.559
1300,233.564
1400,240.539
1500,247.51
1600,254.489
1700,261.487
1800,268.469
1900,275.466
2000,282.44
2100,289.452
2200,296.421
2300,303.385
2400,310.342
2500,317.299
2600,324.312
2700,331.305
2800,338.323
2900,345.255
3000,352.177
3100,359.146
3200,366.168
3300,373.22
3400,380.241
3500,387.295
3600,394.299
3700,401.326
3800,408.353
3900,415.429
4000,422.457
4100,429.532
4200,436.569
4300,443.549
4400,450.528
4500,457.46
4600,464.407
4700,471.363
4800,478.256
4900,485.2
5000,492.149
5100,499.113
5200,506.062
5300,512.958
5400,519.901
5500,526.843
5600,533.84
5700,540.832
5800,547.826
5900,554.832
6000,561.818
6100,568.802
6200,575.788
6300,582.773
6400,589.76
6500,596.757
6600,603.753
6700,610.721
6800,617.659
6900,624.572
7000,631.553
7100,638.506
7200,645.476
7300,652.412
7400,659.326
7500,666.259
7600,673.171
7700,680.063
7800,686.984
7900,693.955
8000,700.919
8100,707.856
8200,714.809
8300,721.785
8400,728.724
8500,735.684
8600,742.708
8700,749.778
8800,756.808
8900,763.804
9000,770.768
9100,777.738
9200,784.671
9300,791.65
9400,798.617
9500,805.556
9600,812.489
9700,819.384
9800,826.258
9900,833.17
10000,840.07
10100,847.015
10200,854
10300,860.968
10400,867.895
10500,874.908
10600,881.916
10700,888.974
10800,896.027
10900,903.12
11000,910.22
11100,917.303
11200,924.375
11300,931.447
11400,938.502
11500,945.54
11600,952.581
11700,959.616
11800,966.607
11900,973.609
12000,980.656
12100,987.687
12200,994.68
12300,1001.66
12400,1008.61
12500,1015.55
12600,1022.52
12700,1029.51
12800,1036.48
12900,1043.47
13000,1050.47
13100,1057.48
13200,1064.5
13300,1071.48
13400,1078.49
13500,1085.48
13600,1092.47
13700,1099.43
13800,1106.38
13900,1113.31
14000,1120.24
14100,1127.22
14200,1134.2
14300,1141.18
14400,1148.23
14500,1155.27
14600,1162.31
14700,1169.37
14800,1176.33
14900,1183.32
15000,1190.35
15100,1197.36
15200,1204.31
15300,1211.31
15400,1218.28
15500,1225.3
15600,1232.26
15700,1239.27
15800,1246.25
15900,1253.24
16000,1260.23
16100,1267.23
16200,1274.23
16300,1281.15
16400,1288.09
16500,1295.06
16600,1302.03
16700,1309.01
16800,1315.97
16900,1322.93
17000,1329.9
17100,1336.88
17200,1343.86
17300,1350.84
17400,1357.82
17500,1364.79
17600,1371.76
17700,1378.69
17800,1385.62
17900,1392.56
18000,1399.55
18100,1406.54
18200,1413.59
18300,1420.62
18400,1427.68
18500,1434.73
18600,1441.77
18700,1448.76
18800,1455.78
18900,1462.85
19000,1469.89
19100,1476.92
19200,1483.94
19300,1490.94
19400,1497.89
19500,1504.87
19600,1511.77
19700,1518.76
19800,1525.73
19900,1532.71
20000,1539.7
20100,1546.72
20200,1553.79
20300,1560.84
20400,1567.88
20500,1574.93
20600,1581.98
20700,1589.05
20800,1596.11
20900,1603.18
21000,1610.24
21100,1617.28
21200,1624.29
21300,1631.28
21400,1638.28
21500,1645.24
21600,1652.21
21700,1659.18
21800,1666.16
21900,1673.18
22000,1680.19
22100,1687.2
22200,1694.21
22300,1701.21
22400,1708.23
22500,1715.25
22600,1722.26
22700,1729.26
22800,1736.22
22900,1743.22
23000,1750.2
23100,1757.15
23200,1764.16
23300,1771.12
23400,1778.08
23500,1785.1
23600,1792.13
23700,1799.2
23800,1806.25
23900,1813.3
24000,1820.32
24100,1827.33
24200,1834.33
24300,1841.35
24400,1848.39
24500,1855.4
24600,1862.43
24700,1869.45
24800,1876.49
24900,1883.42
25000,1890.38
25100,1897.33
25200,1904.27
25300,1911.24
25400,1918.27
25500,1925.3
25600,1932.36
25700,1939.38
25800,1946.45
25900,1953.46
26000,1960.51
26100,1967.57
26200,1974.66
26300,1981.78
26400,1988.92
26500,1996.13
26600,2003.38
26700,2010.61
26800,2017.85
26900,2025.04
27000,2032.24
27100,2039.44
27200,2046.57
27300,2053.72
27400,2060.88
27500,2068.03
27600,2075.14
27700,2082.3
27800,2089.54
27900,2096.79
28000,2104.07
28100,2111.3
28200,2118.53
28300,2125.69
28400,2132.9
28500,2140.01
28600,2147.1
28700,2154.16
28800,2161.24
28900,2168.33
29000,2175.43
29100,2182.51
29200,2189.57
29300,2196.6
29400,2203.62
29500,2210.65
29600,2217.65
29700,2224.67
29800,2231.74
29900,2238.85
30000,2245.92
30100,2253.01
30200,2260.1
30300,2267.16
30400,2274.18
30500,2281.23
30600,2288.27
30700,2295.27
30800,2302.27
30900,2309.18
31000,2316.1
31100,2323.02
31200,2329.95
31300,2336.9
31400,2343.86
31500,2350.84
31600,2357.84
31700,2364.84
31800,2371.86
31900,2378.82
32000,2385.77
32100,2392.73
32200,2399.66
32300,2406.61
32400,2413.54
32500,2420.51
32600,2427.54
32700,2434.52
32800,2441.53
32900,2448.55
33000,2455.53
33100,2462.46
33200,2469.37
33300,2476.28
33400,2483.26
33500,2490.28
33600,2497.25
33700,2504.26
33800,2511.22
33900,2518.17
34000,2525.14
34100,2532.1
34200,2539.02
34300,2545.98
34400,2552.98
34500,2560.01
34600,2566.97
34700,2573.94
34800,2580.92
34900,2587.88
35000,2594.84
35100,2601.8
35200,2608.79
35300,2615.78
35400,2622.81
35500,2629.79
35600,2636.81
35700,2643.82
35800,2650.89
35900,2657.91
36000,2664.91
36100,2671.95
36200,2679.01
36300,2686.1
36400,2693.18
36500,2700.27
36600,2707.32
36700,2714.43
36800,2721.55
36900,2728.65
37000,2735.72
37100,2742.81
37200,2749.91
37300,2756.98
37400,2764
37500,2771.06
37600,2778.07
37700,2785.08
37800,2792.12
37900,2799.09
38000,2806.07
38100,2813.02
38200,2819.99
38300,2826.92
38400,2833.88
38500,2840.87
38600,2847.89
38700,2854.87
38800,2861.8
38900,2868.7
39000,2875.63
39100,2882.58
39200,2889.53
39300,2896.46
39400,2903.36
39500,2910.3
39600,2917.21
39700,2924.12
39800,2931.04
39900,2938.06
40000,2945.05
40100,2952.09
40200,2959.16
40300,2966.32
40400,2973.61
40500,2981.03
40600,2988.57
40700,2996.2
40800,3003.85
40900,3011.51
41000,3019.12
41100,3026.71
41200,3034.17
41300,3041.62
41400,3049.02
41500,3056.37
41600,3063.67
41700,3070.94
41800,3078.21
41900,3085.48
42000,3092.72
42100,3099.95
42200,3107.15
42300,3114.33
42400,3121.49
42500,3128.61
42600,3135.74
42700,3142.9
42800,3150.04
42900,3157.07
43000,3164.15
43100,3171.24
43200,3178.3
43300,3185.38
43400,3192.38
43500,3199.37
43600,3206.38
43700,3213.43
43800,3220.42
43900,3227.5
44000,3234.52
44100,3241.57
44200,3248.67
44300,3255.79
44400,3262.9
44500,3269.99
44600,3277.06
44700,3284.14
44800,3291.23
44900,3298.32
45000,3305.35
45100,3312.34
45200,3319.37
45300,3326.41
45400,3333.46
45500,3340.48
45600,3347.48
45700,3354.48
45800,3361.48
45900,3368.55
46000,3375.63
46100,3382.7
46200,3389.78
46300,3396.9
46400,3404.04
46500,3411.16
46600,3418.23
46700,3425.26
46800,3432.38
46900,3439.42
47000,3446.43
47100,3453.43
47200,3460.43
47300,3467.51
47400,3474.61
47500,3481.66
47600,3488.71
47700,3495.74
47800,3502.76
47900,3509.71
48000,3516.7
48100,3523.75
48200,3530.78
48300,3537.83
48400,3544.82
48500,3551.83
48600,3558.84
48700,3565.84
48800,3572.79
48900,3579.74
49000,3586.77
49100,3593.83
49200,3600.89
49300,3607.97
49400,3615.05
49500,3622.13
49600,3629.2
49700,3636.25
49800,3643.27
49900,3650.31
50000,3657.3
50100,3664.35
50200,3671.37
50300,3678.41
50400,3685.46
50500,3692.44
50600,3699.47
50700,3706.51
50800,3713.56
50900,3720.63
51000,3727.76
51100,3734.86
51200,3741.99
51300,3749.07
51400,3756.17
51500,3763.32
51600,3770.5
51700,3777.6
51800,3784.69
51900,3791.72
52000,3798.76
52100,3805.78
52200,3812.81
52300,3819.77
52400,3826.7
52500,3833.68
52600,3840.69
52700,3847.75
52800,3854.78
52900,3861.84
53000,3868.92
53100,3876.04
53200,3883.11
53300,3890.2
53400,3897.28
53500,3904.34
53600,3911.35
53700,3918.41
53800,3925.44
53900,3932.51
54000,3939.54
54100,3946.58
54200,3953.64
54300,3960.7
54400,3967.75
54500,3974.8
54600,3981.82
54700,3988.83
54800,3995.82
54900,4002.85
55000,4009.89
55100,4016.9
55200,4023.88
55300,4030.85
55400,4037.8
55500,4044.76
55600,4051.73
55700,4058.73
55800,4065.73
55900,4072.79
56000,4079.8
56100,4086.85
56200,4093.85
56300,4100.88
56400,4107.94
56500,4114.99
56600,4122.02
56700,4129.09
56800,4136.16
56900,4143.27
57000,4150.31
57100,4157.36
57200,4164.44
57300,4171.48
57400,4178.49
57500,4185.51
57600,4192.51
57700,4199.46
57800,4206.44
57900,4213.41
58000,4220.43
58100,4227.45
58200,4234.48
58300,4241.48
58400,4248.47
58500,4255.42
58600,4262.39
58700,4269.38
58800,4276.33
58900,4283.22
59000,4290.13
59100,4297.07
59200,4304.01
59300,4310.96
59400,4317.9
59500,4324.83
59600,4331.77
59700,4338.65
59800,4345.56
59900,4352.53
60000,4359.54
60100,4366.45
60200,4373.38
60300,4380.32
60400,4387.27
60500,4394.27
60600,4401.32
60700,4408.36
60800,4415.4
60900,4422.54
61000,4429.69
61100,4436.8
61200,4443.91
61300,4451.03
61400,4458.16
61500,4465.28
61600,4472.35
61700,4479.43
61800,4486.44
61900,4493.42
62000,4500.45
62100,4507.47
62200,4514.46
62300,4521.48
62400,4528.48
62500,4535.53
62600,4542.57
62700,4549.59
62800,4556.6
62900,4563.67
63000,4570.71
63100,4577.71
63200,4584.76
63300,4591.77
63400,4598.77
63500,4605.76
63600,4612.78
63700,4619.79
63800,4626.81
63900,4633.85
64000,4640.86
64100,4647.86
64200,4654.83
64300,4661.86
64400,4668.89
64500,4675.88
64600,4682.85
64700,4689.85
64800,4696.82
64900,4703.81
65000,4710.8
65100,4717.78
65200,4724.79
65300,4731.74
65400,4738.64
65500,4745.6
65600,4752.61
65700,4759.62
65800,4766.64
65900,4773.71
66000,4780.75
66100,4787.8
66200,4794.82
66300,4801.83
66400,4808.76
66500,4815.73
66600,4822.65
66700,4829.6
66800,4836.57
66900,4843.61
67000,4850.61
67100,4857.63
67200,4864.67
67300,4871.7
67400,4878.74
67500,4885.8
67600,4892.84
67700,4899.87
67800,4906.93
67900,4914
68000,4921.04
68100,4928.06
68200,4935.02
68300,4941.96
68400,4948.92
68500,4955.92
68600,4962.88
68700,4969.85
68800,4976.81
68900,4983.81
69000,4990.72
69100,4997.66
69200,5004.63
69300,5011.6
69400,5018.55
69500,5025.53
69600,5032.45
69700,5039.42
69800,5046.37
69900,5053.37
70000,5060.41
70100,5067.5
70200,5074.54
70300,5081.59
70400,5088.63
70500,5095.73
70600,5102.83
70700,5109.94
70800,5117.16
70900,5124.39
71000,5131.72
71100,5139.02
71200,5146.3
71300,5153.54
71400,5160.8
71500,5168.07
71600,5175.32
71700,5182.53
71800,5189.68
71900,5196.81
72000,5203.96
72100,5211.07
72200,5218.2
72300,5225.31
72400,5232.42
72500,5239.54
72600,5246.62
72700,5253.68
72800,5260.71
72900,5267.77
73000,5274.82
73100,5281.84
73200,5288.84
73300,5295.89
73400,5302.91
73500,5309.95
73600,5316.93
73700,5323.92
73800,5330.92
73900,5337.93
74000,5344.95
74100,5351.96
74200,5358.97
74300,5366.05
74400,5373.11
74500,5380.1
74600,5387.1
74700,5394.14
74800,5401.21
74900,5408.26
75000,5415.3
75100,5422.41
75200,5429.51
75300,5436.58
75400,5443.63
75500,5450.6
75600,5457.59
75700,5464.56
75800,5471.58
75900,5478.6
76000,5485.65
76100,5492.67
76200,5499.67
76300,5506.68
76400,5513.71
76500,5520.8
76600,5527.91
76700,5535.04
76800,5542.14
76900,5549.22
77000,5556.25
77100,5563.28
77200,5570.35
77300,5577.47
77400,5584.56
77500,5591.63
77600,5598.72
77700,5605.78
77800,5612.91
77900,5619.96
78000,5627.06
78100,5634.11
78200,5641.13
78300,5648.15
78400,5655.22
78500,5662.2
78600,5669.26
78700,5676.31
78800,5683.38
78900,5690.41
79000,5697.46
79100,5704.52
79200,5711.59
79300,5718.69
79400,5725.81
79500,5732.91
79600,5740.01
79700,5747.1
79800,5754.16
79900,5761.17
80000,5768.19
80100,5775.24
80200,5782.22
80300,5789.25
80400,5796.26
80500,5803.2
80600,5810.16
80700,5817.15
80800,5824.14
80900,5831.14
81000,5838.21
81100,5845.34
81200,5852.54
81300,5859.69
81400,5866.81
81500,5873.85
81600,5880.95
81700,5887.96
81800,5894.96
81900,5901.92
82000,5908.91
82100,5915.85
82200,5922.8
82300,5929.76
82400,5936.77
82500,5943.78
82600,5950.72
82700,5957.71
82800,5964.68
82900,5971.72
83000,5978.73
83100,5985.75
83200,5992.74
83300,5999.79
83400,6006.82
83500,6013.85
83600,6020.91
83700,6027.95
83800,6034.96
83900,6041.99
84000,6049.03
84100,6056.1
84200,6063.18
84300,6070.3
84400,6077.39
84500,6084.5
84600,6091.57
84700,6098.67
84800,6105.73
84900,6112.78
85000,6119.84
85100,6126.89
85200,6133.96
85300,6140.95
85400,6147.94
85500,6154.92
85600,6161.92
85700,6168.89
85800,6175.88
85900,6182.89
86000,6189.92
86100,6196.93
86200,6203.92
86300,6210.9
86400,6217.93
86500,6224.96
86600,6232.03
86700,6239.09
86800,6246.14
86900,6253.17
87000,6260.26
87100,6267.39
87200,6274.57
87300,6281.79
87400,6289.05
87500,6296.29
87600,6303.51
87700,6310.71
87800,6317.85
87900,6324.99
88000,6332.07
88100,6339.15
88200,6346.24
88300,6353.33
88400,6360.36
88500,6367.41
88600,6374.48
88700,6381.58
88800,6388.67
88900,6395.74
89000,6402.78
89100,6409.84
89200,6416.79
89300,6423.79
89400,6430.75
89500,6437.67
89600,6444.59
89700,6451.56
89800,6458.51
89900,6465.54
90000,6472.52
90100,6479.48
90200,6486.41
90300,6493.31
90400,6500.23
90500,6507.18
90600,6514.12
90700,6521.07
90800,6528.06
90900,6535.01
91000,6541.98
91100,6548.89
91200,6555.82
91300,6562.81
91400,6569.8
91500,6576.73
91600,6583.7
91700,6590.66
91800,6597.71
91900,6604.81
92000,6611.9
92100,6618.98
92200,6626.05
92300,6633.18
92400,6640.31
92500,6647.42
92600,6654.56
92700,6661.66
92800,6668.76
92900,6675.81
93000,6682.88
93100,6689.97
93200,6697.05
93300,6704.1
93400,6711.17
93500,6718.27
93600,6725.37
93700,6732.51
93800,6739.63
93900,6746.73
94000,6753.89
94100,6761.13
94200,6768.31
94300,6775.48
94400,6782.6
94500,6789.73
94600,6796.85
94700,6803.96
94800,6811.1
94900,6818.32
95000,6825.63
95100,6833
95200,6840.45
95300,6847.99
95400,6855.53
95500,6863.03
95600,6870.44
95700,6877.81
95800,6885.1
95900,6892.36
96000,6899.59
96100,6906.87
96200,6914.08
96300,6921.21
96400,6928.27
96500,6935.36
96600,6942.44
96700,6949.52
96800,6956.57
96900,6963.61
97000,6970.62
97100,6977.66
97200,6984.68
97300,6991.65
97400,6998.66
97500,7005.65
97600,7012.64
97700,7019.71
97800,7026.77
97900,7033.83
98000,7040.95
98100,7048.14
98200,7055.37
98300,7062.64
98400,7069.89
98500,7077.14
98600,7084.38
98700,7091.57
98800,7098.77
98900,7105.97
99000,7113.16
99100,7120.34
99200,7127.54
99300,7134.76
99400,7141.9
99500,7148.99
99600,7156.1
99700,7163.18
99800,7170.28
99900,7177.31
