0,150.004
100,153.552
200,159.074
300,165.224
400,171.661
500,178.318
600,185.046
700,191.828
800,198.705
900,205.563
1000,212.452
1100,219.365
1200,226.322
1300,233.251
1400,240.207
1500,247.22
1600,254.221
1700,261.268
1800,268.332
1900,275.343
2000,282.375
2100,289.405
2200,296.391
2300,303.398
2400,310.378
2500,317.32
2600,324.301
2700,331.251
2800,338.215
2900,345.261
3000,352.287
3100,359.296
3200,366.313
3300,373.339
3400,380.302
3500,387.38
3600,394.495
3700,401.628
3800,408.773
3900,415.804
4000,422.857
4100,429.888
4200,436.876
4300,443.878
4400,450.923
4500,457.953
4600,464.932
4700,471.948
4800,478.978
4900,486.013
5000,493.071
5100,500.168
5200,507.249
5300,514.31
5400,521.409
5500,528.495
5600,535.608
5700,542.679
5800,549.723
5900,556.768
6000,563.798
6100,570.826
6200,577.869
6300,584.916
6400,591.965
6500,599.021
6600,606.064
6700,613.078
6800,620.12
6900,627.216
7000,634.272
7100,641.333
7200,648.368
7300,655.38
7400,662.397
7500,669.419
7600,676.409
7700,683.37
7800,690.311
7900,697.277
8000,704.246
8100,711.285
8200,718.326
8300,725.42
8400,732.512
8500,739.544
8600,746.581
8700,753.651
8800,760.713
8900,767.759
9000,774.814
9100,781.836
9200,788.812
9300,795.839
9400,802.871
9500,809.852
9600,816.868
9700,823.904
9800,830.953
9900,838
10000,845.058
10100,852.087
10200,859.097
10300,866.133
10400,873.143
10500,880.163
10600,887.151
10700,894.119
10800,901.054
10900,908.02
11000,914.948
11100,921.911
11200,928.848
11300,935.856
11400,942.882
11500,949.899
11600,956.919
11700,963.961
11800,971.043
11900,978.08
12000,985.176
12100,992.257
12200,999.323
12300,1006.36
12400,1013.42
12500,1020.45
12600,1027.43
12700,1034.41
12800,1041.39
12900,1048.37
13000,1055.37
13100,1062.39
13200,1069.35
13300,1076.38
13400,1083.38
13500,1090.44
13600,1097.46
13700,1104.5
13800,1111.51
13900,1118.5
14000,1125.56
14100,1132.61
14200,1139.64
14300,1146.65
14400,1153.66
14500,1160.65
14600,1167.61
14700,1174.59
14800,1181.66
14900,1188.66
15000,1195.68
15100,1202.71
15200,1209.74
15300,1216.72
15400,1223.71
15500,1230.72
15600,1237.67
15700,1244.63
15800,1251.6
15900,1258.58
16000,1265.51
16100,1272.47
16200,1279.46
16300,1286.41
16400,1293.38
16500,1300.34
16600,1307.33
16700,1314.33
16800,1321.35
16900,1328.37
17000,1335.43
17100,1342.52
17200,1349.61
17300,1356.68
17400,1363.77
17500,1370.88
17600,1377.94
17700,1384.97
17800,1391.97
17900,1398.98
18000,1406.05
18100,1413.11
18200,1420.17
18300,1427.21
18400,1434.24
18500,1441.29
18600,1448.34
18700,1455.46
18800,1462.61
18900,1469.74
19000,1476.84
19100,1483.99
19200,1491.1
19300,1498.17
19400,1505.24
19500,1512.32
19600,1519.33
19700,1526.38
19800,1533.42
19900,1540.48
20000,1547.5
20100,1554.52
20200,1561.56
20300,1568.56
20400,1575.59
20500,1582.64
20600,1589.67
20700,1596.73
20800,1603.8
20900,1610.95
21000,1618.1
21100,1625.25
21200,1632.4
21300,1639.55
21400,1646.66
21500,1653.71
21600,1660.75
21700,1667.78
21800,1674.8
21900,1681.85
22000,1688.85
22100,1695.9
22200,1702.95
22300,1710.04
22400,1717.17
22500,1724.31
22600,1731.5
22700,1738.73
22800,1745.92
22900,1753.14
23000,1760.38
23100,1767.63
23200,1774.95
23300,1782.23
23400,1789.47
23500,1796.62
23600,1803.68
23700,1810.76
23800,1817.81
23900,1824.84
24000,1831.89
24100,1838.89
24200,1845.88
24300,1852.85
24400,1859.81
24500,1866.82
24600,1873.84
24700,1880.83
24800,1887.8
24900,1894.77
25000,1901.77
25100,1908.78
25200,1915.79
25300,1922.75
25400,1929.79
25500,1936.82
25600,1943.85
25700,1950.93
25800,1957.92
25900,1964.92
26000,1971.92
26100,1978.95
26200,1985.9
26300,1992.83
26400,1999.78
26500,2006.75
26600,2013.77
26700,2020.72
26800,2027.65
26900,2034.61
27000,2041.56
27100,2048.49
27200,2055.44
27300,2062.39
27400,2069.32
27500,2076.24
27600,2083.17
27700,2090.14
27800,2097.08
27900,2104.08
28000,2111.12
28100,2118.14
28200,2125.15
28300,2132.14
28400,2139.14
28500,2146.11
28600,2153.11
28700,2160.13
28800,2167.17
28900,2174.23
29000,2181.29
29100,2188.38
29200,2195.53
29300,2202.68
29400,2209.86
29500,2217.04
29600,2224.17
29700,2231.36
29800,2238.47
29900,2245.65
30000,2252.79
30100,2259.89
30200,2266.96
30300,2274.01
30400,2281.09
30500,2288.13
30600,2295.2
30700,2302.28
30800,2309.31
30900,2316.39
31000,2323.45
31100,2330.54
31200,2337.64
31300,2344.66
31400,2351.72
31500,2358.78
31600,2365.89
31700,2372.99
31800,2380.1
31900,2387.24
32000,2394.4
32100,2401.52
32200,2408.6
32300,2415.68
32400,2422.7
32500,2429.71
32600,2436.72
32700,2443.76
32800,2450.85
32900,2457.92
33000,2465
33100,2472.03
33200,2479.03
33300,2486.05
33400,2493.09
33500,2500.16
33600,2507.24
33700,2514.3
33800,2521.35
33900,2528.45
34000,2535.55
34100,2542.65
34200,2549.71
34300,2556.78
34400,2563.84
34500,2570.86
34600,2577.84
34700,2584.85
34800,2591.85
34900,2598.83
35000,2605.79
35100,2612.77
35200,2619.75
35300,2626.74
35400,2633.71
35500,2640.76
35600,2647.77
35700,2654.8
35800,2661.8
35900,2668.78
36000,2675.82
36100,2682.86
36200,2689.9
36300,2696.92
36400,2703.9
36500,2710.9
36600,2717.86
36700,2724.89
36800,2731.9
36900,2738.96
37000,2745.96
37100,2752.96
37200,2760
37300,2767.02
37400,2774.02
37500,2781.03
37600,2788.03
37700,2795.05
37800,2802.14
37900,2809.21
38000,2816.31
38100,2823.38
38200,2830.47
38300,2837.55
38400,2844.67
38500,2851.78
38600,2858.85
38700,2865.95
38800,2873.08
38900,2880.18
39000,2887.35
39100,2894.47
39200,2901.58
39300,2908.63
39400,2915.7
39500,2922.76
39600,2929.78
39700,2936.82
39800,2943.88
39900,2950.95
40000,2958.06
40100,2965.18
40200,2972.21
40300,2979.19
40400,2986.2
40500,2993.17
40600,3000.14
40700,3007.14
40800,3014.14
40900,3021.19
41000,3028.25
41100,3035.34
41200,3042.47
41300,3049.56
41400,3056.65
41500,3063.74
41600,3070.86
41700,3077.96
41800,3085.03
41900,3092.07
42000,3099.12
42100,3106.15
42200,3113.2
42300,3120.27
42400,3127.36
42500,3134.43
42600,3141.52
42700,3148.58
42800,3155.59
42900,3162.56
43000,3169.51
43100,3176.46
43200,3183.44
43300,3190.41
43400,3197.36
43500,3204.3
43600,3211.27
43700,3218.24
43800,3225.18
43900,3232.15
44000,3239.09
44100,3245.99
44200,3252.97
44300,3259.92
44400,3266.87
44500,3273.85
44600,3280.81
44700,3287.83
44800,3294.82
44900,3301.81
45000,3308.8
45100,3315.76
45200,3322.75
45300,3329.76
45400,3336.79
45500,3343.85
45600,3350.87
45700,3357.91
45800,3364.93
45900,3371.95
46000,3379
46100,3386.03
46200,3393.07
46300,3400.06
46400,3407.06
46500,3414.03
46600,3421.01
46700,3427.98
46800,3434.97
46900,3441.95
47000,3448.93
47100,3455.91
47200,3462.89
47300,3469.9
47400,3476.89
47500,3483.97
47600,3491.03
47700,3498.04
47800,3505.04
47900,3512.07
48000,3519.05
48100,3526.05
48200,3533.06
48300,3540.1
48400,3547.13
48500,3554.13
48600,3561.11
48700,3568.11
48800,3575.14
48900,3582.15
49000,3589.2
49100,3596.21
49200,3603.23
49300,3610.27
49400,3617.28
49500,3624.32
49600,3631.33
49700,3638.37
49800,3645.4
49900,3652.41
50000,3659.43
50100,3666.42
50200,3673.41
50300,3680.38
50400,3687.34
50500,3694.29
50600,3701.2
50700,3708.12
50800,3715.04
50900,3721.97
51000,3728.9
51100,3735.87
51200,3742.8
51300,3749.8
51400,3756.78
51500,3763.76
51600,3770.78
51700,3777.83
51800,3784.79
51900,3791.78
52000,3798.79
52100,3805.83
52200,3812.89
52300,3820
52400,3827.14
52500,3834.27
52600,3841.33
52700,3848.38
52800,3855.4
52900,3862.41
53000,3869.42
53100,3876.4
53200,3883.36
53300,3890.36
53400,3897.36
53500,3904.34
53600,3911.29
53700,3918.27
53800,3925.28
53900,3932.26
54000,3939.28
54100,3946.23
54200,3953.22
54300,3960.26
54400,3967.32
54500,3974.33
54600,3981.33
54700,3988.32
54800,3995.35
54900,4002.37
55000,4009.42
55100,4016.43
55200,4023.41
55300,4030.41
55400,4037.41
55500,4044.42
55600,4051.49
55700,4058.52
55800,4065.53
55900,4072.54
56000,4079.58
56100,4086.63
56200,4093.67
56300,4100.67
56400,4107.66
56500,4114.67
56600,4121.62
56700,4128.55
56800,4135.45
56900,4142.39
57000,4149.33
57100,4156.26
57200,4163.14
57300,4170.02
57400,4176.94
57500,4183.86
57600,4190.82
57700,4197.79
57800,4204.73
57900,4211.72
58000,4218.72
58100,4225.7
58200,4232.72
58300,4239.73
58400,4246.77
58500,4253.81
58600,4260.91
58700,4267.98
58800,4275.04
58900,4282.1
59000,4289.18
59100,4296.21
59200,4303.19
59300,4310.18
59400,4317.16
59500,4324.16
59600,4331.18
59700,4338.19
59800,4345.23
59900,4352.23
60000,4359.28
60100,4366.31
60200,4373.35
60300,4380.37
60400,4387.46
60500,4394.53
60600,4401.61
60700,4408.66
60800,4415.67
60900,4422.67
61000,4429.66
61100,4436.65
61200,4443.61
61300,4450.59
61400,4457.57
61500,4464.53
61600,4471.5
61700,4478.47
61800,4485.41
61900,4492.38
62000,4499.42
62100,4506.48
62200,4513.53
62300,4520.58
62400,4527.62
62500,4534.69
62600,4541.79
62700,4548.89
62800,4556.01
62900,4563.05
63000,4570.09
63100,4577.08
63200,4584.06
63300,4591.05
63400,4598.07
63500,4605.15
63600,4612.22
63700,4619.27
63800,4626.3
63900,4633.33
64000,4640.33
64100,4647.33
64200,4654.26
64300,4661.23
64400,4668.2
64500,4675.21
64600,4682.23
64700,4689.24
64800,4696.3
64900,4703.39
65000,4710.44
65100,4717.46
65200,4724.52
65300,4731.56
65400,4738.59
65500,4745.64
65600,4752.72
65700,4759.83
65800,4766.92
65900,4774
66000,4781.09
66100,4788.18
66200,4795.3
66300,4802.35
66400,4809.42
66500,4816.51
66600,4823.56
66700,4830.58
66800,4837.59
66900,4844.6
67000,4851.58
67100,4858.51
67200,4865.51
67300,4872.46
67400,4879.39
67500,4886.29
67600,4893.22
67700,4900.17
67800,4907.11
67900,4914.08
68000,4921.06
68100,4927.99
68200,4934.96
68300,4941.92
68400,4948.85
68500,4955.82
68600,4962.8
68700,4969.85
68800,4976.94
68900,4984.02
69000,4991.07
69100,4998.13
69200,5005.11
69300,5012.09
69400,5019.09
69500,5026.08
69600,5033.02
69700,5039.92
69800,5046.86
69900,5053.81
70000,5060.76
70100,5067.76
70200,5074.74
70300,5081.72
70400,5088.74
70500,5095.75
70600,5102.73
70700,5109.69
70800,5116.62
70900,5123.56
71000,5130.49
71100,5137.41
71200,5144.37
71300,5151.35
71400,5158.4
71500,5165.42
71600,5172.44
71700,5179.48
71800,5186.49
71900,5193.52
72000,5200.54
72100,5207.58
72200,5214.6
72300,5221.62
72400,5228.61
72500,5235.62
72600,5242.61
72700,5249.61
72800,5256.62
72900,5263.6
73000,5270.59
73100,5277.57
73200,5284.58
73300,5291.63
73400,5298.67
73500,5305.72
73600,5312.78
73700,5319.82
73800,5326.87
73900,5333.93
74000,5341.03
74100,5348.1
74200,5355.24
74300,5362.32
74400,5369.39
74500,5376.43
74600,5383.42
74700,5390.38
74800,5397.4
74900,5404.41
75000,5411.45
75100,5418.46
75200,5425.5
75300,5432.56
75400,5439.61
75500,5446.63
75600,5453.63
75700,5460.62
75800,5467.62
75900,5474.63
76000,5481.68
76100,5488.76
76200,5495.85
76300,5502.93
76400,5509.96
76500,5517.03
76600,5524.06
76700,5531.08
76800,5538.09
76900,5545.14
77000,5552.18
77100,5559.24
77200,5566.29
77300,5573.36
77400,5580.44
77500,5587.51
77600,5594.54
77700,5601.58
77800,5608.62
77900,5615.68
78000,5622.75
78100,5629.77
78200,5636.78
78300,5643.76
78400,5650.69
78500,5657.63
78600,5664.6
78700,5671.6
78800,5678.59
78900,5685.59
79000,5692.59
79100,5699.6
79200,5706.61
79300,5713.65
79400,5720.67
79500,5727.65
79600,5734.66
79700,5741.64
79800,5748.61
79900,5755.57
80000,5762.54
80100,5769.54
80200,5776.51
80300,5783.53
80400,5790.5
80500,5797.48
80600,5804.46
80700,5811.43
80800,5818.39
80900,5825.31
81000,5832.29
81100,5839.28
81200,5846.25
81300,5853.23
81400,5860.27
81500,5867.27
81600,5874.27
81700,5881.33
81800,5888.39
81900,5895.45
82000,5902.44
82100,5909.37
82200,5916.32
82300,5923.28
82400,5930.26
82500,5937.27
82600,5944.25
82700,5951.26
82800,5958.31
82900,5965.36
83000,5972.43
83100,5979.43
83200,5986.41
83300,5993.44
83400,6000.43
83500,6007.46
83600,6014.43
83700,6021.36
83800,6028.34
83900,6035.28
84000,6042.19
84100,6049.14
84200,6056.06
84300,6063.02
84400,6069.96
84500,6076.91
84600,6083.89
84700,6090.82
84800,6097.8
84900,6104.79
85000,6111.77
85100,6118.79
85200,6125.88
85300,6132.92
85400,6139.96
85500,6147.02
85600,6154.07
85700,6161.13
85800,6168.23
85900,6175.34
86000,6182.44
86100,6189.54
86200,6196.6
86300,6203.63
86400,6210.73
86500,6217.84
86600,6224.97
86700,6232.1
86800,6239.28
86900,6246.5
87000,6253.72
87100,6260.91
87200,6268.14
87300,6275.39
87400,6282.67
87500,6289.97
87600,6297.34
87700,6304.8
87800,6312.26
87900,6319.77
88000,6327.25
88100,6334.68
88200,6342.05
88300,6349.35
88400,6356.67
88500,6363.94
88600,6371.16
88700,6378.43
88800,6385.65
88900,6392.87
89000,6400.1
89100,6407.34
89200,6414.52
89300,6421.64
89400,6428.73
89500,6435.81
89600,6442.9
89700,6449.99
89800,6457.06
89900,6464.15
90000,6471.16
90100,6478.13
90200,6485.16
90300,6492.17
90400,6499.21
90500,6506.28
90600,6513.31
90700,6520.31
90800,6527.27
90900,6534.2
91000,6541.15
91100,6548.15
91200,6555.21
91300,6562.22
91400,6569.21
91500,6576.23
91600,6583.24
91700,6590.28
91800,6597.34
91900,6604.32
92000,6611.34
92100,6618.3
92200,6625.21
92300,6632.17
92400,6639.11
92500,6646.12
92600,6653.18
92700,6660.23
92800,6667.29
92900,6674.3
93000,6681.28
93100,6688.25
93200,6695.23
93300,6702.2
93400,6709.19
93500,6716.16
93600,6723.16
93700,6730.17
93800,6737.2
93900,6744.19
94000,6751.2
94100,6758.2
94200,6765.18
94300,6772.12
94400,6779.09
94500,6786.07
94600,6793.08
94700,6800.09
94800,6807.1
94900,6814.09
95000,6821.12
95100,6828.12
95200,6835.09
95300,6842.12
95400,6849.11
95500,6856.12
95600,6863.16
95700,6870.2
95800,6877.26
95900,6884.33
96000,6891.35
96100,6898.34
96200,6905.4
96300,6912.43
96400,6919.44
96500,6926.46
96600,6933.49
96700,6940.47
96800,6947.51
96900,6954.48
97000,6961.46
97100,6968.41
97200,6975.35
97300,6982.3
97400,6989.3
97500,6996.32
97600,7003.34
97700,7010.28
97800,7017.2
97900,7024.12
98000,7031.09
98100,7038.05
98200,7045.07
98300,7052.07
98400,7059.08
98500,7066.06
98600,7073.08
98700,7080.11
98800,7087.17
98900,7094.26
99000,7101.3
99100,7108.31
99200,7115.33
99300,7122.37
99400,7129.39
99500,7136.4
99600,7143.38
99700,7150.36
99800,7157.39
99900,7164.4
