0,150.008
100,155.492
200,162.871
300,170.546
400,178.301
500,186.109
600,193.911
700,201.715
800,209.539
900,217.372
1000,225.203
1100,233.039
1200,240.916
1300,248.768
1400,256.615
1500,264.458
1600,272.347
1700,280.214
1800,288.078
1900,295.938
2000,303.78
2100,311.629
2200,319.463
2300,327.304
2400,335.152
2500,343.015
2600,350.831
2700,358.68
2800,366.524
2900,374.345
3000,382.209
3100,390.07
3200,397.974
3300,405.842
3400,413.657
3500,421.481
3600,429.314
3700,437.139
3800,445.004
3900,452.911
4000,460.788
4100,468.668
4200,476.54
4300,484.4
4400,492.284
4500,500.141
4600,508.009
4700,515.87
4800,523.719
4900,531.562
5000,539.379
5100,547.226
5200,555.1
5300,562.988
5400,570.872
5500,578.756
5600,586.615
5700,594.475
5800,602.31
5900,610.171
6000,618.047
6100,625.892
6200,633.739
6300,641.567
6400,649.397
6500,657.213
6600,665.064
6700,672.89
6800,680.762
6900,688.624
7000,696.494
7100,704.379
7200,712.241
7300,720.12
7400,727.982
7500,735.872
7600,743.727
7700,751.59
7800,759.437
7900,767.315
8000,775.175
8100,783.019
8200,790.887
8300,798.708
8400,806.539
8500,814.399
8600,822.206
8700,830.052
8800,837.925
8900,845.786
9000,853.648
9100,861.499
9200,869.336
9300,877.172
9400,885.052
9500,892.955
9600,900.803
9700,908.656
9800,916.506
9900,924.395
10000,932.28
10100,940.156
10200,948.047
10300,955.977
10400,963.903
10500,971.784
10600,979.639
10700,987.569
10800,995.436
10900,1003.3
11000,1011.17
11100,1019.02
11200,1026.87
11300,1034.69
11400,1042.53
11500,1050.38
11600,1058.26
11700,1066.12
11800,1074
11900,1081.86
12000,1089.66
12100,1097.5
12200,1105.33
12300,1113.18
12400,1121
12500,1128.89
12600,1136.75
12700,1144.56
12800,1152.4
12900,1160.28
13000,1168.12
13100,1175.95
13200,1183.84
13300,1191.71
13400,1199.55
13500,1207.44
13600,1215.3
13700,1223.18
13800,1231.05
13900,1238.87
14000,1246.73
14100,1254.61
14200,1262.5
14300,1270.35
14400,1278.18
14500,1286.09
14600,1293.94
14700,1301.82
14800,1309.65
14900,1317.55
15000,1325.45
15100,1333.32
15200,1341.21
15300,1349.07
15400,1356.95
15500,1364.82
15600,1372.66
15700,1380.47
15800,1388.35
15900,1396.19
16000,1404.06
16100,1411.93
16200,1419.84
16300,1427.73
16400,1435.58
16500,1443.43
16600,1451.25
16700,1459.09
16800,1466.97
16900,1474.88
17000,1482.78
17100,1490.64
17200,1498.55
17300,1506.43
17400,1514.26
17500,1522.12
17600,1529.99
17700,1537.87
17800,1545.71
17900,1553.59
18000,1561.47
18100,1569.33
18200,1577.19
18300,1585.05
18400,1592.94
18500,1600.79
18600,1608.64
18700,1616.51
18800,1624.37
18900,1632.21
19000,1640.06
19100,1647.92
19200,1655.78
19300,1663.61
19400,1671.45
19500,1679.28
19600,1687.16
19700,1695
19800,1702.85
19900,1710.68
20000,1718.52
20100,1726.39
20200,1734.26
20300,1742.12
20400,1749.96
20500,1757.83
20600,1765.69
20700,1773.59
20800,1781.46
20900,1789.31
21000,1797.1
21100,1804.94
21200,1812.77
21300,1820.62
21400,1828.5
21500,1836.37
21600,1844.24
21700,1852.12
21800,1859.95
21900,1867.8
22000,1875.66
22100,1883.53
22200,1891.4
22300,1899.25
22400,1907.11
22500,1914.95
22600,1922.83
22700,1930.68
22800,1938.59
22900,1946.44
23000,1954.29
23100,1962.14
23200,1970.02
23300,1977.85
23400,1985.71
23500,1993.57
23600,2001.43
23700,2009.27
23800,2017.16
23900,2025.04
24000,2032.89
24100,2040.77
24200,2048.65
24300,2056.49
24400,2064.36
24500,2072.23
24600,2080.12
24700,2088
24800,2095.83
24900,2103.67
25000,2111.52
25100,2119.31
25200,2127.19
25300,2135.05
25400,2142.9
25500,2150.74
25600,2158.56
25700,2166.42
25800,2174.26
25900,2182.13
26000,2189.97
26100,2197.81
26200,2205.68
26300,2213.54
26400,2221.4
26500,2229.28
26600,2237.13
26700,2244.99
26800,2252.85
26900,2260.69
27000,2268.54
27100,2276.37
27200,2284.24
27300,2292.11
27400,2299.95
27500,2307.81
27600,2315.64
27700,2323.49
27800,2331.35
27900,2339.18
28000,2347.04
28100,2354.9
28200,2362.77
28300,2370.58
28400,2378.43
28500,2386.29
28600,2394.17
28700,2401.97
28800,2409.79
28900,2417.64
29000,2425.48
29100,2433.32
29200,2441.22
29300,2449.11
29400,2456.95
29500,2464.84
29600,2472.68
29700,2480.54
29800,2488.39
29900,2496.22
30000,2504.09
30100,2511.94
30200,2519.81
30300,2527.67
30400,2535.55
30500,2543.4
30600,2551.23
30700,2559.06
30800,2567
30900,2574.87
31000,2582.73
31100,2590.58
31200,2598.45
31300,2606.3
31400,2614.16
31500,2622.03
31600,2629.89
31700,2637.75
31800,2645.59
31900,2653.41
32000,2661.25
32100,2669.1
32200,2676.93
32300,2684.76
32400,2692.61
32500,2700.46
32600,2708.35
32700,2716.21
32800,2724.14
32900,2732.02
33000,2739.87
33100,2747.71
33200,2755.56
33300,2763.41
33400,2771.25
33500,2779.12
33600,2786.99
33700,2794.84
33800,2802.67
33900,2810.52
34000,2818.36
34100,2826.22
34200,2834.04
34300,2841.85
34400,2849.74
34500,2857.6
34600,2865.45
34700,2873.26
34800,2881.09
34900,2888.97
35000,2896.82
35100,2904.7
35200,2912.59
35300,2920.44
35400,2928.29
35500,2936.16
35600,2944.03
35700,2951.9
35800,2959.8
35900,2967.72
36000,2975.59
36100,2983.44
36200,2991.31
36300,2999.19
36400,3007.05
36500,3014.9
36600,3022.78
36700,3030.61
36800,3038.43
36900,3046.32
37000,3054.18
37100,3062.04
37200,3069.88
37300,3077.72
37400,3085.56
37500,3093.39
37600,3101.27
37700,3109.17
37800,3117.07
37900,3124.91
38000,3132.77
38100,3140.59
38200,3148.45
38300,3156.33
38400,3164.21
38500,3172.06
38600,3179.93
38700,3187.75
38800,3195.6
38900,3203.42
39000,3211.28
39100,3219.15
39200,3226.99
39300,3234.85
39400,3242.71
39500,3250.57
39600,3258.41
39700,3266.26
39800,3274.1
39900,3281.98
40000,3289.84
40100,3297.69
40200,3305.52
40300,3313.39
40400,3321.24
40500,3329.07
40600,3336.94
40700,3344.82
40800,3352.68
40900,3360.58
41000,3368.49
41100,3376.36
41200,3384.23
41300,3392.13
41400,3400.04
41500,3407.92
41600,3415.82
41700,3423.69
41800,3431.56
41900,3439.4
42000,3447.25
42100,3455.09
42200,3463
42300,3470.89
42400,3478.76
42500,3486.61
42600,3494.47
42700,3502.3
42800,3510.19
42900,3518.01
43000,3525.86
43100,3533.74
43200,3541.61
43300,3549.5
43400,3557.32
43500,3565.18
43600,3573.01
43700,3580.88
43800,3588.76
43900,3596.65
44000,3604.51
44100,3612.39
44200,3620.27
44300,3628.13
44400,3636
44500,3643.89
44600,3651.73
44700,3659.6
44800,3667.46
44900,3675.28
45000,3683.15
45100,3690.99
45200,3698.82
45300,3706.66
45400,3714.52
45500,3722.37
45600,3730.21
45700,3738.06
45800,3745.9
45900,3753.77
46000,3761.61
46100,3769.47
46200,3777.29
46300,3785.16
46400,3793.01
46500,3800.81
46600,3808.63
46700,3816.46
46800,3824.32
46900,3832.16
47000,3840.04
47100,3847.94
47200,3855.77
47300,3863.56
47400,3871.4
47500,3879.23
47600,3887.08
47700,3894.91
47800,3902.75
47900,3910.58
48000,3918.44
48100,3926.34
48200,3934.2
48300,3942.08
48400,3949.92
48500,3957.8
48600,3965.68
48700,3973.5
48800,3981.34
48900,3989.21
49000,3997.07
49100,4004.92
49200,4012.77
49300,4020.62
49400,4028.47
49500,4036.33
49600,4044.17
49700,4052.06
49800,4059.94
49900,4067.82
50000,4075.65
50100,4083.49
50200,4091.32
50300,4099.13
50400,4106.93
50500,4114.81
50600,4122.68
50700,4130.55
50800,4138.43
50900,4146.3
51000,4154.18
51100,4162.04
51200,4169.86
51300,4177.74
51400,4185.59
51500,4193.44
51600,4201.28
51700,4209.16
51800,4217.07
51900,4224.92
52000,4232.78
52100,4240.63
52200,4248.43
52300,4256.27
52400,4264.18
52500,4272.04
52600,4279.92
52700,4287.77
52800,4295.61
52900,4303.46
53000,4311.33
53100,4319.19
53200,4327.04
53300,4334.89
53400,4342.75
53500,4350.64
53600,4358.5
53700,4366.37
53800,4374.22
53900,4382.11
54000,4389.97
54100,4397.83
54200,4405.69
54300,4413.54
54400,4421.35
54500,4429.21
54600,4437.08
54700,4444.91
54800,4452.75
54900,4460.62
55000,4468.5
55100,4476.34
55200,4484.22
55300,4492.06
55400,4499.92
55500,4507.79
55600,4515.6
55700,4523.44
55800,4531.25
55900,4539.07
56000,4546.92
56100,4554.78
56200,4562.65
56300,4570.51
56400,4578.34
56500,4586.18
56600,4594.03
56700,4601.84
56800,4609.69
56900,4617.53
57000,4625.43
57100,4633.37
57200,4641.25
57300,4649.15
57400,4657.01
57500,4664.87
57600,4672.68
57700,4680.51
57800,4688.41
57900,4696.26
58000,4704.15
58100,4712.03
58200,4719.89
58300,4727.74
58400,4735.62
58500,4743.5
58600,4751.38
58700,4759.26
58800,4767.12
58900,4774.97
59000,4782.77
59100,4790.55
59200,4798.4
59300,4806.26
59400,4814.11
59500,4821.97
59600,4829.84
59700,4837.7
59800,4845.54
59900,4853.41
60000,4861.25
60100,4869.1
60200,4876.96
60300,4884.82
60400,4892.69
60500,4900.59
60600,4908.49
60700,4916.34
60800,4924.21
60900,4932.04
61000,4939.86
61100,4947.69
61200,4955.51
61300,4963.36
61400,4971.22
61500,4979.05
61600,4986.85
61700,4994.67
61800,5002.51
61900,5010.36
62000,5018.22
62100,5026.07
62200,5033.92
62300,5041.75
62400,5049.64
62500,5057.54
62600,5065.42
62700,5073.3
62800,5081.17
62900,5089.04
63000,5096.94
63100,5104.79
63200,5112.64
63300,5120.49
63400,5128.37
63500,5136.25
63600,5144.12
63700,5152.02
63800,5159.9
63900,5167.76
64000,5175.63
64100,5183.47
64200,5191.33
64300,5199.21
64400,5207.03
64500,5214.88
64600,5222.71
64700,5230.55
64800,5238.42
64900,5246.29
65000,5254.09
65100,5261.96
65200,5269.8
65300,5277.66
65400,5285.52
65500,5293.39
65600,5301.28
65700,5309.14
65800,5316.99
65900,5324.84
66000,5332.68
66100,5340.51
66200,5348.34
66300,5356.22
66400,5364.07
66500,5371.92
66600,5379.79
66700,5387.62
66800,5395.5
66900,5403.35
67000,5411.19
67100,5419.02
67200,5426.89
67300,5434.72
67400,5442.55
67500,5450.41
67600,5458.24
67700,5466.08
67800,5473.92
67900,5481.77
68000,5489.59
68100,5497.48
68200,5505.33
68300,5513.21
68400,5521.06
68500,5528.92
68600,5536.75
68700,5544.62
68800,5552.46
68900,5560.3
69000,5568.15
69100,5576.01
69200,5583.82
69300,5591.66
69400,5599.51
69500,5607.39
69600,5615.27
69700,5623.11
69800,5630.94
69900,5638.78
70000,5646.64
70100,5654.51
70200,5662.34
70300,5670.22
70400,5678.11
70500,5685.94
70600,5693.8
70700,5701.66
70800,5709.53
70900,5717.38
71000,5725.22
71100,5733.05
71200,5740.86
71300,5748.73
71400,5756.53
71500,5764.39
71600,5772.22
71700,5780.08
71800,5787.96
71900,5795.81
72000,5803.69
72100,5811.51
72200,5819.36
72300,5827.22
72400,5835.09
72500,5842.95
72600,5850.8
72700,5858.65
72800,5866.49
72900,5874.36
73000,5882.22
73100,5890.07
73200,5897.91
73300,5905.74
73400,5913.58
73500,5921.45
73600,5929.32
73700,5937.17
73800,5945.03
73900,5952.84
74000,5960.69
74100,5968.55
74200,5976.43
74300,5984.3
74400,5992.19
74500,5999.99
74600,6007.82
74700,6015.68
74800,6023.52
74900,6031.39
75000,6039.27
75100,6047.11
75200,6054.95
75300,6062.8
75400,6070.64
75500,6078.5
75600,6086.37
75700,6094.24
75800,6102.1
75900,6109.98
76000,6117.86
76100,6125.7
76200,6133.57
76300,6141.42
76400,6149.26
76500,6157.09
76600,6164.94
76700,6172.79
76800,6180.65
76900,6188.45
77000,6196.33
77100,6204.2
77200,6212.07
77300,6219.95
77400,6227.82
77500,6235.68
77600,6243.54
77700,6251.41
77800,6259.22
77900,6267.07
78000,6274.92
78100,6282.73
78200,6290.58
78300,6298.45
78400,6306.26
78500,6314.09
78600,6321.91
78700,6329.75
78800,6337.59
78900,6345.43
79000,6353.3
79100,6361.17
79200,6369.03
79300,6376.9
79400,6384.8
79500,6392.71
79600,6400.59
79700,6408.44
79800,6416.31
79900,6424.19
80000,6432.05
80100,6439.9
80200,6447.75
80300,6455.65
80400,6463.49
80500,6471.35
80600,6479.22
80700,6487.06
80800,6494.94
80900,6502.81
81000,6510.65
81100,6518.5
81200,6526.33
81300,6534.17
81400,6541.98
81500,6549.84
81600,6557.73
81700,6565.6
81800,6573.48
81900,6581.38
82000,6589.22
82100,6597.05
82200,6604.91
82300,6612.76
82400,6620.59
82500,6628.44
82600,6636.29
82700,6644.15
82800,6651.98
82900,6659.85
83000,6667.7
83100,6675.55
83200,6683.43
83300,6691.28
83400,6699.15
83500,6707.04
83600,6714.92
83700,6722.77
83800,6730.62
83900,6738.44
84000,6746.27
84100,6754.12
84200,6761.99
84300,6769.85
84400,6777.68
84500,6785.47
84600,6793.34
84700,6801.21
84800,6809.06
84900,6816.91
85000,6824.77
85100,6832.61
85200,6840.48
85300,6848.36
85400,6856.21
85500,6864.09
85600,6871.97
85700,6879.81
85800,6887.64
85900,6895.49
86000,6903.34
86100,6911.21
86200,6919.06
86300,6926.9
86400,6934.73
86500,6942.59
86600,6950.45
86700,6958.34
86800,6966.2
86900,6974.03
87000,6981.91
87100,6989.77
87200,6997.63
87300,7005.47
87400,7013.34
87500,7021.27
87600,7029.13
87700,7036.98
87800,7044.82
87900,7052.68
88000,7060.56
88100,7068.44
88200,7076.3
88300,7084.15
88400,7091.98
88500,7099.83
88600,7107.72
88700,7115.59
88800,7123.43
88900,7131.31
89000,7139.18
89100,7147.01
89200,7154.84
89300,7162.67
89400,7170.55
89500,7178.44
89600,7186.27
89700,7194.13
89800,7201.96
89900,7209.84
90000,7217.72
90100,7225.57
90200,7233.48
90300,7241.35
90400,7249.2
90500,7257.07
90600,7264.97
90700,7272.84
90800,7280.72
90900,7288.56
91000,7296.42
91100,7304.26
91200,7312.08
91300,7319.92
91400,7327.82
91500,7335.68
91600,7343.56
91700,7351.46
91800,7359.28
91900,7367.1
92000,7374.95
92100,7382.81
92200,7390.64
92300,7398.51
92400,7406.39
92500,7414.24
92600,7422.09
92700,7429.96
92800,7437.87
92900,7445.72
93000,7453.55
93100,7461.42
93200,7469.29
93300,7477.18
93400,7485.08
93500,7492.95
93600,7500.81
93700,7508.71
93800,7516.57
93900,7524.45
94000,7532.31
94100,7540.18
94200,7548.02
94300,7555.83
94400,7563.66
94500,7571.53
94600,7579.39
94700,7587.19
94800,7595.02
94900,7602.86
95000,7610.7
95100,7618.6
95200,7626.45
95300,7634.29
95400,7642.14
95500,7650.02
95600,7657.89
95700,7665.76
95800,7673.68
95900,7681.57
96000,7689.42
96100,7697.26
96200,7705.05
96300,7712.88
96400,7720.75
96500,7728.59
96600,7736.46
96700,7744.38
96800,7752.25
96900,7760.14
97000,7768.03
97100,7775.86
97200,7783.73
97300,7791.57
97400,7799.41
97500,7807.24
97600,7815.08
97700,7822.93
97800,7830.75
97900,7838.58
98000,7846.5
98100,7854.39
98200,7862.22
98300,7870.08
98400,7877.91
98500,7885.74
98600,7893.57
98700,7901.43
98800,7909.29
98900,7917.16
99000,7925.01
99100,7932.89
99200,7940.76
99300,7948.6
99400,7956.45
99500,7964.27
99600,7972.12
99700,7979.95
99800,7987.81
99900,7995.66
