0,150.005
100,153.53
200,159.058
300,165.222
400,171.694
500,178.346
600,185.074
700,191.877
800,198.685
900,205.539
1000,212.361
1100,219.269
1200,226.19
1300,233.123
1400,240.057
1500,246.949
1600,253.831
1700,260.778
1800,267.725
1900,274.707
2000,281.68
2100,288.61
2200,295.542
2300,302.481
2400,309.468
2500,316.387
2600,323.28
2700,330.176
2800,337.141
2900,344.12
3000,351.081
3100,358.04
3200,365.038
3300,371.989
3400,378.913
3500,385.898
3600,392.902
3700,399.904
3800,406.922
3900,413.978
4000,420.944
4100,427.907
4200,434.887
4300,441.833
4400,448.823
4500,455.755
4600,462.746
4700,469.804
4800,476.894
4900,484.003
5000,491.127
5100,498.205
5200,505.302
5300,512.399
5400,519.454
5500,526.485
5600,533.451
5700,540.429
5800,547.395
5900,554.426
6000,561.391
6100,568.408
6200,575.445
6300,582.451
6400,589.407
6500,596.453
6600,603.482
6700,610.486
6800,617.49
6900,624.517
7000,631.527
7100,638.54
7200,645.518
7300,652.516
7400,659.468
7500,666.457
7600,673.447
7700,680.48
7800,687.494
7900,694.54
8000,701.621
8100,708.716
8200,715.816
8300,722.857
8400,729.911
8500,736.946
8600,743.988
8700,751.043
8800,758.119
8900,765.16
9000,772.232
9100,779.33
9200,786.465
9300,793.578
9400,800.732
9500,807.939
9600,815.137
9700,822.32
9800,829.468
9900,836.586
10000,843.757
10100,850.947
10200,858.099
10300,865.301
10400,872.468
10500,879.606
10600,886.741
10700,893.808
10800,900.893
10900,907.987
11000,915.046
11100,922.119
11200,929.157
11300,936.12
11400,943.08
11500,950.029
11600,956.97
11700,963.966
11800,970.943
11900,977.899
12000,984.868
12100,991.841
12200,998.759
12300,1005.66
12400,1012.55
12500,1019.52
12600,1026.49
12700,1033.5
12800,1040.55
12900,1047.6
13000,1054.63
13100,1061.63
13200,1068.7
13300,1075.77
13400,1082.83
13500,1089.86
13600,1096.85
13700,1103.91
13800,1110.93
13900,1117.97
14000,1125.06
14100,1132.08
14200,1139.09
14300,1146.12
14400,1153.15
14500,1160.21
14600,1167.2
14700,1174.15
14800,1181.15
14900,1188.11
15000,1195.09
15100,1202.1
15200,1209.14
15300,1216.17
15400,1223.22
15500,1230.25
15600,1237.33
15700,1244.42
15800,1251.5
15900,1258.63
16000,1265.76
16100,1272.87
16200,1279.99
16300,1287.11
16400,1294.17
16500,1301.21
16600,1308.24
16700,1315.31
16800,1322.32
16900,1329.36
17000,1336.44
17100,1343.52
17200,1350.54
17300,1357.58
17400,1364.59
17500,1371.57
17600,1378.54
17700,1385.52
17800,1392.5
17900,1399.49
18000,1406.44
18100,1413.43
18200,1420.4
18300,1427.34
18400,1434.25
18500,1441.2
18600,1448.15
18700,1455.12
18800,1462.11
18900,1469.14
19000,1476.07
19100,1483.02
19200,1489.95
19300,1496.87
19400,1503.82
19500,1510.79
19600,1517.74
19700,1524.74
19800,1531.76
19900,1538.76
20000,1545.78
20100,1552.76
20200,1559.74
20300,1566.75
20400,1573.72
20500,1580.7
20600,1587.68
20700,1594.58
20800,1601.58
20900,1608.6
21000,1615.58
21100,1622.57
21200,1629.53
21300,1636.48
21400,1643.47
21500,1650.47
21600,1657.46
21700,1664.47
21800,1671.45
21900,1678.46
22000,1685.53
22100,1692.58
22200,1699.65
22300,1706.74
22400,1713.79
22500,1720.85
22600,1727.85
22700,1734.85
22800,1741.82
22900,1748.8
23000,1755.79
23100,1762.76
23200,1769.72
23300,1776.7
23400,1783.73
23500,1790.76
23600,1797.74
23700,1804.74
23800,1811.74
23900,1818.76
24000,1825.78
24100,1832.75
24200,1839.7
24300,1846.72
24400,1853.82
24500,1860.89
24600,1867.97
24700,1875.05
24800,1882.07
24900,1889.05
25000,1896.05
25100,1902.98
25200,1909.94
25300,1916.92
25400,1923.92
25500,1930.9
25600,1937.88
25700,1944.84
25800,1951.81
25900,1958.85
26000,1965.93
26100,1973
26200,1980.06
26300,1987.13
26400,1994.18
26500,2001.19
26600,2008.23
26700,2015.23
26800,2022.21
26900,2029.14
27000,2036.05
27100,2043
27200,2049.95
27300,2056.9
27400,2063.9
27500,2070.89
27600,2077.9
27700,2084.88
27800,2091.87
27900,2098.87
28000,2105.89
28100,2112.84
28200,2119.83
28300,2126.77
28400,2133.76
28500,2140.75
28600,2147.73
28700,2154.72
28800,2161.73
28900,2168.7
29000,2175.67
29100,2182.68
29200,2189.68
29300,2196.63
29400,2203.64
29500,2210.66
29600,2217.7
29700,2224.71
29800,2231.7
29900,2238.69
30000,2245.79
30100,2252.9
30200,2259.95
30300,2267.01
30400,2274.09
30500,2281.16
30600,2288.27
30700,2295.36
30800,2302.42
30900,2309.43
31000,2316.5
31100,2323.58
31200,2330.63
31300,2337.65
31400,2344.75
31500,2351.77
31600,2358.72
31700,2365.69
31800,2372.69
31900,2379.71
32000,2386.8
32100,2393.96
32200,2401.15
32300,2408.33
32400,2415.52
32500,2422.65
32600,2429.83
32700,2437.02
32800,2444.18
32900,2451.3
33000,2458.37
33100,2465.42
33200,2472.44
33300,2479.46
33400,2486.41
33500,2493.35
33600,2500.35
33700,2507.35
33800,2514.36
33900,2521.43
34000,2528.51
34100,2535.57
34200,2542.66
34300,2549.79
34400,2556.91
34500,2564.05
34600,2571.19
34700,2578.31
34800,2585.43
34900,2592.54
35000,2599.63
35100,2606.72
35200,2613.79
35300,2620.85
35400,2627.93
35500,2634.98
35600,2642.03
35700,2649.11
35800,2656.22
35900,2663.31
36000,2670.4
36100,2677.5
36200,2684.57
36300,2691.6
36400,2698.65
36500,2705.71
36600,2712.77
36700,2719.84
36800,2726.89
36900,2733.91
37000,2740.94
37100,2747.93
37200,2754.93
37300,2761.97
37400,2769.02
37500,2776.01
37600,2782.99
37700,2789.98
37800,2796.99
37900,2803.98
38000,2811.02
38100,2818
38200,2824.98
38300,2831.98
38400,2838.97
38500,2845.99
38600,2852.99
38700,2859.99
38800,2867.02
38900,2874.05
39000,2881.08
39100,2888.11
39200,2895.17
39300,2902.23
39400,2909.25
39500,2916.26
39600,2923.22
39700,2930.17
39800,2937.2
39900,2944.19
40000,2951.17
40100,2958.2
40200,2965.17
40300,2972.14
40400,2979.08
40500,2986.04
40600,2993.02
40700,3000.05
40800,3007.07
40900,3014.07
41000,3021.08
41100,3028.13
41200,3035.2
41300,3042.2
41400,3049.2
41500,3056.17
41600,3063.15
41700,3070.17
41800,3077.16
41900,3084.15
42000,3091.11
42100,3098.08
42200,3105.1
42300,3112.13
42400,3119.12
42500,3126.2
42600,3133.23
42700,3140.25
42800,3147.33
42900,3154.37
43000,3161.42
43100,3168.46
43200,3175.44
43300,3182.43
43400,3189.43
43500,3196.44
43600,3203.39
43700,3210.35
43800,3217.35
43900,3224.29
44000,3231.28
44100,3238.28
44200,3245.26
44300,3252.27
44400,3259.28
44500,3266.23
44600,3273.17
44700,3280.12
44800,3287.09
44900,3294.06
45000,3301
45100,3307.93
45200,3314.92
45300,3321.87
45400,3328.83
45500,3335.81
45600,3342.79
45700,3349.75
45800,3356.73
45900,3363.7
46000,3370.71
46100,3377.7
46200,3384.67
46300,3391.66
46400,3398.66
46500,3405.65
46600,3412.64
46700,3419.67
46800,3426.66
46900,3433.65
47000,3440.59
47100,3447.58
47200,3454.54
47300,3461.49
47400,3468.42
47500,3475.38
47600,3482.32
47700,3489.28
47800,3496.28
47900,3503.28
48000,3510.3
48100,3517.33
48200,3524.38
48300,3531.46
48400,3538.54
48500,3545.62
48600,3552.65
48700,3559.68
48800,3566.7
48900,3573.68
49000,3580.68
49100,3587.69
49200,3594.71
49300,3601.7
49400,3608.72
49500,3615.69
49600,3622.69
49700,3629.69
49800,3636.71
49900,3643.71
50000,3650.75
50100,3657.78
50200,3664.84
50300,3671.84
50400,3678.81
50500,3685.84
50600,3692.86
50700,3699.89
50800,3706.9
50900,3713.9
51000,3720.88
51100,3727.88
51200,3734.85
51300,3741.83
51400,3748.79
51500,3755.75
51600,3762.67
51700,3769.58
51800,3776.56
51900,3783.54
52000,3790.55
52100,3797.55
52200,3804.6
52300,3811.63
52400,3818.7
52500,3825.81
52600,3832.92
52700,3840.08
52800,3847.23
52900,3854.37
53000,3861.48
53100,3868.58
53200,3875.71
53300,3882.82
53400,3889.9
53500,3896.89
53600,3903.89
53700,3910.97
53800,3918.14
53900,3925.33
54000,3932.51
54100,3939.71
54200,3946.87
54300,3953.98
54400,3961.03
54500,3968.08
54600,3975.04
54700,3982.06
54800,3989.02
54900,3996.04
55000,4003.05
55100,4010.08
55200,4017.08
55300,4024.1
55400,4031.07
55500,4038.04
55600,4045.02
55700,4052.01
55800,4058.98
55900,4066
56000,4072.94
56100,4079.85
56200,4086.8
56300,4093.76
56400,4100.7
56500,4107.65
56600,4114.63
56700,4121.63
56800,4128.63
56900,4135.64
57000,4142.66
57100,4149.65
57200,4156.68
57300,4163.71
57400,4170.71
57500,4177.74
57600,4184.72
57700,4191.7
57800,4198.74
57900,4205.75
58000,4212.77
58100,4219.83
58200,4226.88
58300,4233.93
58400,4240.96
58500,4247.92
58600,4254.9
58700,4261.89
58800,4268.88
58900,4275.82
59000,4282.78
59100,4289.71
59200,4296.69
59300,4303.67
59400,4310.66
59500,4317.68
59600,4324.67
59700,4331.69
59800,4338.65
59900,4345.66
60000,4352.66
60100,4359.6
60200,4366.57
60300,4373.54
60400,4380.52
60500,4387.53
60600,4394.51
60700,4401.51
60800,4408.55
60900,4415.51
61000,4422.48
61100,4429.45
61200,4436.39
61300,4443.37
61400,4450.34
61500,4457.34
61600,4464.34
61700,4471.35
61800,4478.38
61900,4485.44
62000,4492.45
62100,4499.53
62200,4506.55
62300,4513.57
62400,4520.59
62500,4527.66
62600,4534.72
62700,4541.77
62800,4548.88
62900,4556.03
63000,4563.14
63100,4570.22
63200,4577.31
63300,4584.36
63400,4591.44
63500,4598.54
63600,4605.67
63700,4612.8
63800,4619.89
63900,4627
64000,4634.06
64100,4641.09
64200,4648.1
64300,4655.05
64400,4662.05
64500,4669.07
64600,4676.12
64700,4683.19
64800,4690.3
64900,4697.42
65000,4704.51
65100,4711.6
65200,4718.64
65300,4725.72
65400,4732.8
65500,4739.89
65600,4746.95
65700,4754.02
65800,4761.13
65900,4768.2
66000,4775.24
66100,4782.33
66200,4789.44
66300,4796.57
66400,4803.66
66500,4810.71
66600,4817.81
66700,4824.9
66800,4831.97
66900,4839.01
67000,4846.07
67100,4853.16
67200,4860.24
67300,4867.29
67400,4874.32
67500,4881.32
67600,4888.34
67700,4895.33
67800,4902.25
67900,4909.23
68000,4916.19
68100,4923.16
68200,4930.19
68300,4937.21
68400,4944.21
68500,4951.19
68600,4958.21
68700,4965.2
68800,4972.23
68900,4979.26
69000,4986.29
69100,4993.34
69200,5000.41
69300,5007.5
69400,5014.55
69500,5021.61
69600,5028.74
69700,5035.83
69800,5042.87
69900,5049.91
70000,5056.94
70100,5063.89
70200,5070.88
70300,5077.86
70400,5084.85
70500,5091.89
70600,5098.94
70700,5105.95
70800,5112.98
70900,5120.01
71000,5127.08
71100,5134.13
71200,5141.12
71300,5148.12
71400,5155.1
71500,5162.11
71600,5169.1
71700,5176.1
71800,5183.15
71900,5190.23
72000,5197.28
72100,5204.36
72200,5211.4
72300,5218.43
72400,5225.45
72500,5232.47
72600,5239.48
72700,5246.55
72800,5253.7
72900,5260.86
73000,5268.05
73100,5275.22
73200,5282.35
73300,5289.46
73400,5296.59
73500,5303.73
73600,5310.87
73700,5318.01
73800,5325.13
73900,5332.17
74000,5339.22
74100,5346.2
74200,5353.17
74300,5360.11
74400,5367.01
74500,5373.98
74600,5380.9
74700,5387.83
74800,5394.74
74900,5401.7
75000,5408.69
75100,5415.67
75200,5422.67
75300,5429.62
75400,5436.55
75500,5443.48
75600,5450.45
75700,5457.41
75800,5464.38
75900,5471.39
76000,5478.36
76100,5485.36
76200,5492.4
76300,5499.41
76400,5506.46
76500,5513.49
76600,5520.55
76700,5527.59
76800,5534.71
76900,5541.79
77000,5548.84
77100,5555.93
77200,5562.98
77300,5570.05
77400,5577.1
77500,5584.1
77600,5591.04
77700,5598.02
77800,5604.98
77900,5611.96
78000,5618.96
78100,5625.97
78200,5632.91
78300,5639.85
78400,5646.81
78500,5653.84
78600,5660.87
78700,5667.94
78800,5674.95
78900,5681.95
79000,5688.94
79100,5695.96
79200,5702.96
79300,5709.96
79400,5716.96
79500,5723.95
79600,5731.01
79700,5738
79800,5745
79900,5751.99
80000,5759
80100,5766.09
80200,5773.2
80300,5780.28
80400,5787.35
80500,5794.4
80600,5801.43
80700,5808.44
80800,5815.45
80900,5822.45
81000,5829.49
81100,5836.5
81200,5843.44
81300,5850.45
81400,5857.5
81500,5864.53
81600,5871.58
81700,5878.63
81800,5885.64
81900,5892.69
82000,5899.76
82100,5906.84
82200,5913.94
82300,5921.02
82400,5928.08
82500,5935.18
82600,5942.25
82700,5949.25
82800,5956.26
82900,5963.25
83000,5970.27
83100,5977.34
83200,5984.43
83300,5991.48
83400,5998.56
83500,6005.7
83600,6012.81
83700,6019.9
83800,6027
83900,6034.12
84000,6041.16
84100,6048.24
84200,6055.36
84300,6062.43
84400,6069.44
84500,6076.43
84600,6083.43
84700,6090.41
84800,6097.42
84900,6104.39
85000,6111.34
85100,6118.28
85200,6125.28
85300,6132.26
85400,6139.21
85500,6146.16
85600,6153.08
85700,6160.03
85800,6166.95
85900,6173.93
86000,6180.92
86100,6187.89
86200,6194.82
86300,6201.8
86400,6208.75
86500,6215.73
86600,6222.74
86700,6229.78
86800,6236.84
86900,6243.88
87000,6250.88
87100,6257.91
87200,6264.93
87300,6271.95
87400,6278.98
87500,6286.07
87600,6293.12
87700,6300.15
87800,6307.14
87900,6314.11
88000,6321.1
88100,6328.06
88200,6335.06
88300,6342.03
88400,6349.06
88500,6356.09
88600,6363.16
88700,6370.24
88800,6377.31
88900,6384.41
89000,6391.5
89100,6398.59
89200,6405.66
89300,6412.72
89400,6419.81
89500,6426.86
89600,6433.88
89700,6440.88
89800,6447.85
89900,6454.82
90000,6461.79
90100,6468.78
90200,6475.74
90300,6482.69
90400,6489.67
90500,6496.58
90600,6503.54
90700,6510.49
90800,6517.44
90900,6524.33
91000,6531.27
91100,6538.25
91200,6545.24
91300,6552.23
91400,6559.2
91500,6566.18
91600,6573.14
91700,6580.16
91800,6587.13
91900,6594.08
92000,6601.02
92100,6607.97
92200,6614.92
92300,6621.87
92400,6628.85
92500,6635.84
92600,6642.84
92700,6649.85
92800,6656.83
92900,6663.82
93000,6670.86
93100,6677.89
93200,6684.95
93300,6692.03
93400,6699.11
93500,6706.2
93600,6713.27
93700,6720.35
93800,6727.45
93900,6734.52
94000,6741.6
94100,6748.71
94200,6755.81
94300,6762.89
94400,6769.95
94500,6776.98
94600,6784.03
94700,6791.05
94800,6798.03
94900,6805.03
95000,6812.01
95100,6818.91
95200,6825.91
95300,6832.93
95400,6839.95
95500,6847.02
95600,6854.1
95700,6861.16
95800,6868.23
95900,6875.34
96000,6882.42
96100,6889.58
96200,6896.76
96300,6903.89
96400,6911.09
96500,6918.25
96600,6925.44
96700,6932.63
96800,6939.77
96900,6946.9
97000,6954.1
97100,6961.27
97200,6968.4
97300,6975.54
97400,6982.64
97500,6989.72
97600,6996.76
97700,7003.85
97800,7010.93
97900,7017.96
98000,7024.98
98100,7031.96
98200,7038.92
98300,7045.89
98400,7052.85
98500,7059.81
98600,7066.77
98700,7073.75
98800,7080.68
98900,7087.62
99000,7094.59
99100,7101.52
99200,7108.51
99300,7115.44
99400,7122.42
99500,7129.42
99600,7136.4
99700,7143.37
99800,7150.31
99900,7157.23
