0,150.008
100,155.492
200,162.929
300,170.631
400,178.439
500,186.256
600,194.086
700,201.914
800,209.744
900,217.56
1000,225.394
1100,233.235
1200,241.072
1300,248.933
1400,256.811
1500,264.698
1600,272.601
1700,280.475
1800,288.378
1900,296.216
2000,304.078
2100,311.958
2200,319.81
2300,327.658
2400,335.541
2500,343.387
2600,351.218
2700,359.065
2800,366.899
2900,374.692
3000,382.501
3100,390.345
3200,398.212
3300,406.073
3400,413.927
3500,421.774
3600,429.622
3700,437.477
3800,445.32
3900,453.178
4000,461.059
4100,468.879
4200,476.771
4300,484.622
4400,492.453
4500,500.284
4600,508.119
4700,515.978
4800,523.832
4900,531.693
5000,539.55
5100,547.384
5200,555.213
5300,563.062
5400,570.917
5500,578.8
5600,586.669
5700,594.485
5800,602.312
5900,610.172
6000,618.035
6100,625.88
6200,633.742
6300,641.586
6400,649.425
6500,657.283
6600,665.114
6700,672.986
6800,680.843
6900,688.694
7000,696.546
7100,704.394
7200,712.259
7300,720.108
7400,727.959
7500,735.813
7600,743.66
7700,751.502
7800,759.33
7900,767.196
8000,775.035
8100,782.862
8200,790.708
8300,798.543
8400,806.411
8500,814.302
8600,822.205
8700,830.055
8800,837.881
8900,845.715
9000,853.535
9100,861.371
9200,869.248
9300,877.113
9400,884.977
9500,892.81
9600,900.66
9700,908.532
9800,916.382
9900,924.282
10000,932.164
10100,940.018
10200,947.889
10300,955.753
10400,963.598
10500,971.467
10600,979.319
10700,987.168
10800,995.028
10900,1002.86
11000,1010.71
11100,1018.58
11200,1026.41
11300,1034.24
11400,1042.12
11500,1049.97
11600,1057.85
11700,1065.73
11800,1073.61
11900,1081.5
12000,1089.31
12100,1097.16
12200,1105.03
12300,1112.92
12400,1120.77
12500,1128.65
12600,1136.5
12700,1144.36
12800,1152.22
12900,1160.08
13000,1167.94
13100,1175.8
13200,1183.66
13300,1191.52
13400,1199.39
13500,1207.24
13600,1215.05
13700,1222.89
13800,1230.75
13900,1238.61
14000,1246.45
14100,1254.33
14200,1262.19
14300,1270.06
14400,1277.91
14500,1285.77
14600,1293.63
14700,1301.48
14800,1309.32
14900,1317.14
15000,1324.97
15100,1332.85
15200,1340.7
15300,1348.58
15400,1356.44
15500,1364.29
15600,1372.14
15700,1379.96
15800,1387.78
15900,1395.62
16000,1403.46
16100,1411.35
16200,1419.23
16300,1427.05
16400,1434.91
16500,1442.77
16600,1450.59
16700,1458.43
16800,1466.31
16900,1474.2
17000,1482.04
17100,1489.9
17200,1497.74
17300,1505.57
17400,1513.46
17500,1521.32
17600,1529.13
17700,1536.94
17800,1544.8
17900,1552.66
18000,1560.52
18100,1568.38
18200,1576.23
18300,1584.08
18400,1591.95
18500,1599.79
18600,1607.64
18700,1615.51
18800,1623.35
18900,1631.2
19000,1639.06
19100,1646.92
19200,1654.72
19300,1662.56
19400,1670.37
19500,1678.25
19600,1686.09
19700,1693.95
19800,1701.78
19900,1709.63
20000,1717.47
20100,1725.29
20200,1733.14
20300,1741.01
20400,1748.88
20500,1756.73
20600,1764.58
20700,1772.44
20800,1780.3
20900,1788.17
21000,1796.04
21100,1803.89
21200,1811.72
21300,1819.55
21400,1827.43
21500,1835.29
21600,1843.13
21700,1851
21800,1858.85
21900,1866.69
22000,1874.6
22100,1882.43
22200,1890.28
22300,1898.06
22400,1905.9
22500,1913.75
22600,1921.6
22700,1929.44
22800,1937.31
22900,1945.14
23000,1952.98
23100,1960.83
23200,1968.69
23300,1976.55
23400,1984.41
23500,1992.26
23600,2000.08
23700,2007.91
23800,2015.74
23900,2023.63
24000,2031.53
24100,2039.38
24200,2047.27
24300,2055.15
24400,2062.98
24500,2070.78
24600,2078.64
24700,2086.47
24800,2094.31
24900,2102.17
25000,2110.06
25100,2117.88
25200,2125.73
25300,2133.56
25400,2141.41
25500,2149.26
25600,2157.06
25700,2164.85
25800,2172.67
25900,2180.51
26000,2188.38
26100,2196.23
26200,2204.07
26300,2211.92
26400,2219.8
26500,2227.64
26600,2235.5
26700,2243.38
26800,2251.27
26900,2259.18
27000,2267.06
27100,2274.92
27200,2282.74
27300,2290.59
27400,2298.45
27500,2306.32
27600,2314.19
27700,2322.08
27800,2329.95
27900,2337.82
28000,2345.71
28100,2353.58
28200,2361.46
28300,2369.35
28400,2377.23
28500,2385.12
28600,2393
28700,2400.9
28800,2408.8
28900,2416.65
29000,2424.49
29100,2432.35
29200,2440.2
29300,2448.09
29400,2455.95
29500,2463.84
29600,2471.69
29700,2479.5
29800,2487.36
29900,2495.23
30000,2503.09
30100,2510.96
30200,2518.83
30300,2526.71
30400,2534.58
30500,2542.41
30600,2550.22
30700,2558.06
30800,2565.9
30900,2573.74
31000,2581.6
31100,2589.45
31200,2597.31
31300,2605.12
31400,2613
31500,2620.84
31600,2628.65
31700,2636.49
31800,2644.33
31900,2652.2
32000,2660.04
32100,2667.88
32200,2675.72
32300,2683.57
32400,2691.45
32500,2699.34
32600,2707.23
32700,2715.1
32800,2722.93
32900,2730.79
33000,2738.64
33100,2746.47
33200,2754.29
33300,2762.11
33400,2769.96
33500,2777.84
33600,2785.72
33700,2793.58
33800,2801.48
33900,2809.34
34000,2817.22
34100,2825.09
34200,2832.97
34300,2840.84
34400,2848.74
34500,2856.63
34600,2864.48
34700,2872.36
34800,2880.23
34900,2888.1
35000,2895.96
35100,2903.81
35200,2911.67
35300,2919.55
35400,2927.42
35500,2935.29
35600,2943.16
35700,2951.02
35800,2958.88
35900,2966.74
36000,2974.59
36100,2982.44
36200,2990.33
36300,2998.15
36400,3005.95
36500,3013.79
36600,3021.66
36700,3029.52
36800,3037.36
36900,3045.2
37000,3053.07
37100,3060.88
37200,3068.73
37300,3076.55
37400,3084.42
37500,3092.29
37600,3100.13
37700,3107.98
37800,3115.83
37900,3123.68
38000,3131.53
38100,3139.38
38200,3147.24
38300,3155.1
38400,3162.96
38500,3170.83
38600,3178.7
38700,3186.56
38800,3194.42
38900,3202.27
39000,3210.1
39100,3217.95
39200,3225.82
39300,3233.68
39400,3241.55
39500,3249.43
39600,3257.31
39700,3265.15
39800,3272.98
39900,3280.83
40000,3288.72
40100,3296.55
40200,3304.43
40300,3312.3
40400,3320.2
40500,3328.07
40600,3335.91
40700,3343.73
40800,3351.56
40900,3359.4
41000,3367.25
41100,3375.12
41200,3383.01
41300,3390.88
41400,3398.77
41500,3406.68
41600,3414.56
41700,3422.43
41800,3430.28
41900,3438.13
42000,3446.01
42100,3453.87
42200,3461.7
42300,3469.58
42400,3477.42
42500,3485.27
42600,3493.14
42700,3501
42800,3508.87
42900,3516.73
43000,3524.58
43100,3532.4
43200,3540.24
43300,3548.07
43400,3555.92
43500,3563.77
43600,3571.65
43700,3579.52
43800,3587.35
43900,3595.22
44000,3603.08
44100,3610.92
44200,3618.8
44300,3626.64
44400,3634.47
44500,3642.28
44600,3650.12
44700,3657.97
44800,3665.82
44900,3673.68
45000,3681.51
45100,3689.37
45200,3697.24
45300,3705.12
45400,3712.97
45500,3720.85
45600,3728.71
45700,3736.53
45800,3744.35
45900,3752.2
46000,3760.06
46100,3767.91
46200,3775.79
46300,3783.65
46400,3791.5
46500,3799.36
46600,3807.2
46700,3815.03
46800,3822.86
46900,3830.69
47000,3838.55
47100,3846.43
47200,3854.27
47300,3862.13
47400,3870
47500,3877.86
47600,3885.7
47700,3893.57
47800,3901.42
47900,3909.25
48000,3917.09
48100,3924.93
48200,3932.75
48300,3940.61
48400,3948.46
48500,3956.34
48600,3964.21
48700,3972.07
48800,3979.89
48900,3987.72
49000,3995.54
49100,4003.35
49200,4011.2
49300,4019.06
49400,4026.9
49500,4034.73
49600,4042.55
49700,4050.41
49800,4058.3
49900,4066.17
50000,4074.03
50100,4081.93
50200,4089.78
50300,4097.62
50400,4105.5
50500,4113.35
50600,4121.23
50700,4129.12
50800,4136.98
50900,4144.84
51000,4152.69
51100,4160.57
51200,4168.41
51300,4176.22
51400,4184.1
51500,4191.96
51600,4199.83
51700,4207.66
51800,4215.53
51900,4223.38
52000,4231.26
52100,4239.1
52200,4246.96
52300,4254.86
52400,4262.73
52500,4270.59
52600,4278.45
52700,4286.28
52800,4294.13
52900,4302
53000,4309.86
53100,4317.71
53200,4325.52
53300,4333.36
53400,4341.2
53500,4349.05
53600,4356.91
53700,4364.77
53800,4372.63
53900,4380.5
54000,4388.39
54100,4396.26
54200,4404.13
54300,4411.95
54400,4419.76
54500,4427.64
54600,4435.5
54700,4443.35
54800,4451.16
54900,4458.97
55000,4466.77
55100,4474.65
55200,4482.51
55300,4490.39
55400,4498.22
55500,4506.07
55600,4513.9
55700,4521.77
55800,4529.68
55900,4537.55
56000,4545.45
56100,4553.33
56200,4561.19
56300,4569.04
56400,4576.9
56500,4584.8
56600,4592.64
56700,4600.49
56800,4608.39
56900,4616.22
57000,4624.09
57100,4631.92
57200,4639.83
57300,4647.64
57400,4655.48
57500,4663.3
57600,4671.13
57700,4679.01
57800,4686.9
57900,4694.77
58000,4702.61
58100,4710.44
58200,4718.3
58300,4726.19
58400,4734.08
58500,4741.93
58600,4749.78
58700,4757.65
58800,4765.54
58900,4773.37
59000,4781.18
59100,4788.98
59200,4796.82
59300,4804.67
59400,4812.51
59500,4820.33
59600,4828.19
59700,4836.01
59800,4843.88
59900,4851.77
60000,4859.62
60100,4867.49
60200,4875.36
60300,4883.24
60400,4891.1
60500,4898.92
60600,4906.76
60700,4914.6
60800,4922.43
60900,4930.3
61000,4938.15
61100,4946
61200,4953.87
61300,4961.73
61400,4969.58
61500,4977.4
61600,4985.3
61700,4993.13
61800,5000.96
61900,5008.82
62000,5016.68
62100,5024.56
62200,5032.43
62300,5040.32
62400,5048.23
62500,5056.13
62600,5064.01
62700,5071.82
62800,5079.68
62900,5087.49
63000,5095.33
63100,5103.16
63200,5111
63300,5118.87
63400,5126.74
63500,5134.56
63600,5142.42
63700,5150.27
63800,5158.17
63900,5166.05
64000,5173.93
64100,5181.8
64200,5189.69
64300,5197.56
64400,5205.4
64500,5213.24
64600,5221.12
64700,5228.96
64800,5236.82
64900,5244.69
65000,5252.57
65100,5260.42
65200,5268.26
65300,5276.1
65400,5283.99
65500,5291.86
65600,5299.75
65700,5307.61
65800,5315.46
65900,5323.32
66000,5331.16
66100,5339
66200,5346.82
66300,5354.68
66400,5362.54
66500,5370.39
66600,5378.21
66700,5386.05
66800,5393.88
66900,5401.7
67000,5409.55
67100,5417.4
67200,5425.27
67300,5433.14
67400,5441.01
67500,5448.87
67600,5456.73
67700,5464.59
67800,5472.45
67900,5480.32
68000,5488.2
68100,5496.12
68200,5504.05
68300,5511.96
68400,5519.85
68500,5527.73
68600,5535.57
68700,5543.48
68800,5551.36
68900,5559.23
69000,5567.08
69100,5574.92
69200,5582.72
69300,5590.58
69400,5598.45
69500,5606.36
69600,5614.27
69700,5622.15
69800,5630.02
69900,5637.89
70000,5645.77
70100,5653.64
70200,5661.52
70300,5669.39
70400,5677.24
70500,5685.1
70600,5692.94
70700,5700.77
70800,5708.66
70900,5716.53
71000,5724.38
71100,5732.24
71200,5740.1
71300,5747.94
71400,5755.81
71500,5763.67
71600,5771.5
71700,5779.4
71800,5787.24
71900,5795.12
72000,5803
72100,5810.86
72200,5818.71
72300,5826.54
72400,5834.4
72500,5842.25
72600,5850.16
72700,5858.04
72800,5865.92
72900,5873.77
73000,5881.64
73100,5889.51
73200,5897.33
73300,5905.16
73400,5912.98
73500,5920.79
73600,5928.65
73700,5936.52
73800,5944.36
73900,5952.21
74000,5960.04
74100,5967.87
74200,5975.71
74300,5983.55
74400,5991.4
74500,5999.26
74600,6007.09
74700,6014.99
74800,6022.87
74900,6030.74
75000,6038.61
75100,6046.48
75200,6054.38
75300,6062.27
75400,6070.14
75500,6078.02
75600,6085.85
75700,6093.72
75800,6101.59
75900,6109.44
76000,6117.27
76100,6125.12
76200,6133.01
76300,6140.85
76400,6148.69
76500,6156.52
76600,6164.39
76700,6172.24
76800,6180.08
76900,6187.92
77000,6195.74
77100,6203.56
77200,6211.4
77300,6219.27
77400,6227.13
77500,6235.02
77600,6242.9
77700,6250.75
77800,6258.61
77900,6266.47
78000,6274.33
78100,6282.18
78200,6290.02
78300,6297.86
78400,6305.74
78500,6313.61
78600,6321.47
78700,6329.36
78800,6337.22
78900,6345.1
79000,6352.96
79100,6360.81
79200,6368.68
79300,6376.53
79400,6384.4
79500,6392.26
79600,6400.13
79700,6407.96
79800,6415.8
79900,6423.65
80000,6431.55
80100,6439.39
80200,6447.25
80300,6455.13
80400,6463.02
80500,6470.91
80600,6478.78
80700,6486.61
80800,6494.47
80900,6502.34
81000,6510.19
81100,6518.09
81200,6526
81300,6533.86
81400,6541.72
81500,6549.56
81600,6557.43
81700,6565.29
81800,6573.13
81900,6581
82000,6588.88
82100,6596.72
82200,6604.58
82300,6612.46
82400,6620.34
82500,6628.21
82600,6636.05
82700,6643.91
82800,6651.76
82900,6659.65
83000,6667.52
83100,6675.38
83200,6683.24
83300,6691.1
83400,6699.01
83500,6706.88
83600,6714.74
83700,6722.63
83800,6730.5
83900,6738.36
84000,6746.25
84100,6754.12
84200,6761.98
84300,6769.86
84400,6777.71
84500,6785.55
84600,6793.42
84700,6801.26
84800,6809.14
84900,6816.99
85000,6824.84
85100,6832.67
85200,6840.53
85300,6848.4
85400,6856.3
85500,6864.15
85600,6872.02
85700,6879.85
85800,6887.72
85900,6895.56
86000,6903.46
86100,6911.35
86200,6919.21
86300,6927.08
86400,6934.93
86500,6942.79
86600,6950.66
86700,6958.53
86800,6966.39
86900,6974.26
87000,6982.15
87100,6990.04
87200,6997.91
87300,7005.77
87400,7013.64
87500,7021.49
87600,7029.33
87700,7037.19
87800,7045.04
87900,7052.92
88000,7060.81
88100,7068.72
88200,7076.57
88300,7084.45
88400,7092.37
88500,7100.24
88600,7108.12
88700,7116
88800,7123.87
88900,7131.74
89000,7139.62
89100,7147.46
89200,7155.34
89300,7163.19
89400,7171.04
89500,7178.92
89600,7186.79
89700,7194.68
89800,7202.53
89900,7210.39
90000,7218.22
90100,7226.08
90200,7233.96
90300,7241.78
90400,7249.65
90500,7257.53
90600,7265.38
90700,7273.2
90800,7281.07
90900,7288.93
91000,7296.79
91100,7304.69
91200,7312.55
91300,7320.4
91400,7328.23
91500,7336.09
91600,7343.94
91700,7351.8
91800,7359.64
91900,7367.5
92000,7375.38
92100,7383.24
92200,7391.09
92300,7398.91
92400,7406.76
92500,7414.63
92600,7422.49
92700,7430.34
92800,7438.22
92900,7446.09
93000,7453.97
93100,7461.82
93200,7469.68
93300,7477.52
93400,7485.37
93500,7493.24
93600,7501.12
93700,7508.93
93800,7516.77
93900,7524.61
94000,7532.46
94100,7540.31
94200,7548.17
94300,7556.05
94400,7563.92
94500,7571.79
94600,7579.64
94700,7587.49
94800,7595.35
94900,7603.22
95000,7611.13
95100,7618.98
95200,7626.88
95300,7634.75
95400,7642.6
95500,7650.45
95600,7658.34
95700,7666.19
95800,7674.07
95900,7681.9
96000,7689.74
96100,7697.56
96200,7705.41
96300,7713.27
96400,7721.09
96500,7728.92
96600,7736.77
96700,7744.64
96800,7752.47
96900,7760.32
97000,7768.15
97100,7775.97
97200,7783.84
97300,7791.7
97400,7799.53
97500,7807.39
97600,7815.32
97700,7823.21
97800,7831.07
97900,7838.92
98000,7846.78
98100,7854.62
98200,7862.53
98300,7870.37
98400,7878.22
98500,7886.11
98600,7893.96
98700,7901.8
98800,7909.69
98900,7917.53
99000,7925.35
99100,7933.2
99200,7941.05
99300,7948.91
99400,7956.73
99500,7964.58
99600,7972.43
99700,7980.27
99800,7988.12
99900,7996.01
