0,150.005
100,153.539
200,159.06
300,165.258
400,171.771
500,178.446
600,185.204
700,191.99
800,198.874
900,205.786
1000,212.676
1100,219.594
1200,226.504
1300,233.491
1400,240.514
1500,247.535
1600,254.513
1700,261.506
1800,268.527
1900,275.536
2000,282.531
2100,289.49
2200,296.471
2300,303.481
2400,310.477
2500,317.49
2600,324.512
2700,331.512
2800,338.534
2900,345.564
3000,352.583
3100,359.603
3200,366.642
3300,373.709
3400,380.753
3500,387.802
3600,394.821
3700,401.84
3800,408.826
3900,415.85
4000,422.848
4100,429.828
4200,436.82
4300,443.83
4400,450.832
4500,457.811
4600,464.837
4700,471.819
4800,478.845
4900,485.803
5000,492.763
5100,499.731
5200,506.674
5300,513.619
5400,520.593
5500,527.57
5600,534.588
5700,541.601
5800,548.641
5900,555.639
6000,562.678
6100,569.713
6200,576.733
6300,583.779
6400,590.787
6500,597.833
6600,604.816
6700,611.789
6800,618.756
6900,625.677
7000,632.638
7100,639.617
7200,646.651
7300,653.698
7400,660.731
7500,667.778
7600,674.866
7700,681.91
7800,688.951
7900,696.012
8000,703.06
8100,710.117
8200,717.155
8300,724.194
8400,731.179
8500,738.115
8600,745.08
8700,752.066
8800,759.055
8900,766.058
9000,773.029
9100,779.95
9200,786.945
9300,793.97
9400,801.01
9500,808.05
9600,815.057
9700,822.041
9800,828.984
9900,835.97
10000,842.964
10100,849.953
10200,856.919
10300,863.881
10400,870.856
10500,877.801
10600,884.797
10700,891.787
10800,898.783
10900,905.886
11000,913.038
11100,920.18
11200,927.331
11300,934.457
11400,941.552
11500,948.66
11600,955.804
11700,962.958
11800,970.055
11900,977.166
12000,984.268
12100,991.356
12200,998.449
12300,1005.54
12400,1012.58
12500,1019.71
12600,1026.76
12700,1033.78
12800,1040.83
12900,1047.84
13000,1054.8
13100,1061.73
13200,1068.66
13300,1075.65
13400,1082.65
13500,1089.69
13600,1096.71
13700,1103.77
13800,1110.86
13900,1117.95
14000,1125.02
14100,1132.07
14200,1139.05
14300,1146.07
14400,1153.06
14500,1160.07
14600,1167.09
14700,1174.13
14800,1181.16
14900,1188.23
15000,1195.28
15100,1202.35
15200,1209.47
15300,1216.59
15400,1223.72
15500,1230.8
15600,1237.85
15700,1244.86
15800,1251.92
15900,1258.95
16000,1265.91
16100,1272.89
16200,1279.92
16300,1286.94
16400,1293.97
16500,1300.99
16600,1308.01
16700,1315.05
16800,1322.11
16900,1329.18
17000,1336.22
17100,1343.27
17200,1350.3
17300,1357.3
17400,1364.29
17500,1371.27
17600,1378.27
17700,1385.26
17800,1392.25
17900,1399.3
18000,1406.33
18100,1413.32
18200,1420.33
18300,1427.33
18400,1434.34
18500,1441.39
18600,1448.44
18700,1455.47
18800,1462.53
18900,1469.56
19000,1476.57
19100,1483.57
19200,1490.58
19300,1497.59
19400,1504.57
19500,1511.55
19600,1518.58
19700,1525.57
19800,1532.53
19900,1539.5
20000,1546.48
20100,1553.44
20200,1560.45
20300,1567.46
20400,1574.46
20500,1581.41
20600,1588.45
20700,1595.56
20800,1602.68
20900,1609.72
21000,1616.79
21100,1623.83
21200,1630.87
21300,1637.95
21400,1645.05
21500,1652.1
21600,1659.19
21700,1666.31
21800,1673.44
21900,1680.56
22000,1687.69
22100,1694.9
22200,1702.04
22300,1709.17
22400,1716.19
22500,1723.18
22600,1730.17
22700,1737.19
22800,1744.19
22900,1751.2
23000,1758.17
23100,1765.19
23200,1772.2
23300,1779.2
23400,1786.16
23500,1793.15
23600,1800.18
23700,1807.19
23800,1814.26
23900,1821.32
24000,1828.35
24100,1835.35
24200,1842.29
24300,1849.25
24400,1856.19
24500,1863.23
24600,1870.22
24700,1877.24
24800,1884.22
24900,1891.19
25000,1898.17
25100,1905.2
25200,1912.25
25300,1919.33
25400,1926.42
25500,1933.57
25600,1940.65
25700,1947.73
25800,1954.84
25900,1961.93
26000,1969.05
26100,1976.2
26200,1983.39
26300,1990.56
26400,1997.76
26500,2004.94
26600,2012.12
26700,2019.31
26800,2026.47
26900,2033.6
27000,2040.77
27100,2047.92
27200,2055.08
27300,2062.16
27400,2069.18
27500,2076.2
27600,2083.2
27700,2090.21
27800,2097.22
27900,2104.2
28000,2111.21
28100,2118.24
28200,2125.22
28300,2132.18
28400,2139.18
28500,2146.21
28600,2153.22
28700,2160.23
28800,2167.24
28900,2174.27
29000,2181.28
29100,2188.31
29200,2195.31
29300,2202.29
29400,2209.35
29500,2216.36
29600,2223.37
29700,2230.37
29800,2237.34
29900,2244.34
30000,2251.3
30100,2258.3
30200,2265.32
30300,2272.31
30400,2279.31
30500,2286.33
30600,2293.35
30700,2300.4
30800,2307.46
30900,2314.53
31000,2321.63
31100,2328.69
31200,2335.73
31300,2342.73
31400,2349.73
31500,2356.76
31600,2363.77
31700,2370.73
31800,2377.79
31900,2384.83
32000,2391.83
32100,2398.88
32200,2405.87
32300,2412.86
32400,2419.88
32500,2426.89
32600,2433.89
32700,2440.9
32800,2447.89
32900,2454.83
33000,2461.81
33100,2468.78
33200,2475.76
33300,2482.71
33400,2489.74
33500,2496.79
33600,2503.83
33700,2510.81
33800,2517.81
33900,2524.8
34000,2531.76
34100,2538.76
34200,2545.71
34300,2552.66
34400,2559.62
34500,2566.69
34600,2573.8
34700,2580.9
34800,2588.03
34900,2595.17
35000,2602.31
35100,2609.45
35200,2616.57
35300,2623.69
35400,2630.77
35500,2637.84
35600,2644.93
35700,2652.01
35800,2659.15
35900,2666.24
36000,2673.37
36100,2680.47
36200,2687.52
36300,2694.62
36400,2701.7
36500,2708.74
36600,2715.7
36700,2722.66
36800,2729.63
36900,2736.63
37000,2743.63
37100,2750.65
37200,2757.64
37300,2764.64
37400,2771.66
37500,2778.67
37600,2785.73
37700,2792.81
37800,2799.97
37900,2807.11
38000,2814.19
38100,2821.33
38200,2828.41
38300,2835.49
38400,2842.62
38500,2849.69
38600,2856.76
38700,2863.88
38800,2871.02
38900,2878.15
39000,2885.22
39100,2892.24
39200,2899.27
39300,2906.29
39400,2913.33
39500,2920.4
39600,2927.48
39700,2934.53
39800,2941.52
39900,2948.49
40000,2955.51
40100,2962.5
40200,2969.49
40300,2976.45
40400,2983.46
40500,2990.43
40600,2997.43
40700,3004.43
40800,3011.41
40900,3018.44
41000,3025.41
41100,3032.41
41200,3039.42
41300,3046.45
41400,3053.49
41500,3060.55
41600,3067.57
41700,3074.59
41800,3081.66
41900,3088.73
42000,3095.79
42100,3102.82
42200,3109.84
42300,3116.85
42400,3123.84
42500,3130.84
42600,3137.83
42700,3144.85
42800,3151.86
42900,3158.86
43000,3165.89
43100,3172.89
43200,3179.88
43300,3186.88
43400,3193.86
43500,3200.81
43600,3207.81
43700,3214.86
43800,3221.89
43900,3228.9
44000,3235.96
44100,3243.01
44200,3250.05
44300,3257.07
44400,3264.05
44500,3271.1
44600,3278.18
44700,3285.23
44800,3292.31
44900,3299.37
45000,3306.4
45100,3313.44
45200,3320.5
45300,3327.57
45400,3334.61
45500,3341.66
45600,3348.7
45700,3355.71
45800,3362.75
45900,3369.76
46000,3376.79
46100,3383.81
46200,3390.85
46300,3397.83
46400,3404.87
46500,3411.89
46600,3418.92
46700,3425.99
46800,3433.11
46900,3440.26
47000,3447.43
47100,3454.57
47200,3461.8
47300,3468.97
47400,3476.16
47500,3483.29
47600,3490.33
47700,3497.39
47800,3504.42
47900,3511.44
48000,3518.41
48100,3525.38
48200,3532.35
48300,3539.32
48400,3546.26
48500,3553.26
48600,3560.25
48700,3567.23
48800,3574.21
48900,3581.18
49000,3588.2
49100,3595.2
49200,3602.17
49300,3609.17
49400,3616.19
49500,3623.16
49600,3630.16
49700,3637.16
49800,3644.2
49900,3651.22
50000,3658.28
50100,3665.27
50200,3672.26
50300,3679.29
50400,3686.24
50500,3693.22
50600,3700.25
50700,3707.25
50800,3714.3
50900,3721.36
51000,3728.42
51100,3735.53
51200,3742.58
51300,3749.58
51400,3756.59
51500,3763.64
51600,3770.73
51700,3777.8
51800,3784.87
51900,3791.91
52000,3798.85
52100,3805.82
52200,3812.81
52300,3819.79
52400,3826.75
52500,3833.76
52600,3840.7
52700,3847.63
52800,3854.58
52900,3861.56
53000,3868.52
53100,3875.52
53200,3882.48
53300,3889.52
53400,3896.55
53500,3903.54
53600,3910.58
53700,3917.61
53800,3924.62
53900,3931.58
54000,3938.59
54100,3945.58
54200,3952.57
54300,3959.6
54400,3966.6
54500,3973.65
54600,3980.64
54700,3987.61
54800,3994.52
54900,4001.5
55000,4008.43
55100,4015.42
55200,4022.4
55300,4029.33
55400,4036.29
55500,4043.21
55600,4050.18
55700,4057.1
55800,4064.09
55900,4071.09
56000,4078.11
56100,4085.07
56200,4092.07
56300,4099.11
56400,4106.19
56500,4113.2
56600,4120.3
56700,4127.37
56800,4134.43
56900,4141.45
57000,4148.48
57100,4155.5
57200,4162.54
57300,4169.59
57400,4176.6
57500,4183.65
57600,4190.64
57700,4197.7
57800,4204.75
57900,4211.85
58000,4218.94
58100,4226.03
58200,4233.09
58300,4240.17
58400,4247.21
58500,4254.35
58600,4261.52
58700,4268.73
58800,4275.96
58900,4283.14
59000,4290.36
59100,4297.58
59200,4304.81
59300,4312.02
59400,4319.19
59500,4326.35
59600,4333.47
59700,4340.56
59800,4347.66
59900,4354.74
60000,4361.72
60100,4368.73
60200,4375.77
60300,4382.77
60400,4389.78
60500,4396.83
60600,4403.94
60700,4411.04
60800,4418.21
60900,4425.34
61000,4432.5
61100,4439.65
61200,4446.76
61300,4453.82
61400,4460.93
61500,4468.05
61600,4475.16
61700,4482.25
61800,4489.43
61900,4496.6
62000,4503.78
62100,4510.98
62200,4518.14
62300,4525.3
62400,4532.46
62500,4539.58
62600,4546.66
62700,4553.79
62800,4560.89
62900,4567.92
63000,4574.95
63100,4581.95
63200,4588.97
63300,4596.01
63400,4603.02
63500,4610.04
63600,4617
63700,4623.98
63800,4630.92
63900,4637.86
64000,4644.86
64100,4651.86
64200,4658.86
64300,4665.86
64400,4672.83
64500,4679.78
64600,4686.76
64700,4693.69
64800,4700.68
64900,4707.64
65000,4714.56
65100,4721.49
65200,4728.41
65300,4735.35
65400,4742.3
65500,4749.27
65600,4756.26
65700,4763.19
65800,4770.13
65900,4777.07
66000,4784.06
66100,4791.07
66200,4798.04
66300,4805
66400,4811.95
66500,4818.9
66600,4825.85
66700,4832.82
66800,4839.78
66900,4846.76
67000,4853.75
67100,4860.71
67200,4867.64
67300,4874.56
67400,4881.49
67500,4888.38
67600,4895.31
67700,4902.25
67800,4909.18
67900,4916.11
68000,4923.11
68100,4930.16
68200,4937.13
68300,4944.11
68400,4951.1
68500,4958.1
68600,4965.07
68700,4972.03
68800,4978.95
68900,4985.93
69000,4992.93
69100,4999.89
69200,5006.92
69300,5013.92
69400,5020.92
69500,5027.95
69600,5034.98
69700,5042.03
69800,5049.11
69900,5056.16
70000,5063.22
70100,5070.29
70200,5077.32
70300,5084.36
70400,5091.4
70500,5098.44
70600,5105.46
70700,5112.54
70800,5119.65
70900,5126.73
71000,5133.8
71100,5140.82
71200,5147.87
71300,5154.89
71400,5161.86
71500,5168.84
71600,5175.83
71700,5182.81
71800,5189.79
71900,5196.77
72000,5203.75
72100,5210.7
72200,5217.72
72300,5224.71
72400,5231.7
72500,5238.66
72600,5245.6
72700,5252.57
72800,5259.46
72900,5266.37
73000,5273.3
73100,5280.25
73200,5287.16
73300,5294.08
73400,5301.07
73500,5307.99
73600,5314.93
73700,5321.91
73800,5328.87
73900,5335.8
74000,5342.77
74100,5349.76
74200,5356.77
74300,5363.74
74400,5370.76
74500,5377.77
74600,5384.86
74700,5391.92
74800,5399
74900,5406.09
75000,5413.22
75100,5420.3
75200,5427.46
75300,5434.61
75400,5441.76
75500,5448.97
75600,5456.18
75700,5463.32
75800,5470.46
75900,5477.58
76000,5484.73
76100,5491.88
76200,5499.01
76300,5506.11
76400,5513.18
76500,5520.23
76600,5527.25
76700,5534.32
76800,5541.35
76900,5548.37
77000,5555.37
77100,5562.34
77200,5569.34
77300,5576.29
77400,5583.27
77500,5590.27
77600,5597.29
77700,5604.35
77800,5611.36
77900,5618.38
78000,5625.34
78100,5632.31
78200,5639.26
78300,5646.2
78400,5653.24
78500,5660.25
78600,5667.3
78700,5674.41
78800,5681.48
78900,5688.55
79000,5695.67
79100,5702.76
79200,5709.84
79300,5716.95
79400,5723.99
79500,5731.06
79600,5738.04
79700,5745
79800,5751.93
79900,5758.89
80000,5765.84
80100,5772.79
80200,5779.83
80300,5786.9
80400,5793.94
80500,5800.99
80600,5808.05
80700,5815.06
80800,5822.12
80900,5829.11
81000,5836.11
81100,5843.12
81200,5850.11
81300,5857.06
81400,5864.03
81500,5871.03
81600,5878.06
81700,5885.08
81800,5892.08
81900,5899.07
82000,5906.03
82100,5913.03
82200,5920.02
82300,5927.01
82400,5934.05
82500,5941.03
82600,5948.09
82700,5955.07
82800,5962.03
82900,5968.97
83000,5975.94
83100,5982.88
83200,5989.84
83300,5996.8
83400,6003.82
83500,6010.82
83600,6017.84
83700,6024.9
83800,6031.98
83900,6039.02
84000,6046.07
84100,6053.1
84200,6060.21
84300,6067.36
84400,6074.47
84500,6081.57
84600,6088.6
84700,6095.59
84800,6102.6
84900,6109.6
85000,6116.65
85100,6123.7
85200,6130.8
85300,6137.85
85400,6144.89
85500,6151.99
85600,6159.17
85700,6166.38
85800,6173.62
85900,6180.89
86000,6188.11
86100,6195.32
86200,6202.48
86300,6209.59
86400,6216.69
86500,6223.74
86600,6230.81
86700,6237.86
86800,6244.84
86900,6251.82
87000,6258.75
87100,6265.72
87200,6272.66
87300,6279.62
87400,6286.55
87500,6293.56
87600,6300.54
87700,6307.57
87800,6314.54
87900,6321.51
88000,6328.43
88100,6335.39
88200,6342.41
88300,6349.4
88400,6356.41
88500,6363.33
88600,6370.24
88700,6377.17
88800,6384.15
88900,6391.15
89000,6398.23
89100,6405.28
89200,6412.31
89300,6419.35
89400,6426.4
89500,6433.43
89600,6440.47
89700,6447.43
89800,6454.42
89900,6461.44
90000,6468.41
90100,6475.4
90200,6482.41
90300,6489.46
90400,6496.47
90500,6503.45
90600,6510.48
90700,6517.53
90800,6524.49
90900,6531.44
91000,6538.38
91100,6545.36
91200,6552.38
91300,6559.41
91400,6566.43
91500,6573.42
91600,6580.36
91700,6587.34
91800,6594.31
91900,6601.27
92000,6608.28
92100,6615.33
92200,6622.42
92300,6629.61
92400,6636.8
92500,6644.05
92600,6651.31
92700,6658.59
92800,6665.77
92900,6672.92
93000,6680.06
93100,6687.15
93200,6694.2
93300,6701.19
93400,6708.15
93500,6715.1
93600,6722.06
93700,6729.09
93800,6736.15
93900,6743.24
94000,6750.35
94100,6757.35
94200,6764.38
94300,6771.39
94400,6778.35
94500,6785.33
94600,6792.26
94700,6799.21
94800,6806.23
94900,6813.24
95000,6820.28
95100,6827.33
95200,6834.41
95300,6841.48
95400,6848.54
95500,6855.56
95600,6862.59
95700,6869.64
95800,6876.7
95900,6883.73
96000,6890.81
96100,6897.87
96200,6904.91
96300,6911.93
96400,6918.96
96500,6925.99
96600,6933.04
96700,6940.07
96800,6947.13
96900,6954.16
97000,6961.17
97100,6968.16
97200,6975.13
97300,6982.02
97400,6988.95
97500,6995.87
97600,7002.82
97700,7009.74
97800,7016.66
97900,7023.59
98000,7030.58
98100,7037.54
98200,7044.49
98300,7051.47
98400,7058.48
98500,7065.45
98600,7072.44
98700,7079.47
98800,7086.46
98900,7093.45
99000,7100.4
99100,7107.36
99200,7114.34
99300,7121.33
99400,7128.29
99500,7135.28
99600,7142.32
99700,7149.31
99800,7156.37
99900,7163.43
