0,150.004
100,153.508
200,159.029
300,165.206
400,171.658
500,178.281
600,184.992
700,191.774
800,198.597
900,205.441
1000,212.366
1100,219.342
1200,226.261
1300,233.19
1400,240.157
1500,247.113
1600,254.06
1700,261.038
1800,268.037
1900,275.052
2000,282.072
2100,289.111
2200,296.174
2300,303.214
2400,310.283
2500,317.374
2600,324.448
2700,331.539
2800,338.648
2900,345.733
3000,352.745
3100,359.724
3200,366.668
3300,373.67
3400,380.644
3500,387.645
3600,394.679
3700,401.676
3800,408.684
3900,415.71
4000,422.812
4100,429.851
4200,436.89
4300,443.918
4400,450.933
4500,457.89
4600,464.879
4700,471.878
4800,478.855
4900,485.832
5000,492.837
5100,499.844
5200,506.874
5300,513.878
5400,520.857
5500,527.877
5600,534.871
5700,541.901
5800,548.852
5900,555.808
6000,562.783
6100,569.786
6200,576.794
6300,583.764
6400,590.773
6500,597.724
6600,604.683
6700,611.65
6800,618.613
6900,625.578
7000,632.504
7100,639.459
7200,646.419
7300,653.401
7400,660.337
7500,667.328
7600,674.297
7700,681.272
7800,688.249
7900,695.246
8000,702.258
8100,709.214
8200,716.2
8300,723.205
8400,730.241
8500,737.193
8600,744.178
8700,751.086
8800,758.014
8900,764.974
9000,771.995
9100,778.98
9200,785.97
9300,792.943
9400,799.934
9500,806.889
9600,813.872
9700,820.871
9800,827.855
9900,834.798
10000,841.712
10100,848.701
10200,855.719
10300,862.755
10400,869.853
10500,876.972
10600,884.075
10700,891.135
10800,898.121
10900,905.179
11000,912.231
11100,919.349
11200,926.47
11300,933.587
11400,940.71
11500,947.873
11600,955.011
11700,962.124
11800,969.185
11900,976.156
12000,983.162
12100,990.17
12200,997.197
12300,1004.22
12400,1011.28
12500,1018.26
12600,1025.21
12700,1032.18
12800,1039.15
12900,1046.12
13000,1053.11
13100,1060.08
13200,1067.05
13300,1074.01
13400,1080.92
13500,1087.81
13600,1094.77
13700,1101.7
13800,1108.64
13900,1115.58
14000,1122.52
14100,1129.5
14200,1136.5
14300,1143.48
14400,1150.45
14500,1157.39
14600,1164.36
14700,1171.33
14800,1178.33
14900,1185.31
15000,1192.3
15100,1199.35
15200,1206.43
15300,1213.5
15400,1220.51
15500,1227.51
15600,1234.5
15700,1241.5
15800,1248.42
15900,1255.45
16000,1262.52
16100,1269.54
16200,1276.58
16300,1283.56
16400,1290.61
16500,1297.68
16600,1304.69
16700,1311.71
16800,1318.73
16900,1325.75
17000,1332.74
17100,1339.75
17200,1346.78
17300,1353.81
17400,1360.83
17500,1367.84
17600,1374.89
17700,1381.91
17800,1388.97
17900,1396.02
18000,1403.06
18100,1410.08
18200,1417.15
18300,1424.21
18400,1431.28
18500,1438.31
18600,1445.34
18700,1452.4
18800,1459.42
18900,1466.45
19000,1473.46
19100,1480.46
19200,1487.44
19300,1494.41
19400,1501.37
19500,1508.37
19600,1515.4
19700,1522.42
19800,1529.45
19900,1536.45
20000,1543.41
20100,1550.34
20200,1557.23
20300,1564.18
20400,1571.13
20500,1578.09
20600,1585.03
20700,1591.99
20800,1598.94
20900,1605.97
21000,1613.04
21100,1620.07
21200,1627.1
21300,1634.17
21400,1641.2
21500,1648.25
21600,1655.28
21700,1662.31
21800,1669.35
21900,1676.4
22000,1683.39
22100,1690.37
22200,1697.34
22300,1704.35
22400,1711.3
22500,1718.26
22600,1725.24
22700,1732.19
22800,1739.12
22900,1746.09
23000,1753.06
23100,1760.05
23200,1767.12
23300,1774.18
23400,1781.24
23500,1788.29
23600,1795.33
23700,1802.33
23800,1809.31
23900,1816.25
24000,1823.21
24100,1830.14
24200,1837.09
24300,1844.05
24400,1851
24500,1857.94
24600,1864.89
24700,1871.84
24800,1878.76
24900,1885.68
25000,1892.62
25100,1899.63
25200,1906.62
25300,1913.65
25400,1920.65
25500,1927.63
25600,1934.58
25700,1941.58
25800,1948.56
25900,1955.57
26000,1962.55
26100,1969.53
26200,1976.56
26300,1983.56
26400,1990.63
26500,1997.67
26600,2004.74
26700,2011.78
26800,2018.81
26900,2025.87
27000,2032.87
27100,2039.86
27200,2046.84
27300,2053.86
27400,2060.88
27500,2067.88
27600,2074.93
27700,2081.97
27800,2088.98
27900,2096
28000,2103.03
28100,2110.01
28200,2117.07
28300,2124.13
28400,2131.19
28500,2138.29
28600,2145.39
28700,2152.51
28800,2159.65
28900,2166.82
29000,2174.04
29100,2181.29
29200,2188.52
29300,2195.77
29400,2203.03
29500,2210.28
29600,2217.5
29700,2224.67
29800,2231.82
29900,2238.95
30000,2246.05
30100,2253.16
30200,2260.25
30300,2267.28
30400,2274.33
30500,2281.38
30600,2288.46
30700,2295.52
30800,2302.55
30900,2309.56
31000,2316.51
31100,2323.55
31200,2330.61
31300,2337.68
31400,2344.76
31500,2351.84
31600,2358.95
31700,2366.04
31800,2373.12
31900,2380.13
32000,2387.11
32100,2394.1
32200,2401.09
32300,2408.11
32400,2415.09
32500,2422.06
32600,2429.05
32700,2436.03
32800,2443.09
32900,2450.16
33000,2457.19
33100,2464.21
33200,2471.22
33300,2478.25
33400,2485.29
33500,2492.27
33600,2499.23
33700,2506.2
33800,2513.13
33900,2520.07
34000,2527.06
34100,2534.09
34200,2541.09
34300,2548.09
34400,2555.14
34500,2562.22
34600,2569.29
34700,2576.34
34800,2583.43
34900,2590.44
35000,2597.43
35100,2604.49
35200,2611.55
35300,2618.61
35400,2625.69
35500,2632.76
35600,2639.8
35700,2646.84
35800,2653.9
35900,2660.93
36000,2667.93
36100,2674.93
36200,2681.99
36300,2689.04
36400,2696.11
36500,2703.15
36600,2710.19
36700,2717.2
36800,2724.21
36900,2731.2
37000,2738.22
37100,2745.25
37200,2752.28
37300,2759.34
37400,2766.32
37500,2773.39
37600,2780.42
37700,2787.46
37800,2794.58
37900,2801.73
38000,2808.83
38100,2815.94
38200,2823.01
38300,2830.05
38400,2837.07
38500,2844.14
38600,2851.25
38700,2858.27
38800,2865.28
38900,2872.32
39000,2879.41
39100,2886.43
39200,2893.43
39300,2900.45
39400,2907.44
39500,2914.39
39600,2921.36
39700,2928.37
39800,2935.4
39900,2942.42
40000,2949.43
40100,2956.45
40200,2963.52
40300,2970.59
40400,2977.68
40500,2984.75
40600,2991.81
40700,2998.86
40800,3005.86
40900,3012.87
41000,3019.84
41100,3026.82
41200,3033.86
41300,3040.86
41400,3047.79
41500,3054.71
41600,3061.7
41700,3068.66
41800,3075.67
41900,3082.67
42000,3089.63
42100,3096.63
42200,3103.64
42300,3110.67
42400,3117.67
42500,3124.64
42600,3131.62
42700,3138.6
42800,3145.56
42900,3152.49
43000,3159.38
43100,3166.3
43200,3173.24
43300,3180.21
43400,3187.2
43500,3194.19
43600,3201.16
43700,3208.15
43800,3215.12
43900,3222.11
44000,3229.16
44100,3236.21
44200,3243.18
44300,3250.17
44400,3257.21
44500,3264.24
44600,3271.29
44700,3278.35
44800,3285.33
44900,3292.32
45000,3299.36
45100,3306.44
45200,3313.54
45300,3320.71
45400,3327.9
45500,3335.1
45600,3342.37
45700,3349.67
45800,3356.93
45900,3364.14
46000,3371.42
46100,3378.66
46200,3385.85
46300,3393.03
46400,3400.18
46500,3407.26
46600,3414.28
46700,3421.3
46800,3428.34
46900,3435.33
47000,3442.41
47100,3449.47
47200,3456.53
47300,3463.59
47400,3470.6
47500,3477.64
47600,3484.68
47700,3491.73
47800,3498.79
47900,3505.89
48000,3512.91
48100,3519.88
48200,3526.84
48300,3533.79
48400,3540.79
48500,3547.78
48600,3554.77
48700,3561.78
48800,3568.83
48900,3575.88
49000,3582.93
49100,3590
49200,3597.04
49300,3604.06
49400,3611.07
49500,3618.07
49600,3625.03
49700,3632.04
49800,3639.07
49900,3646.11
50000,3653.13
50100,3660.16
50200,3667.18
50300,3674.2
50400,3681.19
50500,3688.16
50600,3695.19
50700,3702.21
50800,3709.22
50900,3716.22
51000,3723.25
51100,3730.26
51200,3737.25
51300,3744.25
51400,3751.21
51500,3758.17
51600,3765.12
51700,3772.08
51800,3779.03
51900,3786.02
52000,3793.04
52100,3800.07
52200,3807.08
52300,3814.07
52400,3821.05
52500,3828.02
52600,3834.96
52700,3841.89
52800,3848.9
52900,3855.92
53000,3862.91
53100,3869.9
53200,3876.9
53300,3883.97
53400,3891
53500,3898.05
53600,3905.14
53700,3912.24
53800,3919.32
53900,3926.33
54000,3933.33
54100,3940.36
54200,3947.35
54300,3954.32
54400,3961.25
54500,3968.21
54600,3975.19
54700,3982.21
54800,3989.24
54900,3996.23
55000,4003.21
55100,4010.13
55200,4017.06
55300,4024.05
55400,4031
55500,4037.93
55600,4044.87
55700,4051.8
55800,4058.7
55900,4065.62
56000,4072.6
56100,4079.61
56200,4086.65
56300,4093.72
56400,4100.76
56500,4107.78
56600,4114.79
56700,4121.78
56800,4128.74
56900,4135.75
57000,4142.71
57100,4149.73
57200,4156.76
57300,4163.81
57400,4170.81
57500,4177.8
57600,4184.78
57700,4191.74
57800,4198.68
57900,4205.69
58000,4212.7
58100,4219.73
58200,4226.75
58300,4233.76
58400,4240.77
58500,4247.77
58600,4254.72
58700,4261.66
58800,4268.63
58900,4275.62
59000,4282.6
59100,4289.58
59200,4296.57
59300,4303.61
59400,4310.59
59500,4317.63
59600,4324.67
59700,4331.75
59800,4338.82
59900,4345.85
60000,4352.84
60100,4359.8
60200,4366.83
60300,4373.84
60400,4380.86
60500,4387.88
60600,4394.85
60700,4401.84
60800,4408.78
60900,4415.73
61000,4422.7
61100,4429.65
61200,4436.53
61300,4443.44
61400,4450.36
61500,4457.34
61600,4464.35
61700,4471.4
61800,4478.47
61900,4485.49
62000,4492.52
62100,4499.54
62200,4506.59
62300,4513.65
62400,4520.66
62500,4527.66
62600,4534.66
62700,4541.75
62800,4548.79
62900,4555.78
63000,4562.78
63100,4569.77
63200,4576.75
63300,4583.72
63400,4590.71
63500,4597.73
63600,4604.77
63700,4611.78
63800,4618.79
63900,4625.77
64000,4632.77
64100,4639.75
64200,4646.7
64300,4653.67
64400,4660.62
64500,4667.57
64600,4674.54
64700,4681.51
64800,4688.46
64900,4695.4
65000,4702.38
65100,4709.32
65200,4716.31
65300,4723.32
65400,4730.38
65500,4737.46
65600,4744.49
65700,4751.51
65800,4758.55
65900,4765.55
66000,4772.52
66100,4779.58
66200,4786.63
66300,4793.62
66400,4800.62
66500,4807.67
66600,4814.7
66700,4821.63
66800,4828.61
66900,4835.52
67000,4842.47
67100,4849.42
67200,4856.39
67300,4863.36
67400,4870.31
67500,4877.29
67600,4884.35
67700,4891.41
67800,4898.52
67900,4905.63
68000,4912.71
68100,4919.78
68200,4926.79
68300,4933.81
68400,4940.85
68500,4947.92
68600,4955.03
68700,4962.1
68800,4969.14
68900,4976.22
69000,4983.33
69100,4990.5
69200,4997.62
69300,5004.68
69400,5011.76
69500,5018.82
69600,5025.86
69700,5032.87
69800,5039.92
69900,5046.98
70000,5054
70100,5061
70200,5067.94
70300,5074.9
70400,5081.84
70500,5088.8
70600,5095.78
70700,5102.71
70800,5109.66
70900,5116.66
71000,5123.65
71100,5130.64
71200,5137.69
71300,5144.71
71400,5151.81
71500,5158.92
71600,5166
71700,5173.07
71800,5180.16
71900,5187.29
72000,5194.37
72100,5201.48
72200,5208.56
72300,5215.66
72400,5222.8
72500,5229.95
72600,5237.1
72700,5244.27
72800,5251.51
72900,5258.78
73000,5266.04
73100,5273.37
73200,5280.71
73300,5288.17
73400,5295.67
73500,5303.21
73600,5310.91
73700,5318.74
73800,5326.65
73900,5334.51
74000,5342.3
74100,5349.9
74200,5357.31
74300,5364.59
74400,5371.8
74500,5379.01
74600,5386.23
74700,5393.48
74800,5400.75
74900,5407.99
75000,5415.21
75100,5422.4
75200,5429.61
75300,5436.83
75400,5444.04
75500,5451.24
75600,5458.46
75700,5465.65
75800,5472.83
75900,5480.07
76000,5487.28
76100,5494.48
76200,5501.69
76300,5508.83
76400,5516.07
76500,5523.26
76600,5530.48
76700,5537.69
76800,5544.79
76900,5551.9
77000,5558.99
77100,5566.05
77200,5573.07
77300,5580.06
77400,5587.02
77500,5594.02
77600,5601.04
77700,5608.07
77800,5615.1
77900,5622.19
78000,5629.31
78100,5636.44
78200,5643.65
78300,5650.86
78400,5658.08
78500,5665.29
78600,5672.54
78700,5679.81
78800,5687
78900,5694.22
79000,5701.4
79100,5708.62
79200,5715.78
79300,5722.92
79400,5730.03
79500,5737.13
79600,5744.19
79700,5751.22
79800,5758.28
79900,5765.3
80000,5772.37
80100,5779.46
80200,5786.47
80300,5793.52
80400,5800.59
80500,5807.65
80600,5814.71
80700,5821.77
80800,5828.83
80900,5835.89
81000,5842.89
81100,5849.9
81200,5856.88
81300,5863.86
81400,5870.88
81500,5877.93
81600,5884.98
81700,5892.05
81800,5899.13
81900,5906.21
82000,5913.28
82100,5920.3
82200,5927.34
82300,5934.38
82400,5941.43
82500,5948.44
82600,5955.48
82700,5962.45
82800,5969.43
82900,5976.43
83000,5983.43
83100,5990.4
83200,5997.33
83300,6004.28
83400,6011.19
83500,6018.12
83600,6025.07
83700,6031.97
83800,6038.92
83900,6045.81
84000,6052.73
84100,6059.7
84200,6066.68
84300,6073.67
84400,6080.66
84500,6087.69
84600,6094.72
84700,6101.76
84800,6108.85
84900,6115.91
85000,6122.94
85100,6129.96
85200,6136.94
85300,6143.95
85400,6150.91
85500,6157.9
85600,6164.96
85700,6172.04
85800,6179.11
85900,6186.16
86000,6193.17
86100,6200.16
86200,6207.11
86300,6214.06
86400,6221.06
86500,6228.07
86600,6235.12
86700,6242.15
86800,6249.18
86900,6256.23
87000,6263.31
87100,6270.37
87200,6277.44
87300,6284.47
87400,6291.53
87500,6298.56
87600,6305.54
87700,6312.52
87800,6319.52
87900,6326.53
88000,6333.53
88100,6340.54
88200,6347.56
88300,6354.6
88400,6361.65
88500,6368.68
88600,6375.66
88700,6382.65
88800,6389.66
88900,6396.69
89000,6403.76
89100,6410.83
89200,6417.86
89300,6424.87
89400,6431.88
89500,6438.89
89600,6445.88
89700,6452.9
89800,6459.89
89900,6466.88
90000,6473.91
90100,6480.89
90200,6487.85
90300,6494.84
90400,6501.88
90500,6508.91
90600,6515.95
90700,6523.03
90800,6530.07
90900,6537.11
91000,6544.11
91100,6551.15
91200,6558.14
91300,6565.15
91400,6572.17
91500,6579.14
91600,6586.14
91700,6593.16
91800,6600.22
91900,6607.28
92000,6614.35
92100,6621.42
92200,6628.55
92300,6635.72
92400,6642.89
92500,6650.07
92600,6657.19
92700,6664.33
92800,6671.5
92900,6678.55
93000,6685.58
93100,6692.67
93200,6699.73
93300,6706.77
93400,6713.78
93500,6720.8
93600,6727.83
93700,6734.86
93800,6741.9
93900,6748.95
94000,6755.98
94100,6762.97
94200,6769.99
94300,6777.01
94400,6784.07
94500,6791.12
94600,6798.15
94700,6805.17
94800,6812.22
94900,6819.26
95000,6826.42
95100,6833.61
95200,6840.8
95300,6848.07
95400,6855.42
95500,6862.74
95600,6870.06
95700,6877.35
95800,6884.64
95900,6891.88
96000,6899.09
96100,6906.3
96200,6913.51
96300,6920.7
96400,6927.84
96500,6934.92
96600,6942
96700,6949.09
96800,6956.15
96900,6963.19
97000,6970.26
97100,6977.31
97200,6984.33
97300,6991.34
97400,6998.38
97500,7005.34
97600,7012.37
97700,7019.43
97800,7026.46
97900,7033.49
98000,7040.51
98100,7047.51
98200,7054.54
98300,7061.63
98400,7068.74
98500,7075.81
98600,7082.91
98700,7089.99
98800,7097.01
98900,7104.07
99000,7111.11
99100,7118.09
99200,7125.05
99300,7131.96
99400,7138.88
99500,7145.91
99600,7152.86
99700,7159.8
99800,7166.71
99900,7173.67
