0,150.008
100,155.51
200,162.908
300,170.572
400,178.303
500,186.116
600,193.957
700,201.858
800,209.741
900,217.591
1000,225.474
1100,233.303
1200,241.201
1300,249.039
1400,256.872
1500,264.724
1600,272.587
1700,280.446
1800,288.295
1900,296.164
2000,304
2100,311.847
2200,319.682
2300,327.55
2400,335.357
2500,343.202
2600,351.033
2700,358.91
2800,366.764
2900,374.619
3000,382.455
3100,390.351
3200,398.218
3300,406.116
3400,413.993
3500,421.843
3600,429.692
3700,437.532
3800,445.391
3900,453.282
4000,461.171
4100,469.031
4200,476.873
4300,484.73
4400,492.572
4500,500.429
4600,508.302
4700,516.184
4800,524.037
4900,531.867
5000,539.737
5100,547.615
5200,555.467
5300,563.344
5400,571.243
5500,579.111
5600,587.025
5700,594.855
5800,602.711
5900,610.585
6000,618.416
6100,626.257
6200,634.116
6300,642.005
6400,649.866
6500,657.784
6600,665.653
6700,673.486
6800,681.363
6900,689.224
7000,697.078
7100,704.926
7200,712.762
7300,720.621
7400,728.462
7500,736.312
7600,744.164
7700,752.016
7800,759.902
7900,767.748
8000,775.611
8100,783.461
8200,791.33
8300,799.23
8400,807.093
8500,814.989
8600,822.871
8700,830.725
8800,838.586
8900,846.427
9000,854.278
9100,862.147
9200,869.993
9300,877.843
9400,885.703
9500,893.538
9600,901.389
9700,909.261
9800,917.125
9900,925.035
10000,932.946
10100,940.799
10200,948.663
10300,956.5
10400,964.34
10500,972.181
10600,980.015
10700,987.889
10800,995.736
10900,1003.58
11000,1011.44
11100,1019.31
11200,1027.2
11300,1035.06
11400,1042.9
11500,1050.75
11600,1058.59
11700,1066.45
11800,1074.34
11900,1082.21
12000,1090.1
12100,1097.97
12200,1105.8
12300,1113.69
12400,1121.58
12500,1129.47
12600,1137.36
12700,1145.23
12800,1153.06
12900,1160.89
13000,1168.75
13100,1176.64
13200,1184.48
13300,1192.34
13400,1200.19
13500,1208.03
13600,1215.87
13700,1223.79
13800,1231.68
13900,1239.55
14000,1247.43
14100,1255.27
14200,1263.13
14300,1271.01
14400,1278.91
14500,1286.77
14600,1294.68
14700,1302.54
14800,1310.37
14900,1318.23
15000,1326.12
15100,1333.98
15200,1341.81
15300,1349.67
15400,1357.56
15500,1365.43
15600,1373.26
15700,1381.12
15800,1389.01
15900,1396.86
16000,1404.72
16100,1412.57
16200,1420.41
16300,1428.24
16400,1436.07
16500,1443.94
16600,1451.79
16700,1459.64
16800,1467.5
16900,1475.36
17000,1483.22
17100,1491.05
17200,1498.96
17300,1506.84
17400,1514.73
17500,1522.62
17600,1530.44
17700,1538.26
17800,1546.1
17900,1553.96
18000,1561.83
18100,1569.68
18200,1577.56
18300,1585.41
18400,1593.26
18500,1601.07
18600,1608.93
18700,1616.76
18800,1624.65
18900,1632.53
19000,1640.38
19100,1648.29
19200,1656.16
19300,1664
19400,1671.83
19500,1679.67
19600,1687.53
19700,1695.41
19800,1703.26
19900,1711.11
20000,1718.95
20100,1726.77
20200,1734.62
20300,1742.5
20400,1750.32
20500,1758.15
20600,1765.98
20700,1773.81
20800,1781.63
20900,1789.49
21000,1797.35
21100,1805.23
21200,1813.08
21300,1820.91
21400,1828.76
21500,1836.65
21600,1844.5
21700,1852.37
21800,1860.24
21900,1868.09
22000,1875.94
22100,1883.81
22200,1891.64
22300,1899.46
22400,1907.31
22500,1915.14
22600,1922.98
22700,1930.82
22800,1938.69
22900,1946.53
23000,1954.37
23100,1962.25
23200,1970.15
23300,1978
23400,1985.86
23500,1993.69
23600,2001.54
23700,2009.4
23800,2017.27
23900,2025.17
24000,2033.01
24100,2040.87
24200,2048.7
24300,2056.55
24400,2064.4
24500,2072.29
24600,2080.15
24700,2088
24800,2095.86
24900,2103.7
25000,2111.6
25100,2119.46
25200,2127.31
25300,2135.18
25400,2143.04
25500,2150.89
25600,2158.77
25700,2166.64
25800,2174.48
25900,2182.33
26000,2190.15
26100,2197.96
26200,2205.84
26300,2213.72
26400,2221.61
26500,2229.48
26600,2237.42
26700,2245.35
26800,2253.21
26900,2261.05
27000,2268.93
27100,2276.81
27200,2284.69
27300,2292.52
27400,2300.37
27500,2308.24
27600,2316.1
27700,2323.96
27800,2331.82
27900,2339.69
28000,2347.57
28100,2355.41
28200,2363.28
28300,2371.16
28400,2378.99
28500,2386.86
28600,2394.76
28700,2402.64
28800,2410.51
28900,2418.44
29000,2426.34
29100,2434.24
29200,2442.08
29300,2449.94
29400,2457.81
29500,2465.68
29600,2473.57
29700,2481.44
29800,2489.27
29900,2497.15
30000,2504.99
30100,2512.81
30200,2520.63
30300,2528.47
30400,2536.34
30500,2544.19
30600,2552.05
30700,2559.93
30800,2567.8
30900,2575.64
31000,2583.48
31100,2591.31
31200,2599.19
31300,2607.05
31400,2614.9
31500,2622.77
31600,2630.65
31700,2638.48
31800,2646.34
31900,2654.22
32000,2662.09
32100,2669.96
32200,2677.84
32300,2685.67
32400,2693.53
32500,2701.32
32600,2709.14
32700,2716.99
32800,2724.83
32900,2732.69
33000,2740.5
33100,2748.35
33200,2756.24
33300,2764.09
33400,2771.93
33500,2779.8
33600,2787.67
33700,2795.5
33800,2803.34
33900,2811.2
34000,2819.03
34100,2826.89
34200,2834.77
34300,2842.63
34400,2850.47
34500,2858.34
34600,2866.2
34700,2874.09
34800,2881.99
34900,2889.86
35000,2897.74
35100,2905.6
35200,2913.47
35300,2921.33
35400,2929.21
35500,2937.05
35600,2944.92
35700,2952.77
35800,2960.62
35900,2968.44
36000,2976.31
36100,2984.16
36200,2991.99
36300,2999.85
36400,3007.7
36500,3015.59
36600,3023.48
36700,3031.34
36800,3039.23
36900,3047.09
37000,3054.98
37100,3062.85
37200,3070.75
37300,3078.63
37400,3086.49
37500,3094.34
37600,3102.19
37700,3110.02
37800,3117.85
37900,3125.71
38000,3133.57
38100,3141.43
38200,3149.26
38300,3157.11
38400,3165.01
38500,3172.89
38600,3180.74
38700,3188.61
38800,3196.47
38900,3204.3
39000,3212.12
39100,3219.98
39200,3227.87
39300,3235.72
39400,3243.58
39500,3251.45
39600,3259.32
39700,3267.18
39800,3275.02
39900,3282.91
40000,3290.77
40100,3298.66
40200,3306.53
40300,3314.4
40400,3322.25
40500,3330.14
40600,3337.97
40700,3345.84
40800,3353.73
40900,3361.6
41000,3369.48
41100,3377.36
41200,3385.24
41300,3393.09
41400,3400.92
41500,3408.78
41600,3416.63
41700,3424.52
41800,3432.39
41900,3440.23
42000,3448.05
42100,3455.94
42200,3463.79
42300,3471.65
42400,3479.53
42500,3487.4
42600,3495.24
42700,3503.09
42800,3510.98
42900,3518.82
43000,3526.68
43100,3534.56
43200,3542.41
43300,3550.26
43400,3558.1
43500,3565.95
43600,3573.79
43700,3581.66
43800,3589.53
43900,3597.39
44000,3605.26
44100,3613.09
44200,3620.95
44300,3628.82
44400,3636.65
44500,3644.51
44600,3652.39
44700,3660.23
44800,3668.12
44900,3675.96
45000,3683.78
45100,3691.61
45200,3699.48
45300,3707.37
45400,3715.21
45500,3723.04
45600,3730.87
45700,3738.72
45800,3746.57
45900,3754.47
46000,3762.35
46100,3770.22
46200,3778.05
46300,3785.9
46400,3793.75
46500,3801.59
46600,3809.44
46700,3817.31
46800,3825.2
46900,3833.06
47000,3840.92
47100,3848.74
47200,3856.61
47300,3864.49
47400,3872.34
47500,3880.2
47600,3888.04
47700,3895.9
47800,3903.74
47900,3911.59
48000,3919.4
48100,3927.23
48200,3935.09
48300,3942.93
48400,3950.8
48500,3958.66
48600,3966.55
48700,3974.4
48800,3982.26
48900,3990.1
49000,3997.96
49100,4005.82
49200,4013.66
49300,4021.52
49400,4029.38
49500,4037.24
49600,4045.12
49700,4052.98
49800,4060.85
49900,4068.74
50000,4076.62
50100,4084.49
50200,4092.33
50300,4100.19
50400,4108.04
50500,4115.93
50600,4123.83
50700,4131.7
50800,4139.58
50900,4147.46
51000,4155.3
51100,4163.15
51200,4171.03
51300,4178.86
51400,4186.72
51500,4194.56
51600,4202.39
51700,4210.26
51800,4218.14
51900,4226
52000,4233.87
52100,4241.74
52200,4249.63
52300,4257.5
52400,4265.37
52500,4273.26
52600,4281.09
52700,4288.94
52800,4296.79
52900,4304.66
53000,4312.51
53100,4320.35
53200,4328.2
53300,4336.03
53400,4343.86
53500,4351.7
53600,4359.53
53700,4367.39
53800,4375.2
53900,4383.04
54000,4390.87
54100,4398.71
54200,4406.57
54300,4414.46
54400,4422.29
54500,4430.15
54600,4438
54700,4445.83
54800,4453.66
54900,4461.53
55000,4469.38
55100,4477.21
55200,4485.06
55300,4492.9
55400,4500.74
55500,4508.55
55600,4516.38
55700,4524.22
55800,4532.05
55900,4539.89
56000,4547.73
56100,4555.56
56200,4563.42
56300,4571.28
56400,4579.13
56500,4586.95
56600,4594.8
56700,4602.68
56800,4610.51
56900,4618.35
57000,4626.2
57100,4634.01
57200,4641.87
57300,4649.75
57400,4657.61
57500,4665.45
57600,4673.35
57700,4681.24
57800,4689.11
57900,4697.02
58000,4704.88
58100,4712.77
58200,4720.67
58300,4728.52
58400,4736.37
58500,4744.22
58600,4752.04
58700,4759.9
58800,4767.79
58900,4775.65
59000,4783.52
59100,4791.36
59200,4799.22
59300,4807.05
59400,4814.91
59500,4822.75
59600,4830.58
59700,4838.45
59800,4846.26
59900,4854.08
60000,4861.94
60100,4869.78
60200,4877.64
60300,4885.52
60400,4893.38
60500,4901.23
60600,4909.08
60700,4916.94
60800,4924.79
60900,4932.67
61000,4940.55
61100,4948.39
61200,4956.25
61300,4964.1
61400,4971.98
61500,4979.86
61600,4987.73
61700,4995.57
61800,5003.42
61900,5011.3
62000,5019.17
62100,5027.01
62200,5034.86
62300,5042.72
62400,5050.54
62500,5058.39
62600,5066.23
62700,5074.09
62800,5081.94
62900,5089.78
63000,5097.62
63100,5105.46
63200,5113.29
63300,5121.17
63400,5129.04
63500,5136.92
63600,5144.78
63700,5152.68
63800,5160.58
63900,5168.49
64000,5176.37
64100,5184.28
64200,5192.18
64300,5200.07
64400,5207.94
64500,5215.8
64600,5223.7
64700,5231.55
64800,5239.4
64900,5247.28
65000,5255.14
65100,5263
65200,5270.86
65300,5278.67
65400,5286.55
65500,5294.44
65600,5302.32
65700,5310.18
65800,5318.05
65900,5325.93
66000,5333.79
66100,5341.65
66200,5349.52
66300,5357.34
66400,5365.22
66500,5373.06
66600,5380.9
66700,5388.77
66800,5396.63
66900,5404.46
67000,5412.31
67100,5420.18
67200,5428.08
67300,5435.91
67400,5443.74
67500,5451.58
67600,5459.43
67700,5467.31
67800,5475.15
67900,5483.01
68000,5490.85
68100,5498.71
68200,5506.58
68300,5514.46
68400,5522.33
68500,5530.21
68600,5538.1
68700,5545.98
68800,5553.84
68900,5561.7
69000,5569.54
69100,5577.41
69200,5585.29
69300,5593.13
69400,5601.02
69500,5608.9
69600,5616.79
69700,5624.72
69800,5632.57
69900,5640.44
70000,5648.32
70100,5656.17
70200,5664.02
70300,5671.85
70400,5679.71
70500,5687.56
70600,5695.44
70700,5703.31
70800,5711.16
70900,5719.03
71000,5726.92
71100,5734.76
71200,5742.62
71300,5750.47
71400,5758.37
71500,5766.22
71600,5774.06
71700,5781.92
71800,5789.78
71900,5797.67
72000,5805.55
72100,5813.42
72200,5821.29
72300,5829.14
72400,5837
72500,5844.87
72600,5852.76
72700,5860.6
72800,5868.46
72900,5876.34
73000,5884.2
73100,5892.05
73200,5899.89
73300,5907.75
73400,5915.61
73500,5923.48
73600,5931.32
73700,5939.15
73800,5947
73900,5954.85
74000,5962.66
74100,5970.5
74200,5978.36
74300,5986.24
74400,5994.12
74500,6001.97
74600,6009.82
74700,6017.67
74800,6025.52
74900,6033.38
75000,6041.23
75100,6049.08
75200,6056.92
75300,6064.78
75400,6072.63
75500,6080.49
75600,6088.33
75700,6096.18
75800,6103.97
75900,6111.81
76000,6119.62
76100,6127.49
76200,6135.37
76300,6143.22
76400,6151.06
76500,6158.88
76600,6166.78
76700,6174.62
76800,6182.47
76900,6190.33
77000,6198.16
77100,6206
77200,6213.85
77300,6221.7
77400,6229.58
77500,6237.43
77600,6245.3
77700,6253.12
77800,6260.99
77900,6268.83
78000,6276.68
78100,6284.51
78200,6292.34
78300,6300.16
78400,6307.97
78500,6315.82
78600,6323.65
78700,6331.52
78800,6339.36
78900,6347.23
79000,6355.13
79100,6362.99
79200,6370.88
79300,6378.78
79400,6386.62
79500,6394.49
79600,6402.36
79700,6410.22
79800,6418.05
79900,6425.94
80000,6433.76
80100,6441.63
80200,6449.52
80300,6457.42
80400,6465.3
80500,6473.14
80600,6481
80700,6488.86
80800,6496.74
80900,6504.63
81000,6512.54
81100,6520.42
81200,6528.29
81300,6536.2
81400,6544.11
81500,6551.95
81600,6559.8
81700,6567.67
81800,6575.57
81900,6583.4
82000,6591.22
82100,6599.05
82200,6606.88
82300,6614.74
82400,6622.6
82500,6630.44
82600,6638.29
82700,6646.17
82800,6654.03
82900,6661.88
83000,6669.73
83100,6677.6
83200,6685.44
83300,6693.32
83400,6701.19
83500,6709.05
83600,6716.9
83700,6724.74
83800,6732.6
83900,6740.45
84000,6748.26
84100,6756.1
84200,6763.97
84300,6771.84
84400,6779.65
84500,6787.51
84600,6795.37
84700,6803.22
84800,6811.07
84900,6818.98
85000,6826.87
85100,6834.74
85200,6842.6
85300,6850.46
85400,6858.33
85500,6866.18
85600,6874.04
85700,6881.89
85800,6889.74
85900,6897.62
86000,6905.51
86100,6913.38
86200,6921.23
86300,6929.14
86400,6937
86500,6944.81
86600,6952.69
86700,6960.57
86800,6968.46
86900,6976.3
87000,6984.18
87100,6992.05
87200,6999.91
87300,7007.79
87400,7015.63
87500,7023.49
87600,7031.33
87700,7039.17
87800,7047.02
87900,7054.9
88000,7062.73
88100,7070.57
88200,7078.43
88300,7086.26
88400,7094.13
88500,7102
88600,7109.85
88700,7117.69
88800,7125.55
88900,7133.4
89000,7141.23
89100,7149.04
89200,7156.9
89300,7164.73
89400,7172.57
89500,7180.45
89600,7188.32
89700,7196.18
89800,7204.04
89900,7211.94
90000,7219.84
90100,7227.71
90200,7235.55
90300,7243.41
90400,7251.29
90500,7259.12
90600,7266.95
90700,7274.78
90800,7282.61
90900,7290.49
91000,7298.33
91100,7306.23
91200,7314.07
91300,7321.93
91400,7329.77
91500,7337.59
91600,7345.43
91700,7353.29
91800,7361.17
91900,7369.04
92000,7376.89
92100,7384.77
92200,7392.64
92300,7400.53
92400,7408.42
92500,7416.3
92600,7424.14
92700,7431.99
92800,7439.87
92900,7447.73
93000,7455.57
93100,7463.43
93200,7471.29
93300,7479.12
93400,7486.96
93500,7494.8
93600,7502.61
93700,7510.42
93800,7518.28
93900,7526.14
94000,7533.97
94100,7541.81
94200,7549.68
94300,7557.56
94400,7565.42
94500,7573.27
94600,7581.13
94700,7588.99
94800,7596.82
94900,7604.65
95000,7612.5
95100,7620.35
95200,7628.18
95300,7636.02
95400,7643.88
95500,7651.74
95600,7659.61
95700,7667.47
95800,7675.33
95900,7683.16
96000,7691
96100,7698.87
96200,7706.69
96300,7714.52
96400,7722.38
96500,7730.23
96600,7738.1
96700,7745.98
96800,7753.84
96900,7761.68
97000,7769.52
97100,7777.38
97200,7785.23
97300,7793.08
97400,7800.97
97500,7808.84
97600,7816.66
97700,7824.53
97800,7832.39
97900,7840.23
98000,7848.08
98100,7855.95
98200,7863.8
98300,7871.67
98400,7879.53
98500,7887.38
98600,7895.25
98700,7903.1
98800,7910.93
98900,7918.81
99000,7926.62
99100,7934.48
99200,7942.32
99300,7950.19
99400,7958.03
99500,7965.88
99600,7973.72
99700,7981.57
99800,7989.41
99900,7997.25
