0,150.008
100,155.511
200,162.9
300,170.637
400,178.459
500,186.31
600,194.144
700,202.004
800,209.847
900,217.673
1000,225.496
1100,233.35
1200,241.238
1300,249.096
1400,256.911
1500,264.742
1600,272.596
1700,280.445
1800,288.322
1900,296.187
2000,304.02
2100,311.866
2200,319.702
2300,327.545
2400,335.403
2500,343.27
2600,351.129
2700,358.974
2800,366.827
2900,374.686
3000,382.541
3100,390.438
3200,398.306
3300,406.145
3400,413.999
3500,421.863
3600,429.743
3700,437.596
3800,445.418
3900,453.257
4000,461.123
4100,468.989
4200,476.846
4300,484.699
4400,492.543
4500,500.378
4600,508.189
4700,516.031
4800,523.858
4900,531.697
5000,539.533
5100,547.365
5200,555.224
5300,563.11
5400,570.968
5500,578.796
5600,586.667
5700,594.502
5800,602.369
5900,610.211
6000,618.028
6100,625.845
6200,633.675
6300,641.586
6400,649.465
6500,657.361
6600,665.22
6700,673.104
6800,680.991
6900,688.855
7000,696.709
7100,704.58
7200,712.424
7300,720.338
7400,728.164
7500,735.987
7600,743.815
7700,751.646
7800,759.482
7900,767.321
8000,775.166
8100,783.028
8200,790.88
8300,798.706
8400,806.594
8500,814.428
8600,822.286
8700,830.135
8800,838.009
8900,845.894
9000,853.765
9100,861.635
9200,869.473
9300,877.297
9400,885.156
9500,893.01
9600,900.863
9700,908.72
9800,916.6
9900,924.473
10000,932.312
10100,940.124
10200,947.94
10300,955.791
10400,963.64
10500,971.512
10600,979.351
10700,987.192
10800,995.041
10900,1002.93
11000,1010.76
11100,1018.6
11200,1026.45
11300,1034.31
11400,1042.17
11500,1050
11600,1057.86
11700,1065.74
11800,1073.62
11900,1081.51
12000,1089.34
12100,1097.18
12200,1105.02
12300,1112.88
12400,1120.74
12500,1128.63
12600,1136.52
12700,1144.4
12800,1152.25
12900,1160.12
13000,1167.97
13100,1175.83
13200,1183.66
13300,1191.51
13400,1199.37
13500,1207.27
13600,1215.11
13700,1222.97
13800,1230.8
13900,1238.64
14000,1246.47
14100,1254.32
14200,1262.21
14300,1270.04
14400,1277.89
14500,1285.72
14600,1293.55
14700,1301.41
14800,1309.23
14900,1317.11
15000,1324.96
15100,1332.84
15200,1340.7
15300,1348.57
15400,1356.47
15500,1364.37
15600,1372.21
15700,1380.02
15800,1387.86
15900,1395.72
16000,1403.57
16100,1411.43
16200,1419.32
16300,1427.16
16400,1435.02
16500,1442.85
16600,1450.68
16700,1458.53
16800,1466.37
16900,1474.2
17000,1482.02
17100,1489.84
17200,1497.68
17300,1505.5
17400,1513.36
17500,1521.2
17600,1529.05
17700,1536.91
17800,1544.79
17900,1552.61
18000,1560.43
18100,1568.31
18200,1576.18
18300,1584.03
18400,1591.89
18500,1599.78
18600,1607.67
18700,1615.55
18800,1623.39
18900,1631.23
19000,1639.07
19100,1646.93
19200,1654.81
19300,1662.66
19400,1670.48
19500,1678.32
19600,1686.19
19700,1694.02
19800,1701.9
19900,1709.77
20000,1717.65
20100,1725.53
20200,1733.37
20300,1741.21
20400,1749.04
20500,1756.91
20600,1764.75
20700,1772.62
20800,1780.5
20900,1788.39
21000,1796.25
21100,1804.08
21200,1811.92
21300,1819.76
21400,1827.62
21500,1835.5
21600,1843.35
21700,1851.2
21800,1859.05
21900,1866.9
22000,1874.76
22100,1882.63
22200,1890.48
22300,1898.34
22400,1906.2
22500,1914.07
22600,1921.92
22700,1929.76
22800,1937.6
22900,1945.44
23000,1953.28
23100,1961.11
23200,1968.99
23300,1976.87
23400,1984.79
23500,1992.67
23600,2000.54
23700,2008.38
23800,2016.23
23900,2024.1
24000,2031.94
24100,2039.78
24200,2047.65
24300,2055.55
24400,2063.46
24500,2071.29
24600,2079.14
24700,2086.98
24800,2094.8
24900,2102.66
25000,2110.51
25100,2118.32
25200,2126.18
25300,2134.04
25400,2141.88
25500,2149.72
25600,2157.59
25700,2165.44
25800,2173.32
25900,2181.17
26000,2189.07
26100,2196.92
26200,2204.8
26300,2212.67
26400,2220.5
26500,2228.34
26600,2236.22
26700,2244.07
26800,2251.93
26900,2259.78
27000,2267.62
27100,2275.48
27200,2283.36
27300,2291.21
27400,2299.04
27500,2306.91
27600,2314.76
27700,2322.63
27800,2330.47
27900,2338.35
28000,2346.23
28100,2354.1
28200,2361.99
28300,2369.88
28400,2377.75
28500,2385.6
28600,2393.4
28700,2401.26
28800,2409.12
28900,2416.98
29000,2424.83
29100,2432.72
29200,2440.53
29300,2448.4
29400,2456.25
29500,2464.1
29600,2471.97
29700,2479.79
29800,2487.63
29900,2495.48
30000,2503.31
30100,2511.16
30200,2518.99
30300,2526.85
30400,2534.71
30500,2542.55
30600,2550.42
30700,2558.27
30800,2566.14
30900,2573.99
31000,2581.84
31100,2589.69
31200,2597.52
31300,2605.38
31400,2613.26
31500,2621.07
31600,2628.91
31700,2636.78
31800,2644.64
31900,2652.49
32000,2660.35
32100,2668.18
32200,2675.99
32300,2683.78
32400,2691.64
32500,2699.51
32600,2707.36
32700,2715.2
32800,2723.04
32900,2730.91
33000,2738.74
33100,2746.58
33200,2754.45
33300,2762.32
33400,2770.16
33500,2778.04
33600,2785.89
33700,2793.75
33800,2801.6
33900,2809.46
34000,2817.32
34100,2825.17
34200,2832.98
34300,2840.82
34400,2848.66
34500,2856.5
34600,2864.34
34700,2872.17
34800,2879.98
34900,2887.81
35000,2895.64
35100,2903.46
35200,2911.28
35300,2919.15
35400,2927
35500,2934.87
35600,2942.72
35700,2950.56
35800,2958.41
35900,2966.28
36000,2974.12
36100,2981.94
36200,2989.81
36300,2997.64
36400,3005.49
36500,3013.34
36600,3021.2
36700,3029.09
36800,3036.91
36900,3044.79
37000,3052.67
37100,3060.53
37200,3068.4
37300,3076.25
37400,3084.09
37500,3091.95
37600,3099.8
37700,3107.7
37800,3115.57
37900,3123.43
38000,3131.27
38100,3139.11
38200,3146.95
38300,3154.79
38400,3162.66
38500,3170.5
38600,3178.37
38700,3186.24
38800,3194.12
38900,3202
39000,3209.87
39100,3217.73
39200,3225.55
39300,3233.4
39400,3241.23
39500,3249.1
39600,3256.98
39700,3264.84
39800,3272.7
39900,3280.58
40000,3288.45
40100,3296.3
40200,3304.15
40300,3312.01
40400,3319.89
40500,3327.78
40600,3335.62
40700,3343.5
40800,3351.35
40900,3359.18
41000,3367.07
41100,3374.95
41200,3382.8
41300,3390.65
41400,3398.52
41500,3406.39
41600,3414.24
41700,3422.11
41800,3429.95
41900,3437.79
42000,3445.65
42100,3453.48
42200,3461.34
42300,3469.21
42400,3477.08
42500,3484.9
42600,3492.76
42700,3500.63
42800,3508.5
42900,3516.36
43000,3524.24
43100,3532.1
43200,3539.97
43300,3547.81
43400,3555.66
43500,3563.5
43600,3571.32
43700,3579.16
43800,3586.99
43900,3594.87
44000,3602.73
44100,3610.57
44200,3618.45
44300,3626.33
44400,3634.18
44500,3642.04
44600,3649.91
44700,3657.77
44800,3665.62
44900,3673.49
45000,3681.36
45100,3689.22
45200,3697.06
45300,3704.9
45400,3712.76
45500,3720.6
45600,3728.45
45700,3736.29
45800,3744.17
45900,3752.02
46000,3759.89
46100,3767.73
46200,3775.59
46300,3783.44
46400,3791.31
46500,3799.19
46600,3807.03
46700,3814.91
46800,3822.79
46900,3830.69
47000,3838.56
47100,3846.42
47200,3854.26
47300,3862.13
47400,3870.04
47500,3877.88
47600,3885.75
47700,3893.59
47800,3901.44
47900,3909.33
48000,3917.18
48100,3925.02
48200,3932.88
48300,3940.73
48400,3948.56
48500,3956.42
48600,3964.27
48700,3972.11
48800,3979.96
48900,3987.81
49000,3995.66
49100,4003.51
49200,4011.38
49300,4019.22
49400,4027.07
49500,4034.94
49600,4042.8
49700,4050.65
49800,4058.53
49900,4066.41
50000,4074.27
50100,4082.16
50200,4090.01
50300,4097.86
50400,4105.71
50500,4113.57
50600,4121.46
50700,4129.33
50800,4137.2
50900,4145.09
51000,4152.93
51100,4160.77
51200,4168.62
51300,4176.46
51400,4184.3
51500,4192.12
51600,4199.95
51700,4207.8
51800,4215.66
51900,4223.54
52000,4231.37
52100,4239.25
52200,4247.15
52300,4255.01
52400,4262.87
52500,4270.73
52600,4278.6
52700,4286.47
52800,4294.29
52900,4302.15
53000,4310.01
53100,4317.86
53200,4325.75
53300,4333.63
53400,4341.5
53500,4349.35
53600,4357.23
53700,4365.08
53800,4372.94
53900,4380.82
54000,4388.68
54100,4396.55
54200,4404.44
54300,4412.27
54400,4420.11
54500,4427.96
54600,4435.84
54700,4443.72
54800,4451.61
54900,4459.48
55000,4467.39
55100,4475.3
55200,4483.16
55300,4491.06
55400,4498.94
55500,4506.87
55600,4514.78
55700,4522.65
55800,4530.49
55900,4538.36
56000,4546.23
56100,4554.07
56200,4561.91
56300,4569.73
56400,4577.56
56500,4585.41
56600,4593.29
56700,4601.13
56800,4608.99
56900,4616.82
57000,4624.66
57100,4632.49
57200,4640.33
57300,4648.17
57400,4655.99
57500,4663.87
57600,4671.73
57700,4679.61
57800,4687.49
57900,4695.36
58000,4703.22
58100,4711.04
58200,4718.89
58300,4726.74
58400,4734.56
58500,4742.42
58600,4750.33
58700,4758.22
58800,4766.09
58900,4773.94
59000,4781.78
59100,4789.6
59200,4797.41
59300,4805.27
59400,4813.12
59500,4820.96
59600,4828.84
59700,4836.7
59800,4844.59
59900,4852.47
60000,4860.37
60100,4868.25
60200,4876.14
60300,4884
60400,4891.89
60500,4899.77
60600,4907.64
60700,4915.51
60800,4923.35
60900,4931.2
61000,4939.06
61100,4946.89
61200,4954.75
61300,4962.61
61400,4970.44
61500,4978.29
61600,4986.11
61700,4994
61800,5001.88
61900,5009.72
62000,5017.59
62100,5025.48
62200,5033.33
62300,5041.18
62400,5049.08
62500,5056.98
62600,5064.81
62700,5072.71
62800,5080.55
62900,5088.4
63000,5096.22
63100,5104.08
63200,5111.95
63300,5119.8
63400,5127.65
63500,5135.48
63600,5143.35
63700,5151.19
63800,5159.03
63900,5166.82
64000,5174.68
64100,5182.52
64200,5190.36
64300,5198.22
64400,5206.1
64500,5213.99
64600,5221.84
64700,5229.72
64800,5237.56
64900,5245.41
65000,5253.26
65100,5261.11
65200,5269.01
65300,5276.88
65400,5284.72
65500,5292.57
65600,5300.42
65700,5308.29
65800,5316.18
65900,5324.07
66000,5331.96
66100,5339.82
66200,5347.68
66300,5355.55
66400,5363.41
66500,5371.3
66600,5379.17
66700,5387.04
66800,5394.92
66900,5402.81
67000,5410.7
67100,5418.59
67200,5426.45
67300,5434.34
67400,5442.19
67500,5450.07
67600,5457.93
67700,5465.76
67800,5473.61
67900,5481.46
68000,5489.3
68100,5497.17
68200,5505.04
68300,5512.88
68400,5520.73
68500,5528.55
68600,5536.39
68700,5544.23
68800,5552.08
68900,5559.93
69000,5567.77
69100,5575.61
69200,5583.46
69300,5591.29
69400,5599.12
69500,5606.99
69600,5614.85
69700,5622.75
69800,5630.57
69900,5638.42
70000,5646.22
70100,5654.03
70200,5661.85
70300,5669.68
70400,5677.54
70500,5685.37
70600,5693.25
70700,5701.13
70800,5708.98
70900,5716.86
71000,5724.72
71100,5732.58
71200,5740.4
71300,5748.26
71400,5756.14
71500,5763.96
71600,5771.78
71700,5779.61
71800,5787.49
71900,5795.36
72000,5803.24
72100,5811.07
72200,5818.9
72300,5826.77
72400,5834.62
72500,5842.49
72600,5850.36
72700,5858.23
72800,5866.12
72900,5873.97
73000,5881.82
73100,5889.7
73200,5897.6
73300,5905.54
73400,5913.39
73500,5921.24
73600,5929.15
73700,5937.02
73800,5944.88
73900,5952.75
74000,5960.62
74100,5968.47
74200,5976.34
74300,5984.18
74400,5992.04
74500,5999.91
74600,6007.78
74700,6015.64
74800,6023.52
74900,6031.37
75000,6039.24
75100,6047.08
75200,6054.91
75300,6062.74
75400,6070.61
75500,6078.46
75600,6086.33
75700,6094.16
75800,6102.01
75900,6109.81
76000,6117.66
76100,6125.52
76200,6133.39
76300,6141.29
76400,6149.14
76500,6157
76600,6164.86
76700,6172.72
76800,6180.6
76900,6188.45
77000,6196.32
77100,6204.2
77200,6212.07
77300,6219.94
77400,6227.77
77500,6235.61
77600,6243.49
77700,6251.36
77800,6259.23
77900,6267.07
78000,6274.94
78100,6282.79
78200,6290.63
78300,6298.49
78400,6306.35
78500,6314.22
78600,6322.06
78700,6329.87
78800,6337.72
78900,6345.59
79000,6353.46
79100,6361.32
79200,6369.16
79300,6377.03
79400,6384.85
79500,6392.65
79600,6400.48
79700,6408.37
79800,6416.23
79900,6424.09
80000,6431.92
80100,6439.79
80200,6447.67
80300,6455.54
80400,6463.37
80500,6471.25
80600,6479.12
80700,6486.97
80800,6494.81
80900,6502.65
81000,6510.48
81100,6518.3
81200,6526.14
81300,6534
81400,6541.88
81500,6549.77
81600,6557.63
81700,6565.49
81800,6573.36
81900,6581.24
82000,6589.08
82100,6596.94
82200,6604.81
82300,6612.67
82400,6620.51
82500,6628.4
82600,6636.25
82700,6644.11
82800,6651.98
82900,6659.84
83000,6667.72
83100,6675.58
83200,6683.43
83300,6691.31
83400,6699.18
83500,6707.07
83600,6714.9
83700,6722.76
83800,6730.62
83900,6738.49
84000,6746.35
84100,6754.23
84200,6762.12
84300,6769.97
84400,6777.79
84500,6785.63
84600,6793.44
84700,6801.29
84800,6809.16
84900,6817
85000,6824.8
85100,6832.69
85200,6840.57
85300,6848.42
85400,6856.25
85500,6864.09
85600,6871.98
85700,6879.8
85800,6887.6
85900,6895.44
86000,6903.27
86100,6911.15
86200,6919.04
86300,6926.86
86400,6934.73
86500,6942.58
86600,6950.47
86700,6958.34
86800,6966.21
86900,6974.08
87000,6981.97
87100,6989.84
87200,6997.66
87300,7005.5
87400,7013.36
87500,7021.21
87600,7029.08
87700,7036.97
87800,7044.81
87900,7052.66
88000,7060.52
88100,7068.4
88200,7076.27
88300,7084.11
88400,7091.99
88500,7099.83
88600,7107.68
88700,7115.57
88800,7123.45
88900,7131.31
89000,7139.17
89100,7147.03
89200,7154.91
89300,7162.76
89400,7170.57
89500,7178.44
89600,7186.34
89700,7194.26
89800,7202.13
89900,7209.96
90000,7217.85
90100,7225.7
90200,7233.57
90300,7241.44
90400,7249.3
90500,7257.16
90600,7265.03
90700,7272.91
90800,7280.79
90900,7288.67
91000,7296.54
91100,7304.46
91200,7312.35
91300,7320.22
91400,7328.05
91500,7335.91
91600,7343.78
91700,7351.63
91800,7359.52
91900,7367.36
92000,7375.24
92100,7383.13
92200,7391.01
92300,7398.85
92400,7406.72
92500,7414.58
92600,7422.47
92700,7430.31
92800,7438.18
92900,7446.04
93000,7453.93
93100,7461.78
93200,7469.65
93300,7477.5
93400,7485.35
93500,7493.23
93600,7501.08
93700,7508.93
93800,7516.8
93900,7524.64
94000,7532.46
94100,7540.31
94200,7548.19
94300,7556.09
94400,7563.98
94500,7571.85
94600,7579.76
94700,7587.6
94800,7595.46
94900,7603.36
95000,7611.21
95100,7619.08
95200,7626.96
95300,7634.84
95400,7642.67
95500,7650.53
95600,7658.38
95700,7666.24
95800,7674.11
95900,7681.96
96000,7689.8
96100,7697.64
96200,7705.5
96300,7713.4
96400,7721.28
96500,7729.18
96600,7737.05
96700,7744.91
96800,7752.82
96900,7760.67
97000,7768.51
97100,7776.32
97200,7784.14
97300,7791.96
97400,7799.82
97500,7807.69
97600,7815.54
97700,7823.4
97800,7831.23
97900,7839.08
98000,7846.92
98100,7854.77
98200,7862.61
98300,7870.45
98400,7878.3
98500,7886.15
98600,7894.02
98700,7901.87
98800,7909.75
98900,7917.6
99000,7925.46
99100,7933.31
99200,7941.14
99300,7948.99
99400,7956.85
99500,7964.75
99600,7972.61
99700,7980.49
99800,7988.36
99900,7996.26
