0,150.005
100,153.542
200,159.044
300,165.196
400,171.618
500,178.243
600,184.962
700,191.746
800,198.577
900,205.423
1000,212.351
1100,219.285
1200,226.281
1300,233.293
1400,240.294
1500,247.235
1600,254.205
1700,261.135
1800,268.083
1900,275.04
2000,282.014
2100,289.049
2200,296.019
2300,302.93
2400,309.902
2500,316.899
2600,323.921
2700,330.962
2800,337.969
2900,344.973
3000,351.943
3100,358.895
3200,365.862
3300,372.803
3400,379.795
3500,386.768
3600,393.697
3700,400.685
3800,407.663
3900,414.671
4000,421.708
4100,428.734
4200,435.75
4300,442.81
4400,449.866
4500,456.941
4600,464.042
4700,471.091
4800,478.217
4900,485.315
5000,492.472
5100,499.536
5200,506.687
5300,513.77
5400,520.841
5500,527.891
5600,534.882
5700,541.87
5800,548.842
5900,555.85
6000,562.841
6100,569.795
6200,576.765
6300,583.794
6400,590.797
6500,597.81
6600,604.797
6700,611.755
6800,618.722
6900,625.704
7000,632.645
7100,639.588
7200,646.579
7300,653.529
7400,660.545
7500,667.571
7600,674.619
7700,681.73
7800,688.829
7900,695.983
8000,703.097
8100,710.27
8200,717.494
8300,724.708
8400,731.901
8500,739.11
8600,746.281
8700,753.462
8800,760.611
8900,767.748
9000,774.87
9100,781.936
9200,788.999
9300,796.077
9400,803.176
9500,810.277
9600,817.371
9700,824.439
9800,831.508
9900,838.559
10000,845.571
10100,852.626
10200,859.669
10300,866.662
10400,873.668
10500,880.678
10600,887.65
10700,894.626
10800,901.635
10900,908.711
11000,915.77
11100,922.848
11200,929.915
11300,936.995
11400,944.049
11500,951.121
11600,958.191
11700,965.24
11800,972.267
11900,979.247
12000,986.249
12100,993.224
12200,1000.24
12300,1007.21
12400,1014.16
12500,1021.18
12600,1028.15
12700,1035.09
12800,1042.07
12900,1049.05
13000,1056.04
13100,1063.05
13200,1070.09
13300,1077.17
13400,1084.2
13500,1091.24
13600,1098.25
13700,1105.25
13800,1112.27
13900,1119.34
14000,1126.39
14100,1133.44
14200,1140.47
14300,1147.49
14400,1154.48
14500,1161.46
14600,1168.37
14700,1175.3
14800,1182.27
14900,1189.24
15000,1196.22
15100,1203.21
15200,1210.18
15300,1217.16
15400,1224.14
15500,1231.12
15600,1238.13
15700,1245.18
15800,1252.2
15900,1259.3
16000,1266.39
16100,1273.47
16200,1280.56
16300,1287.65
16400,1294.75
16500,1301.91
16600,1309.04
16700,1316.21
16800,1323.4
16900,1330.55
17000,1337.75
17100,1344.94
17200,1352.14
17300,1359.31
17400,1366.45
17500,1373.54
17600,1380.67
17700,1387.75
17800,1394.82
17900,1401.9
18000,1408.96
18100,1415.99
18200,1423.07
18300,1430.16
18400,1437.21
18500,1444.26
18600,1451.31
18700,1458.32
18800,1465.29
18900,1472.22
19000,1479.17
19100,1486.16
19200,1493.13
19300,1500.09
19400,1507.11
19500,1514.13
19600,1521.16
19700,1528.19
19800,1535.25
19900,1542.28
20000,1549.26
20100,1556.22
20200,1563.26
20300,1570.32
20400,1577.36
20500,1584.46
20600,1591.56
20700,1598.62
20800,1605.65
20900,1612.73
21000,1619.76
21100,1626.8
21200,1633.87
21300,1640.91
21400,1647.93
21500,1654.93
21600,1661.89
21700,1668.94
21800,1675.97
21900,1682.93
22000,1689.93
22100,1696.91
22200,1703.9
22300,1710.91
22400,1717.88
22500,1724.85
22600,1731.9
22700,1738.92
22800,1745.93
22900,1752.95
23000,1760.05
23100,1767.2
23200,1774.33
23300,1781.47
23400,1788.52
23500,1795.56
23600,1802.61
23700,1809.64
23800,1816.65
23900,1823.6
24000,1830.56
24100,1837.57
24200,1844.53
24300,1851.5
24400,1858.5
24500,1865.47
24600,1872.48
24700,1879.48
24800,1886.49
24900,1893.5
25000,1900.56
25100,1907.57
25200,1914.57
25300,1921.55
25400,1928.59
25500,1935.61
25600,1942.58
25700,1949.61
25800,1956.57
25900,1963.54
26000,1970.5
26100,1977.48
26200,1984.49
26300,1991.46
26400,1998.41
26500,2005.39
26600,2012.39
26700,2019.43
26800,2026.44
26900,2033.46
27000,2040.46
27100,2047.51
27200,2054.55
27300,2061.59
27400,2068.62
27500,2075.6
27600,2082.62
27700,2089.66
27800,2096.66
27900,2103.71
28000,2110.85
28100,2118.05
28200,2125.3
28300,2132.48
28400,2139.72
28500,2146.9
28600,2154.07
28700,2161.27
28800,2168.39
28900,2175.5
29000,2182.61
29100,2189.76
29200,2196.83
29300,2203.9
29400,2210.96
29500,2218.03
29600,2225.14
29700,2232.27
29800,2239.4
29900,2246.52
30000,2253.59
30100,2260.66
30200,2267.73
30300,2274.81
30400,2281.89
30500,2288.96
30600,2296.02
30700,2303.08
30800,2310.08
30900,2317.07
31000,2324.14
31100,2331.18
31200,2338.24
31300,2345.33
31400,2352.36
31500,2359.35
31600,2366.31
31700,2373.3
31800,2380.31
31900,2387.35
32000,2394.41
32100,2401.46
32200,2408.52
32300,2415.61
32400,2422.7
32500,2429.79
32600,2436.89
32700,2444.02
32800,2451.12
32900,2458.3
33000,2465.56
33100,2472.87
33200,2480.22
33300,2487.67
33400,2495.12
33500,2502.48
33600,2509.8
33700,2517.06
33800,2524.36
33900,2531.6
34000,2538.8
34100,2546.02
34200,2553.24
34300,2560.38
34400,2567.44
34500,2574.51
34600,2581.59
34700,2588.67
34800,2595.77
34900,2602.8
35000,2609.83
35100,2616.83
35200,2623.83
35300,2630.84
35400,2637.86
35500,2644.91
35600,2651.98
35700,2659.02
35800,2666.1
35900,2673.16
36000,2680.25
36100,2687.3
36200,2694.35
36300,2701.37
36400,2708.39
36500,2715.36
36600,2722.36
36700,2729.37
36800,2736.38
36900,2743.43
37000,2750.51
37100,2757.58
37200,2764.64
37300,2771.66
37400,2778.71
37500,2785.76
37600,2792.82
37700,2799.89
37800,2806.95
37900,2814.02
38000,2821.07
38100,2828.09
38200,2835.07
38300,2842.03
38400,2848.97
38500,2855.92
38600,2862.82
38700,2869.77
38800,2876.72
38900,2883.67
39000,2890.61
39100,2897.56
39200,2904.51
39300,2911.48
39400,2918.39
39500,2925.32
39600,2932.23
39700,2939.14
39800,2946.09
39900,2953.04
40000,2959.96
40100,2966.9
40200,2973.83
40300,2980.77
40400,2987.73
40500,2994.71
40600,3001.67
40700,3008.67
40800,3015.7
40900,3022.7
41000,3029.66
41100,3036.61
41200,3043.59
41300,3050.59
41400,3057.58
41500,3064.56
41600,3071.59
41700,3078.62
41800,3085.57
41900,3092.57
42000,3099.66
42100,3106.74
42200,3113.93
42300,3121.18
42400,3128.34
42500,3135.55
42600,3142.72
42700,3149.92
42800,3157.04
42900,3164.16
43000,3171.23
43100,3178.26
43200,3185.27
43300,3192.3
43400,3199.38
43500,3206.48
43600,3213.58
43700,3220.75
43800,3228
43900,3235.3
44000,3242.59
44100,3249.93
44200,3257.3
44300,3264.63
44400,3271.91
44500,3279.1
44600,3286.27
44700,3293.36
44800,3300.44
44900,3307.52
45000,3314.65
45100,3321.75
45200,3328.88
45300,3336
45400,3343.09
45500,3350.25
45600,3357.33
45700,3364.4
45800,3371.47
45900,3378.53
46000,3385.58
46100,3392.58
46200,3399.59
46300,3406.6
46400,3413.64
46500,3420.73
46600,3427.78
46700,3434.88
46800,3442.03
46900,3449.1
47000,3456.18
47100,3463.28
47200,3470.4
47300,3477.57
47400,3484.74
47500,3491.93
47600,3499.09
47700,3506.23
47800,3513.35
47900,3520.43
48000,3527.51
48100,3534.59
48200,3541.64
48300,3548.68
48400,3555.78
48500,3562.84
48600,3569.9
48700,3576.98
48800,3584.04
48900,3591.05
49000,3598.02
49100,3605.03
49200,3612.06
49300,3619.03
49400,3626.05
49500,3633.07
49600,3640.03
49700,3646.92
49800,3653.83
49900,3660.81
50000,3667.79
50100,3674.77
50200,3681.82
50300,3688.83
50400,3695.91
50500,3703
50600,3710.07
50700,3717.16
50800,3724.16
50900,3731.15
51000,3738.13
51100,3745.05
51200,3752.03
51300,3759.01
51400,3765.95
51500,3772.9
51600,3779.9
51700,3786.86
51800,3793.83
51900,3800.82
52000,3807.78
52100,3814.78
52200,3821.87
52300,3828.89
52400,3835.97
52500,3843.08
52600,3850.19
52700,3857.27
52800,3864.32
52900,3871.36
53000,3878.42
53100,3885.49
53200,3892.56
53300,3899.62
53400,3906.65
53500,3913.65
53600,3920.66
53700,3927.69
53800,3934.82
53900,3941.99
54000,3949.27
54100,3956.57
54200,3963.88
54300,3971.19
54400,3978.49
54500,3985.77
54600,3993
54700,4000.21
54800,4007.31
54900,4014.38
55000,4021.44
55100,4028.46
55200,4035.48
55300,4042.54
55400,4049.51
55500,4056.51
55600,4063.48
55700,4070.5
55800,4077.48
55900,4084.53
56000,4091.54
56100,4098.52
56200,4105.52
56300,4112.46
56400,4119.37
56500,4126.32
56600,4133.29
56700,4140.27
56800,4147.29
56900,4154.33
57000,4161.33
57100,4168.35
57200,4175.38
57300,4182.37
57400,4189.35
57500,4196.32
57600,4203.2
57700,4210.14
57800,4217.14
57900,4224.07
58000,4231.02
58100,4237.98
58200,4244.96
58300,4251.98
58400,4258.95
58500,4265.96
58600,4273.03
58700,4280.06
58800,4287.15
58900,4294.25
59000,4301.29
59100,4308.28
59200,4315.31
59300,4322.44
59400,4329.54
59500,4336.67
59600,4343.78
59700,4350.89
59800,4358.01
59900,4365.1
60000,4372.14
60100,4379.19
60200,4386.21
60300,4393.22
60400,4400.25
60500,4407.25
60600,4414.34
60700,4421.4
60800,4428.4
60900,4435.45
61000,4442.44
61100,4449.52
61200,4456.58
61300,4463.67
61400,4470.72
61500,4477.75
61600,4484.74
61700,4491.7
61800,4498.69
61900,4505.69
62000,4512.66
62100,4519.67
62200,4526.76
62300,4533.83
62400,4540.88
62500,4547.97
62600,4555.05
62700,4562.1
62800,4569.09
62900,4576.15
63000,4583.19
63100,4590.27
63200,4597.42
63300,4604.53
63400,4611.65
63500,4618.76
63600,4625.81
63700,4632.91
63800,4639.92
63900,4646.93
64000,4653.98
64100,4661.03
64200,4668.13
64300,4675.21
64400,4682.29
64500,4689.3
64600,4696.33
64700,4703.35
64800,4710.38
64900,4717.45
65000,4724.49
65100,4731.55
65200,4738.58
65300,4745.57
65400,4752.6
65500,4759.61
65600,4766.67
65700,4773.7
65800,4780.74
65900,4787.82
66000,4794.81
66100,4801.81
66200,4808.81
66300,4815.8
66400,4822.79
66500,4829.79
66600,4836.82
66700,4843.86
66800,4850.9
66900,4857.93
67000,4864.89
67100,4871.85
67200,4878.87
67300,4885.88
67400,4892.93
67500,4900
67600,4907.04
67700,4914.12
67800,4921.18
67900,4928.23
68000,4935.2
68100,4942.22
68200,4949.24
68300,4956.29
68400,4963.34
68500,4970.37
68600,4977.44
68700,4984.48
68800,4991.52
68900,4998.58
69000,5005.63
69100,5012.68
69200,5019.78
69300,5026.89
69400,5034.03
69500,5041.18
69600,5048.28
69700,5055.41
69800,5062.46
69900,5069.57
70000,5076.69
70100,5083.83
70200,5091.04
70300,5098.25
70400,5105.45
70500,5112.58
70600,5119.66
70700,5126.76
70800,5133.83
70900,5140.92
71000,5148.03
71100,5155.17
71200,5162.37
71300,5169.52
71400,5176.7
71500,5183.8
71600,5190.9
71700,5198.02
71800,5205.18
71900,5212.36
72000,5219.47
72100,5226.6
72200,5233.66
72300,5240.71
72400,5247.75
72500,5254.8
72600,5261.87
72700,5268.94
72800,5276.01
72900,5283.05
73000,5290.09
73100,5297.17
73200,5304.21
73300,5311.36
73400,5318.54
73500,5325.71
73600,5332.87
73700,5340.02
73800,5347.17
73900,5354.28
74000,5361.36
74100,5368.44
74200,5375.5
74300,5382.57
74400,5389.69
74500,5396.79
74600,5403.82
74700,5410.86
74800,5417.91
74900,5424.95
75000,5432
75100,5439.05
75200,5446.12
75300,5453.16
75400,5460.17
75500,5467.21
75600,5474.28
75700,5481.37
75800,5488.44
75900,5495.49
76000,5502.51
76100,5509.53
76200,5516.52
76300,5523.55
76400,5530.57
76500,5537.57
76600,5544.58
76700,5551.52
76800,5558.47
76900,5565.42
77000,5572.39
77100,5579.32
77200,5586.29
77300,5593.27
77400,5600.25
77500,5607.25
77600,5614.24
77700,5621.23
77800,5628.2
77900,5635.2
78000,5642.19
78100,5649.14
78200,5656.1
78300,5663.08
78400,5670.06
78500,5677.15
78600,5684.21
78700,5691.25
78800,5698.25
78900,5705.25
79000,5712.26
79100,5719.29
79200,5726.25
79300,5733.16
79400,5740.15
79500,5747.18
79600,5754.2
79700,5761.23
79800,5768.18
79900,5775.18
80000,5782.19
80100,5789.2
80200,5796.21
80300,5803.18
80400,5810.22
80500,5817.24
80600,5824.29
80700,5831.3
80800,5838.29
80900,5845.31
81000,5852.3
81100,5859.31
81200,5866.33
81300,5873.36
81400,5880.36
81500,5887.26
81600,5894.21
81700,5901.13
81800,5908.11
81900,5915.05
82000,5921.93
82100,5928.86
82200,5935.77
82300,5942.72
82400,5949.69
82500,5956.66
82600,5963.6
82700,5970.54
82800,5977.51
82900,5984.47
83000,5991.43
83100,5998.35
83200,6005.34
83300,6012.34
83400,6019.35
83500,6026.27
83600,6033.24
83700,6040.27
83800,6047.31
83900,6054.35
84000,6061.39
84100,6068.45
84200,6075.47
84300,6082.47
84400,6089.42
84500,6096.44
84600,6103.47
84700,6110.45
84800,6117.42
84900,6124.4
85000,6131.4
85100,6138.41
85200,6145.44
85300,6152.44
85400,6159.44
85500,6166.46
85600,6173.47
85700,6180.5
85800,6187.59
85900,6194.68
86000,6201.73
86100,6208.84
86200,6215.89
86300,6222.91
86400,6229.97
86500,6236.99
86600,6243.99
86700,6250.99
86800,6257.99
86900,6264.97
87000,6271.98
87100,6279.04
87200,6286.11
87300,6293.15
87400,6300.22
87500,6307.24
87600,6314.18
87700,6321.16
87800,6328.14
87900,6335.13
88000,6342.14
88100,6349.12
88200,6356.14
88300,6363.16
88400,6370.16
88500,6377.15
88600,6384.16
88700,6391.16
88800,6398.23
88900,6405.3
89000,6412.41
89100,6419.45
89200,6426.47
89300,6433.51
89400,6440.54
89500,6447.59
89600,6454.6
89700,6461.59
89800,6468.59
89900,6475.6
90000,6482.55
90100,6489.55
90200,6496.56
90300,6503.62
90400,6510.72
90500,6517.84
90600,6524.94
90700,6532.01
90800,6539.08
90900,6546.1
91000,6553.13
91100,6560.17
91200,6567.15
91300,6574.13
91400,6581.05
91500,6587.97
91600,6594.93
91700,6601.93
91800,6608.97
91900,6615.99
92000,6623.01
92100,6630.03
92200,6637.06
92300,6644.09
92400,6651.13
92500,6658.15
92600,6665.15
92700,6672.15
92800,6679.14
92900,6686.17
93000,6693.13
93100,6700.11
93200,6707.06
93300,6714.04
93400,6721.03
93500,6728.04
93600,6735
93700,6741.93
93800,6748.81
93900,6755.72
94000,6762.66
94100,6769.55
94200,6776.43
94300,6783.39
94400,6790.31
94500,6797.23
94600,6804.13
94700,6811.09
94800,6818.06
94900,6825.07
95000,6832.03
95100,6838.99
95200,6845.96
95300,6852.96
95400,6860
95500,6867.04
95600,6874.08
95700,6881.08
95800,6888.11
95900,6895.08
96000,6902.07
96100,6909.07
96200,6915.98
96300,6922.95
96400,6929.99
96500,6937.07
96600,6944.11
96700,6951.16
96800,6958.21
96900,6965.28
97000,6972.27
97100,6979.24
97200,6986.25
97300,6993.21
97400,7000.18
97500,7007.16
97600,7014.19
97700,7021.15
97800,7028.1
97900,7035.06
98000,7041.96
98100,7048.93
98200,7055.91
98300,7062.9
98400,7069.87
98500,7076.85
98600,7083.87
98700,7090.89
98800,7097.89
98900,7104.84
99000,7111.85
99100,7118.88
99200,7125.83
99300,7132.81
99400,7139.76
99500,7146.71
99600,7153.66
99700,7160.66
99800,7167.66
99900,7174.66
