0,150.008
100,155.508
200,162.926
300,170.634
400,178.429
500,186.269
600,194.09
700,201.937
800,209.77
900,217.653
1000,225.515
1100,233.36
1200,241.238
1300,249.056
1400,256.876
1500,264.734
1600,272.592
1700,280.451
1800,288.311
1900,296.178
2000,304.02
2100,311.864
2200,319.696
2300,327.523
2400,335.38
2500,343.234
2600,351.094
2700,358.957
2800,366.837
2900,374.694
3000,382.565
3100,390.426
3200,398.278
3300,406.138
3400,413.995
3500,421.848
3600,429.705
3700,437.508
3800,445.372
3900,453.211
4000,461.05
4100,468.869
4200,476.721
4300,484.555
4400,492.411
4500,500.255
4600,508.162
4700,516.03
4800,523.894
4900,531.776
5000,539.65
5100,547.501
5200,555.365
5300,563.226
5400,571.119
5500,578.965
5600,586.818
5700,594.674
5800,602.519
5900,610.377
6000,618.247
6100,626.115
6200,633.993
6300,641.833
6400,649.683
6500,657.496
6600,665.335
6700,673.179
6800,681.02
6900,688.865
7000,696.732
7100,704.627
7200,712.477
7300,720.308
7400,728.138
7500,736.008
7600,743.868
7700,751.722
7800,759.604
7900,767.46
8000,775.356
8100,783.237
8200,791.079
8300,798.951
8400,806.854
8500,814.74
8600,822.62
8700,830.51
8800,838.385
8900,846.276
9000,854.128
9100,861.959
9200,869.81
9300,877.694
9400,885.586
9500,893.456
9600,901.322
9700,909.184
9800,917.096
9900,924.947
10000,932.831
10100,940.702
10200,948.615
10300,956.478
10400,964.333
10500,972.186
10600,980.02
10700,987.875
10800,995.742
10900,1003.56
11000,1011.4
11100,1019.23
11200,1027.04
11300,1034.88
11400,1042.7
11500,1050.56
11600,1058.38
11700,1066.23
11800,1074.11
11900,1081.94
12000,1089.78
12100,1097.63
12200,1105.47
12300,1113.35
12400,1121.21
12500,1129.03
12600,1136.87
12700,1144.72
12800,1152.56
12900,1160.45
13000,1168.3
13100,1176.15
13200,1183.98
13300,1191.84
13400,1199.65
13500,1207.53
13600,1215.39
13700,1223.27
13800,1231.12
13900,1238.99
14000,1246.84
14100,1254.7
14200,1262.59
14300,1270.45
14400,1278.28
14500,1286.13
14600,1293.99
14700,1301.87
14800,1309.77
14900,1317.62
15000,1325.5
15100,1333.33
15200,1341.21
15300,1349.02
15400,1356.89
15500,1364.76
15600,1372.62
15700,1380.46
15800,1388.35
15900,1396.21
16000,1404.07
16100,1411.92
16200,1419.75
16300,1427.55
16400,1435.39
16500,1443.24
16600,1451.07
16700,1458.96
16800,1466.85
16900,1474.74
17000,1482.65
17100,1490.53
17200,1498.39
17300,1506.22
17400,1514.09
17500,1521.97
17600,1529.85
17700,1537.76
17800,1545.65
17900,1553.52
18000,1561.34
18100,1569.21
18200,1577.09
18300,1584.95
18400,1592.77
18500,1600.65
18600,1608.53
18700,1616.38
18800,1624.24
18900,1632.09
19000,1639.95
19100,1647.81
19200,1655.68
19300,1663.54
19400,1671.42
19500,1679.27
19600,1687.11
19700,1694.94
19800,1702.8
19900,1710.65
20000,1718.48
20100,1726.35
20200,1734.22
20300,1742.1
20400,1749.95
20500,1757.84
20600,1765.69
20700,1773.59
20800,1781.48
20900,1789.34
21000,1797.2
21100,1805.1
21200,1812.96
21300,1820.85
21400,1828.7
21500,1836.54
21600,1844.4
21700,1852.25
21800,1860.09
21900,1867.92
22000,1875.77
22100,1883.61
22200,1891.46
22300,1899.35
22400,1907.18
22500,1915.02
22600,1922.88
22700,1930.75
22800,1938.66
22900,1946.54
23000,1954.47
23100,1962.39
23200,1970.36
23300,1978.31
23400,1986.22
23500,1994.11
23600,2002
23700,2009.89
23800,2017.77
23900,2025.62
24000,2033.5
24100,2041.41
24200,2049.3
24300,2057.17
24400,2065.02
24500,2072.86
24600,2080.71
24700,2088.54
24800,2096.37
24900,2104.23
25000,2112.06
25100,2119.88
25200,2127.69
25300,2135.54
25400,2143.34
25500,2151.18
25600,2159.03
25700,2166.89
25800,2174.74
25900,2182.59
26000,2190.44
26100,2198.29
26200,2206.14
26300,2214
26400,2221.88
26500,2229.73
26600,2237.58
26700,2245.41
26800,2253.25
26900,2261.09
27000,2268.94
27100,2276.82
27200,2284.65
27300,2292.49
27400,2300.36
27500,2308.2
27600,2316.02
27700,2323.81
27800,2331.71
27900,2339.56
28000,2347.42
28100,2355.27
28200,2363.09
28300,2370.94
28400,2378.73
28500,2386.57
28600,2394.4
28700,2402.25
28800,2410.12
28900,2418
29000,2425.83
29100,2433.74
29200,2441.6
29300,2449.51
29400,2457.35
29500,2465.2
29600,2473.06
29700,2480.9
29800,2488.75
29900,2496.63
30000,2504.51
30100,2512.36
30200,2520.22
30300,2528.1
30400,2535.96
30500,2543.79
30600,2551.67
30700,2559.55
30800,2567.39
30900,2575.2
31000,2583.07
31100,2590.93
31200,2598.79
31300,2606.66
31400,2614.53
31500,2622.38
31600,2630.24
31700,2638.11
31800,2645.98
31900,2653.88
32000,2661.76
32100,2669.62
32200,2677.48
32300,2685.36
32400,2693.24
32500,2701.12
32600,2709.01
32700,2716.9
32800,2724.8
32900,2732.69
33000,2740.61
33100,2748.49
33200,2756.35
33300,2764.21
33400,2772.05
33500,2779.87
33600,2787.71
33700,2795.57
33800,2803.43
33900,2811.24
34000,2819.09
34100,2826.88
34200,2834.73
34300,2842.58
34400,2850.44
34500,2858.28
34600,2866.11
34700,2873.96
34800,2881.84
34900,2889.67
35000,2897.49
35100,2905.37
35200,2913.24
35300,2921.09
35400,2928.94
35500,2936.76
35600,2944.6
35700,2952.45
35800,2960.32
35900,2968.19
36000,2976.06
36100,2983.93
36200,2991.79
36300,2999.69
36400,3007.54
36500,3015.39
36600,3023.25
36700,3031.09
36800,3038.93
36900,3046.79
37000,3054.64
37100,3062.54
37200,3070.41
37300,3078.27
37400,3086.11
37500,3094.01
37600,3101.83
37700,3109.67
37800,3117.56
37900,3125.38
38000,3133.23
38100,3141.1
38200,3148.97
38300,3156.85
38400,3164.7
38500,3172.56
38600,3180.41
38700,3188.26
38800,3196.08
38900,3203.93
39000,3211.78
39100,3219.65
39200,3227.53
39300,3235.37
39400,3243.24
39500,3251.07
39600,3258.95
39700,3266.9
39800,3274.81
39900,3282.73
40000,3290.6
40100,3298.47
40200,3306.35
40300,3314.26
40400,3322.13
40500,3329.99
40600,3337.85
40700,3345.73
40800,3353.59
40900,3361.45
41000,3369.32
41100,3377.18
41200,3385.04
41300,3392.9
41400,3400.78
41500,3408.65
41600,3416.52
41700,3424.35
41800,3432.2
41900,3440.04
42000,3447.9
42100,3455.78
42200,3463.62
42300,3471.45
42400,3479.31
42500,3487.12
42600,3494.96
42700,3502.79
42800,3510.61
42900,3518.47
43000,3526.33
43100,3534.18
43200,3542.03
43300,3549.88
43400,3557.73
43500,3565.56
43600,3573.41
43700,3581.24
43800,3589.07
43900,3596.94
44000,3604.8
44100,3612.64
44200,3620.52
44300,3628.35
44400,3636.19
44500,3644.06
44600,3651.9
44700,3659.77
44800,3667.65
44900,3675.51
45000,3683.34
45100,3691.2
45200,3699.06
45300,3706.91
45400,3714.74
45500,3722.54
45600,3730.38
45700,3738.22
45800,3746.06
45900,3753.91
46000,3761.81
46100,3769.65
46200,3777.52
46300,3785.34
46400,3793.17
46500,3801.04
46600,3808.86
46700,3816.68
46800,3824.52
46900,3832.37
47000,3840.22
47100,3848.1
47200,3856
47300,3863.88
47400,3871.8
47500,3879.68
47600,3887.56
47700,3895.44
47800,3903.3
47900,3911.16
48000,3919.02
48100,3926.86
48200,3934.73
48300,3942.6
48400,3950.44
48500,3958.33
48600,3966.18
48700,3974.08
48800,3981.95
48900,3989.8
49000,3997.62
49100,4005.49
49200,4013.34
49300,4021.17
49400,4029.01
49500,4036.85
49600,4044.69
49700,4052.56
49800,4060.43
49900,4068.26
50000,4076.13
50100,4083.99
50200,4091.85
50300,4099.74
50400,4107.64
50500,4115.48
50600,4123.32
50700,4131.16
50800,4139
50900,4146.86
51000,4154.73
51100,4162.59
51200,4170.45
51300,4178.29
51400,4186.15
51500,4194.02
51600,4201.88
51700,4209.76
51800,4217.63
51900,4225.5
52000,4233.35
52100,4241.18
52200,4249.03
52300,4256.89
52400,4264.72
52500,4272.58
52600,4280.43
52700,4288.28
52800,4296.11
52900,4303.92
53000,4311.77
53100,4319.66
53200,4327.55
53300,4335.41
53400,4343.29
53500,4351.18
53600,4359.05
53700,4366.91
53800,4374.79
53900,4382.64
54000,4390.53
54100,4398.4
54200,4406.25
54300,4414.12
54400,4421.98
54500,4429.82
54600,4437.69
54700,4445.54
54800,4453.39
54900,4461.22
55000,4469.08
55100,4476.89
55200,4484.76
55300,4492.59
55400,4500.45
55500,4508.28
55600,4516.11
55700,4523.97
55800,4531.8
55900,4539.63
56000,4547.5
56100,4555.34
56200,4563.14
56300,4570.94
56400,4578.75
56500,4586.63
56600,4594.45
56700,4602.34
56800,4610.21
56900,4618.08
57000,4625.93
57100,4633.85
57200,4641.7
57300,4649.58
57400,4657.48
57500,4665.41
57600,4673.26
57700,4681.06
57800,4688.89
57900,4696.73
58000,4704.6
58100,4712.46
58200,4720.35
58300,4728.2
58400,4736.04
58500,4743.92
58600,4751.78
58700,4759.63
58800,4767.51
58900,4775.38
59000,4783.22
59100,4791.06
59200,4798.92
59300,4806.82
59400,4814.71
59500,4822.57
59600,4830.44
59700,4838.27
59800,4846.14
59900,4853.99
60000,4861.85
60100,4869.72
60200,4877.59
60300,4885.47
60400,4893.31
60500,4901.14
60600,4909
60700,4916.88
60800,4924.74
60900,4932.59
61000,4940.44
61100,4948.3
61200,4956.14
61300,4964.01
61400,4971.89
61500,4979.75
61600,4987.61
61700,4995.45
61800,5003.32
61900,5011.17
62000,5019.05
62100,5026.85
62200,5034.69
62300,5042.57
62400,5050.44
62500,5058.31
62600,5066.19
62700,5074.06
62800,5081.95
62900,5089.8
63000,5097.66
63100,5105.51
63200,5113.38
63300,5121.27
63400,5129.12
63500,5137.02
63600,5144.93
63700,5152.79
63800,5160.68
63900,5168.53
64000,5176.37
64100,5184.21
64200,5192.07
64300,5199.92
64400,5207.73
64500,5215.54
64600,5223.36
64700,5231.21
64800,5239.06
64900,5246.89
65000,5254.72
65100,5262.56
65200,5270.42
65300,5278.26
65400,5286.14
65500,5293.98
65600,5301.8
65700,5309.66
65800,5317.47
65900,5325.33
66000,5333.21
66100,5341.06
66200,5348.92
66300,5356.81
66400,5364.65
66500,5372.51
66600,5380.35
66700,5388.18
66800,5396.06
66900,5403.93
67000,5411.78
67100,5419.64
67200,5427.47
67300,5435.34
67400,5443.21
67500,5451.03
67600,5458.88
67700,5466.75
67800,5474.59
67900,5482.43
68000,5490.29
68100,5498.18
68200,5506.07
68300,5513.93
68400,5521.81
68500,5529.68
68600,5537.57
68700,5545.44
68800,5553.34
68900,5561.16
69000,5569.04
69100,5576.92
69200,5584.83
69300,5592.72
69400,5600.58
69500,5608.43
69600,5616.3
69700,5624.18
69800,5632.05
69900,5639.93
70000,5647.76
70100,5655.61
70200,5663.5
70300,5671.37
70400,5679.22
70500,5687.07
70600,5694.92
70700,5702.76
70800,5710.65
70900,5718.54
71000,5726.39
71100,5734.24
71200,5742.07
71300,5749.93
71400,5757.78
71500,5765.63
71600,5773.5
71700,5781.38
71800,5789.24
71900,5797.12
72000,5805
72100,5812.89
72200,5820.72
72300,5828.57
72400,5836.44
72500,5844.28
72600,5852.09
72700,5859.93
72800,5867.78
72900,5875.62
73000,5883.5
73100,5891.36
73200,5899.23
73300,5907.09
73400,5914.96
73500,5922.81
73600,5930.73
73700,5938.59
73800,5946.46
73900,5954.29
74000,5962.16
74100,5970.02
74200,5977.93
74300,5985.75
74400,5993.62
74500,6001.48
74600,6009.35
74700,6017.23
74800,6025.05
74900,6032.94
75000,6040.81
75100,6048.72
75200,6056.6
75300,6064.51
75400,6072.38
75500,6080.26
75600,6088.12
75700,6096.01
75800,6103.95
75900,6111.81
76000,6119.67
76100,6127.52
76200,6135.38
76300,6143.3
76400,6151.14
76500,6159.01
76600,6166.83
76700,6174.71
76800,6182.54
76900,6190.34
77000,6198.16
77100,6206.02
77200,6213.89
77300,6221.77
77400,6229.64
77500,6237.5
77600,6245.4
77700,6253.26
77800,6261.13
77900,6269
78000,6276.85
78100,6284.78
78200,6292.66
78300,6300.53
78400,6308.37
78500,6316.23
78600,6324.1
78700,6331.94
78800,6339.79
78900,6347.66
79000,6355.54
79100,6363.39
79200,6371.23
79300,6379.07
79400,6386.91
79500,6394.74
79600,6402.58
79700,6410.43
79800,6418.27
79900,6426.14
80000,6433.99
80100,6441.83
80200,6449.7
80300,6457.55
80400,6465.42
80500,6473.27
80600,6481.14
80700,6489.03
80800,6496.91
80900,6504.77
81000,6512.63
81100,6520.49
81200,6528.36
81300,6536.21
81400,6544.04
81500,6551.89
81600,6559.73
81700,6567.58
81800,6575.42
81900,6583.27
82000,6591.13
82100,6598.97
82200,6606.84
82300,6614.7
82400,6622.56
82500,6630.39
82600,6638.24
82700,6646.1
82800,6653.98
82900,6661.86
83000,6669.75
83100,6677.63
83200,6685.48
83300,6693.37
83400,6701.24
83500,6709.11
83600,6717.05
83700,6724.94
83800,6732.81
83900,6740.64
84000,6748.47
84100,6756.36
84200,6764.22
84300,6772.08
84400,6779.91
84500,6787.69
84600,6795.51
84700,6803.35
84800,6811.2
84900,6819.07
85000,6826.92
85100,6834.76
85200,6842.61
85300,6850.5
85400,6858.37
85500,6866.27
85600,6874.18
85700,6882.02
85800,6889.84
85900,6897.7
86000,6905.6
86100,6913.44
86200,6921.32
86300,6929.17
86400,6937.02
86500,6944.9
86600,6952.73
86700,6960.61
86800,6968.48
86900,6976.39
87000,6984.27
87100,6992.17
87200,7000.06
87300,7007.91
87400,7015.74
87500,7023.61
87600,7031.47
87700,7039.32
87800,7047.2
87900,7055.06
88000,7062.94
88100,7070.84
88200,7078.71
88300,7086.56
88400,7094.45
88500,7102.32
88600,7110.16
88700,7117.97
88800,7125.78
88900,7133.6
89000,7141.46
89100,7149.35
89200,7157.23
89300,7165.09
89400,7172.96
89500,7180.79
89600,7188.62
89700,7196.47
89800,7204.33
89900,7212.17
90000,7220.03
90100,7227.93
90200,7235.8
90300,7243.69
90400,7251.58
90500,7259.44
90600,7267.31
90700,7275.15
90800,7282.97
90900,7290.84
91000,7298.68
91100,7306.56
91200,7314.41
91300,7322.25
91400,7330.12
91500,7337.96
91600,7345.83
91700,7353.69
91800,7361.53
91900,7369.38
92000,7377.19
92100,7385.02
92200,7392.85
92300,7400.7
92400,7408.53
92500,7416.37
92600,7424.23
92700,7432.11
92800,7440
92900,7447.85
93000,7455.7
93100,7463.55
93200,7471.39
93300,7479.22
93400,7487.08
93500,7494.96
93600,7502.85
93700,7510.72
93800,7518.58
93900,7526.42
94000,7534.26
94100,7542.16
94200,7550.04
94300,7557.88
94400,7565.78
94500,7573.69
94600,7581.6
94700,7589.48
94800,7597.32
94900,7605.16
95000,7613.01
95100,7620.86
95200,7628.68
95300,7636.51
95400,7644.34
95500,7652.18
95600,7660.03
95700,7667.86
95800,7675.69
95900,7683.54
96000,7691.39
96100,7699.27
96200,7707.12
96300,7715.02
96400,7722.92
96500,7730.79
96600,7738.64
96700,7746.5
96800,7754.34
96900,7762.22
97000,7770.05
97100,7777.87
97200,7785.72
97300,7793.57
97400,7801.4
97500,7809.23
97600,7817.11
97700,7825
97800,7832.88
97900,7840.76
98000,7848.63
98100,7856.49
98200,7864.36
98300,7872.23
98400,7880.08
98500,7887.94
98600,7895.81
98700,7903.71
98800,7911.6
98900,7919.46
99000,7927.31
99100,7935.19
99200,7943.06
99300,7950.91
99400,7958.76
99500,7966.6
99600,7974.48
99700,7982.34
99800,7990.18
99900,7998.06
