0,150.006
100,155.479
200,162.862
300,170.553
400,178.342
500,186.15
600,193.997
700,201.849
800,209.723
900,217.616
1000,225.476
1100,233.319
1200,241.182
1300,249.068
1400,256.972
1500,264.846
1600,272.726
1700,280.612
1800,288.519
1900,296.442
2000,304.312
2100,312.158
2200,320.013
2300,327.85
2400,335.734
2500,343.576
2600,351.44
2700,359.274
2800,367.145
2900,375.027
3000,382.879
3100,390.713
3200,398.576
3300,406.398
3400,414.229
3500,422.071
3600,429.902
3700,437.742
3800,445.641
3900,453.547
4000,461.378
4100,469.21
4200,477.055
4300,484.91
4400,492.779
4500,500.655
4600,508.489
4700,516.344
4800,524.211
4900,532.074
5000,539.955
5100,547.831
5200,555.663
5300,563.509
5400,571.352
5500,579.245
5600,587.111
5700,595.009
5800,602.871
5900,610.721
6000,618.559
6100,626.422
6200,634.249
6300,642.115
6400,649.967
6500,657.836
6600,665.703
6700,673.52
6800,681.343
6900,689.214
7000,697.068
7100,704.875
7200,712.733
7300,720.566
7400,728.433
7500,736.264
7600,744.102
7700,751.922
7800,759.741
7900,767.598
8000,775.422
8100,783.316
8200,791.224
8300,799.063
8400,806.935
8500,814.8
8600,822.657
8700,830.509
8800,838.341
8900,846.211
9000,854.064
9100,861.924
9200,869.789
9300,877.677
9400,885.533
9500,893.428
9600,901.273
9700,909.108
9800,916.997
9900,924.906
10000,932.797
10100,940.664
10200,948.446
10300,956.264
10400,964.129
10500,971.956
10600,979.815
10700,987.671
10800,995.553
10900,1003.4
11000,1011.28
11100,1019.13
11200,1026.98
11300,1034.84
11400,1042.65
11500,1050.5
11600,1058.29
11700,1066.08
11800,1073.91
11900,1081.76
12000,1089.62
12100,1097.48
12200,1105.32
12300,1113.15
12400,1121
12500,1128.85
12600,1136.68
12700,1144.52
12800,1152.38
12900,1160.25
13000,1168.12
13100,1175.99
13200,1183.89
13300,1191.72
13400,1199.6
13500,1207.45
13600,1215.32
13700,1223.17
13800,1231
13900,1238.82
14000,1246.69
14100,1254.56
14200,1262.44
14300,1270.3
14400,1278.14
14500,1286.02
14600,1293.87
14700,1301.74
14800,1309.59
14900,1317.41
15000,1325.27
15100,1333.12
15200,1340.95
15300,1348.79
15400,1356.63
15500,1364.52
15600,1372.4
15700,1380.23
15800,1388.07
15900,1395.93
16000,1403.8
16100,1411.66
16200,1419.55
16300,1427.41
16400,1435.31
16500,1443.18
16600,1451.03
16700,1458.85
16800,1466.71
16900,1474.53
17000,1482.39
17100,1490.26
17200,1498.11
17300,1505.98
17400,1513.82
17500,1521.71
17600,1529.53
17700,1537.39
17800,1545.29
17900,1553.15
18000,1561.03
18100,1568.9
18200,1576.76
18300,1584.63
18400,1592.48
18500,1600.33
18600,1608.15
18700,1616.03
18800,1623.85
18900,1631.72
19000,1639.58
19100,1647.43
19200,1655.3
19300,1663.18
19400,1671.02
19500,1678.86
19600,1686.71
19700,1694.58
19800,1702.43
19900,1710.3
20000,1718.13
20100,1725.95
20200,1733.78
20300,1741.6
20400,1749.46
20500,1757.32
20600,1765.13
20700,1773
20800,1780.83
20900,1788.68
21000,1796.51
21100,1804.38
21200,1812.19
21300,1820.01
21400,1827.87
21500,1835.74
21600,1843.59
21700,1851.44
21800,1859.32
21900,1867.19
22000,1875.05
22100,1882.95
22200,1890.81
22300,1898.63
22400,1906.48
22500,1914.34
22600,1922.21
22700,1930.04
22800,1937.91
22900,1945.75
23000,1953.62
23100,1961.48
23200,1969.36
23300,1977.24
23400,1985.12
23500,1992.96
23600,2000.8
23700,2008.66
23800,2016.52
23900,2024.38
24000,2032.23
24100,2040.1
24200,2047.95
24300,2055.78
24400,2063.66
24500,2071.51
24600,2079.3
24700,2087.17
24800,2095.01
24900,2102.88
25000,2110.75
25100,2118.61
25200,2126.46
25300,2134.3
25400,2142.12
25500,2149.95
25600,2157.79
25700,2165.66
25800,2173.47
25900,2181.33
26000,2189.23
26100,2197.07
26200,2204.95
26300,2212.8
26400,2220.65
26500,2228.49
26600,2236.36
26700,2244.24
26800,2252.1
26900,2260.02
27000,2267.89
27100,2275.76
27200,2283.62
27300,2291.44
27400,2299.29
27500,2307.14
27600,2315.05
27700,2322.9
27800,2330.75
27900,2338.6
28000,2346.44
28100,2354.3
28200,2362.14
28300,2369.96
28400,2377.81
28500,2385.7
28600,2393.6
28700,2401.42
28800,2409.26
28900,2417.1
29000,2424.94
29100,2432.78
29200,2440.57
29300,2448.38
29400,2456.24
29500,2464.07
29600,2471.95
29700,2479.79
29800,2487.63
29900,2495.51
30000,2503.44
30100,2511.37
30200,2519.23
30300,2527.12
30400,2534.96
30500,2542.8
30600,2550.69
30700,2558.58
30800,2566.43
30900,2574.28
31000,2582.09
31100,2589.94
31200,2597.81
31300,2605.65
31400,2613.52
31500,2621.38
31600,2629.25
31700,2637.13
31800,2644.98
31900,2652.83
32000,2660.71
32100,2668.58
32200,2676.44
32300,2684.26
32400,2692.11
32500,2699.95
32600,2707.8
32700,2715.69
32800,2723.56
32900,2731.44
33000,2739.3
33100,2747.14
33200,2754.96
33300,2762.82
33400,2770.7
33500,2778.57
33600,2786.43
33700,2794.31
33800,2802.13
33900,2809.97
34000,2817.84
34100,2825.69
34200,2833.56
34300,2841.43
34400,2849.3
34500,2857.16
34600,2865.03
34700,2872.92
34800,2880.8
34900,2888.66
35000,2896.49
35100,2904.39
35200,2912.2
35300,2920.05
35400,2927.92
35500,2935.8
35600,2943.66
35700,2951.56
35800,2959.43
35900,2967.29
36000,2975.14
36100,2983.04
36200,2990.88
36300,2998.71
36400,3006.6
36500,3014.46
36600,3022.32
36700,3030.19
36800,3038.03
36900,3045.89
37000,3053.75
37100,3061.6
37200,3069.47
37300,3077.34
37400,3085.19
37500,3093.06
37600,3100.94
37700,3108.82
37800,3116.69
37900,3124.56
38000,3132.43
38100,3140.3
38200,3148.18
38300,3156.03
38400,3163.87
38500,3171.74
38600,3179.61
38700,3187.44
38800,3195.3
38900,3203.16
39000,3211.04
39100,3218.9
39200,3226.76
39300,3234.62
39400,3242.47
39500,3250.35
39600,3258.21
39700,3266.12
39800,3274
39900,3281.88
40000,3289.76
40100,3297.63
40200,3305.48
40300,3313.32
40400,3321.26
40500,3329.18
40600,3337.02
40700,3344.89
40800,3352.7
40900,3360.54
41000,3368.41
41100,3376.24
41200,3384.09
41300,3391.93
41400,3399.79
41500,3407.67
41600,3415.52
41700,3423.4
41800,3431.29
41900,3439.15
42000,3447
42100,3454.83
42200,3462.66
42300,3470.47
42400,3478.29
42500,3486.12
42600,3493.91
42700,3501.77
42800,3509.57
42900,3517.46
43000,3525.34
43100,3533.21
43200,3541.08
43300,3548.95
43400,3556.81
43500,3564.69
43600,3572.54
43700,3580.4
43800,3588.25
43900,3596.1
44000,3603.98
44100,3611.81
44200,3619.65
44300,3627.51
44400,3635.42
44500,3643.29
44600,3651.14
44700,3658.96
44800,3666.81
44900,3674.69
45000,3682.56
45100,3690.44
45200,3698.31
45300,3706.18
45400,3714.05
45500,3721.9
45600,3729.71
45700,3737.6
45800,3745.45
45900,3753.28
46000,3761.1
46100,3768.96
46200,3776.8
46300,3784.66
46400,3792.51
46500,3800.35
46600,3808.15
46700,3815.98
46800,3823.81
46900,3831.66
47000,3839.49
47100,3847.33
47200,3855.2
47300,3863.07
47400,3870.97
47500,3878.82
47600,3886.69
47700,3894.56
47800,3902.45
47900,3910.36
48000,3918.22
48100,3926.11
48200,3933.97
48300,3941.81
48400,3949.68
48500,3957.51
48600,3965.38
48700,3973.27
48800,3981.12
48900,3988.97
49000,3996.82
49100,4004.67
49200,4012.52
49300,4020.4
49400,4028.23
49500,4036.09
49600,4043.97
49700,4051.82
49800,4059.67
49900,4067.5
50000,4075.36
50100,4083.23
50200,4091.08
50300,4098.95
50400,4106.82
50500,4114.66
50600,4122.51
50700,4130.38
50800,4138.26
50900,4146.1
51000,4153.95
51100,4161.78
51200,4169.63
51300,4177.52
51400,4185.4
51500,4193.27
51600,4201.11
51700,4208.96
51800,4216.84
51900,4224.7
52000,4232.55
52100,4240.4
52200,4248.27
52300,4256.16
52400,4264.03
52500,4271.9
52600,4279.75
52700,4287.6
52800,4295.48
52900,4303.35
53000,4311.22
53100,4319.08
53200,4326.94
53300,4334.74
53400,4342.6
53500,4350.45
53600,4358.33
53700,4366.16
53800,4374.02
53900,4381.9
54000,4389.78
54100,4397.61
54200,4405.48
54300,4413.34
54400,4421.21
54500,4429.07
54600,4436.93
54700,4444.77
54800,4452.64
54900,4460.53
55000,4468.4
55100,4476.23
55200,4484.06
55300,4491.89
55400,4499.71
55500,4507.53
55600,4515.35
55700,4523.19
55800,4531.04
55900,4538.9
56000,4546.77
56100,4554.63
56200,4562.48
56300,4570.33
56400,4578.17
56500,4585.99
56600,4593.83
56700,4601.7
56800,4609.55
56900,4617.38
57000,4625.22
57100,4633.07
57200,4640.94
57300,4648.75
57400,4656.6
57500,4664.46
57600,4672.29
57700,4680.15
57800,4688.01
57900,4695.89
58000,4703.74
58100,4711.6
58200,4719.47
58300,4727.34
58400,4735.21
58500,4743.08
58600,4750.93
58700,4758.77
58800,4766.63
58900,4774.49
59000,4782.37
59100,4790.22
59200,4798.09
59300,4805.93
59400,4813.79
59500,4821.62
59600,4829.45
59700,4837.27
59800,4845.13
59900,4852.99
60000,4860.9
60100,4868.8
60200,4876.67
60300,4884.51
60400,4892.36
60500,4900.2
60600,4908.04
60700,4915.91
60800,4923.78
60900,4931.62
61000,4939.45
61100,4947.31
61200,4955.18
61300,4963.02
61400,4970.9
61500,4978.75
61600,4986.62
61700,4994.49
61800,5002.32
61900,5010.14
62000,5017.99
62100,5025.83
62200,5033.65
62300,5041.49
62400,5049.32
62500,5057.17
62600,5065.06
62700,5072.89
62800,5080.7
62900,5088.58
63000,5096.45
63100,5104.31
63200,5112.13
63300,5119.98
63400,5127.82
63500,5135.67
63600,5143.54
63700,5151.44
63800,5159.28
63900,5167.11
64000,5174.99
64100,5182.84
64200,5190.7
64300,5198.57
64400,5206.43
64500,5214.3
64600,5222.15
64700,5230.02
64800,5237.9
64900,5245.77
65000,5253.69
65100,5261.59
65200,5269.49
65300,5277.39
65400,5285.28
65500,5293.17
65600,5301.04
65700,5308.89
65800,5316.78
65900,5324.57
66000,5332.38
66100,5340.25
66200,5348.14
66300,5356.01
66400,5363.9
66500,5371.76
66600,5379.65
66700,5387.47
66800,5395.28
66900,5403.14
67000,5411
67100,5418.87
67200,5426.74
67300,5434.61
67400,5442.48
67500,5450.36
67600,5458.25
67700,5466.09
67800,5473.89
67900,5481.72
68000,5489.57
68100,5497.42
68200,5505.3
68300,5513.19
68400,5521.05
68500,5528.9
68600,5536.76
68700,5544.63
68800,5552.51
68900,5560.35
69000,5568.26
69100,5576.1
69200,5583.98
69300,5591.83
69400,5599.66
69500,5607.54
69600,5615.42
69700,5623.3
69800,5631.15
69900,5639.02
70000,5646.88
70100,5654.72
70200,5662.58
70300,5670.47
70400,5678.35
70500,5686.21
70600,5694.09
70700,5701.91
70800,5709.77
70900,5717.65
71000,5725.5
71100,5733.36
71200,5741.23
71300,5749.08
71400,5756.99
71500,5764.9
71600,5772.79
71700,5780.62
71800,5788.47
71900,5796.32
72000,5804.17
72100,5812.01
72200,5819.89
72300,5827.75
72400,5835.6
72500,5843.46
72600,5851.31
72700,5859.15
72800,5867
72900,5874.82
73000,5882.66
73100,5890.53
73200,5898.35
73300,5906.19
73400,5914.06
73500,5921.91
73600,5929.75
73700,5937.6
73800,5945.41
73900,5953.24
74000,5961.07
74100,5968.91
74200,5976.76
74300,5984.58
74400,5992.42
74500,6000.26
74600,6008.13
74700,6016.01
74800,6023.9
74900,6031.76
75000,6039.65
75100,6047.51
75200,6055.33
75300,6063.16
75400,6070.98
75500,6078.84
75600,6086.7
75700,6094.55
75800,6102.39
75900,6110.24
76000,6118.08
76100,6125.96
76200,6133.82
76300,6141.68
76400,6149.52
76500,6157.41
76600,6165.29
76700,6173.17
76800,6181.01
76900,6188.83
77000,6196.7
77100,6204.58
77200,6212.45
77300,6220.33
77400,6228.16
77500,6236.04
77600,6243.89
77700,6251.74
77800,6259.64
77900,6267.5
78000,6275.39
78100,6283.29
78200,6291.16
78300,6299.03
78400,6306.88
78500,6314.72
78600,6322.58
78700,6330.41
78800,6338.25
78900,6346.1
79000,6353.94
79100,6361.81
79200,6369.67
79300,6377.5
79400,6385.35
79500,6393.2
79600,6401.05
79700,6408.91
79800,6416.79
79900,6424.63
80000,6432.48
80100,6440.32
80200,6448.16
80300,6456
80400,6463.85
80500,6471.73
80600,6479.58
80700,6487.44
80800,6495.3
80900,6503.2
81000,6511.1
81100,6518.99
81200,6526.87
81300,6534.73
81400,6542.6
81500,6550.47
81600,6558.29
81700,6566.13
81800,6573.98
81900,6581.83
82000,6589.73
82100,6597.64
82200,6605.51
82300,6613.37
82400,6621.2
82500,6629.05
82600,6636.91
82700,6644.81
82800,6652.68
82900,6660.56
83000,6668.44
83100,6676.32
83200,6684.24
83300,6692.14
83400,6700.05
83500,6707.92
83600,6715.78
83700,6723.65
83800,6731.48
83900,6739.34
84000,6747.18
84100,6755.05
84200,6762.93
84300,6770.84
84400,6778.73
84500,6786.56
84600,6794.42
84700,6802.26
84800,6810.13
84900,6817.97
85000,6825.84
85100,6833.69
85200,6841.54
85300,6849.41
85400,6857.28
85500,6865.11
85600,6872.94
85700,6880.78
85800,6888.67
85900,6896.49
86000,6904.38
86100,6912.25
86200,6920.1
86300,6927.95
86400,6935.84
86500,6943.68
86600,6951.53
86700,6959.4
86800,6967.26
86900,6975.13
87000,6982.99
87100,6990.89
87200,6998.76
87300,7006.66
87400,7014.53
87500,7022.37
87600,7030.21
87700,7038.09
87800,7045.96
87900,7053.79
88000,7061.66
88100,7069.48
88200,7077.34
88300,7085.22
88400,7093.11
88500,7100.99
88600,7108.83
88700,7116.67
88800,7124.53
88900,7132.43
89000,7140.27
89100,7148.11
89200,7156
89300,7163.83
89400,7171.67
89500,7179.52
89600,7187.35
89700,7195.19
89800,7203.06
89900,7210.9
90000,7218.73
90100,7226.59
90200,7234.45
90300,7242.31
90400,7250.17
90500,7258.03
90600,7265.88
90700,7273.73
90800,7281.57
90900,7289.42
91000,7297.27
91100,7305.09
91200,7312.95
91300,7320.8
91400,7328.68
91500,7336.58
91600,7344.46
91700,7352.33
91800,7360.18
91900,7368.01
92000,7375.86
92100,7383.74
92200,7391.6
92300,7399.47
92400,7407.29
92500,7415.15
92600,7423
92700,7430.9
92800,7438.72
92900,7446.53
93000,7454.37
93100,7462.25
93200,7470.12
93300,7478
93400,7485.86
93500,7493.71
93600,7501.56
93700,7509.38
93800,7517.19
93900,7525.06
94000,7532.92
94100,7540.79
94200,7548.63
94300,7556.49
94400,7564.38
94500,7572.22
94600,7580.09
94700,7587.91
94800,7595.75
94900,7603.63
95000,7611.47
95100,7619.32
95200,7627.15
95300,7635.02
95400,7642.93
95500,7650.78
95600,7658.63
95700,7666.47
95800,7674.3
95900,7682.13
96000,7689.95
96100,7697.8
96200,7705.63
96300,7713.44
96400,7721.31
96500,7729.15
96600,7736.96
96700,7744.78
96800,7752.61
96900,7760.47
97000,7768.32
97100,7776.18
97200,7784.09
97300,7791.93
97400,7799.77
97500,7807.64
97600,7815.5
97700,7823.32
97800,7831.16
97900,7838.99
98000,7846.88
98100,7854.77
98200,7862.6
98300,7870.44
98400,7878.27
98500,7886.13
98600,7894.04
98700,7901.9
98800,7909.77
98900,7917.6
99000,7925.49
99100,7933.34
99200,7941.2
99300,7949.04
99400,7956.89
99500,7964.78
99600,7972.63
99700,7980.49
99800,7988.33
99900,7996.19
