0,150.008
100,155.501
200,162.893
300,170.559
400,178.317
500,186.145
600,194.035
700,201.881
800,209.744
900,217.639
1000,225.508
1100,233.374
1200,241.217
1300,249.075
1400,256.947
1500,264.815
1600,272.754
1700,280.618
1800,288.44
1900,296.308
2000,304.186
2100,312.037
2200,319.913
2300,327.728
2400,335.536
2500,343.379
2600,351.242
2700,359.095
2800,366.964
2900,374.831
3000,382.705
3100,390.577
3200,398.471
3300,406.335
3400,414.189
3500,422.05
3600,429.916
3700,437.796
3800,445.667
3900,453.534
4000,461.41
4100,469.28
4200,477.147
4300,484.982
4400,492.802
4500,500.685
4600,508.58
4700,516.448
4800,524.326
4900,532.165
5000,540.025
5100,547.888
5200,555.705
5300,563.545
5400,571.387
5500,579.253
5600,587.119
5700,594.967
5800,602.811
5900,610.711
6000,618.583
6100,626.437
6200,634.279
6300,642.16
6400,650.031
6500,657.921
6600,665.774
6700,673.596
6800,681.407
6900,689.265
7000,697.122
7100,704.959
7200,712.824
7300,720.7
7400,728.622
7500,736.505
7600,744.333
7700,752.166
7800,760.077
7900,767.954
8000,775.786
8100,783.669
8200,791.53
8300,799.381
8400,807.258
8500,815.111
8600,822.992
8700,830.841
8800,838.695
8900,846.569
9000,854.458
9100,862.34
9200,870.194
9300,878.101
9400,885.972
9500,893.824
9600,901.718
9700,909.603
9800,917.494
9900,925.338
10000,933.187
10100,941.014
10200,948.891
10300,956.774
10400,964.612
10500,972.495
10600,980.372
10700,988.211
10800,996.067
10900,1003.93
11000,1011.79
11100,1019.62
11200,1027.48
11300,1035.32
11400,1043.23
11500,1051.08
11600,1058.93
11700,1066.78
11800,1074.66
11900,1082.56
12000,1090.45
12100,1098.32
12200,1106.18
12300,1114.01
12400,1121.83
12500,1129.62
12600,1137.46
12700,1145.34
12800,1153.15
12900,1160.99
13000,1168.85
13100,1176.73
13200,1184.57
13300,1192.43
13400,1200.3
13500,1208.21
13600,1216.07
13700,1223.95
13800,1231.83
13900,1239.67
14000,1247.51
14100,1255.33
14200,1263.21
14300,1271.06
14400,1278.9
14500,1286.76
14600,1294.65
14700,1302.52
14800,1310.34
14900,1318.2
15000,1326.06
15100,1333.85
15200,1341.69
15300,1349.56
15400,1357.43
15500,1365.33
15600,1373.19
15700,1381.07
15800,1388.94
15900,1396.8
16000,1404.67
16100,1412.52
16200,1420.36
16300,1428.21
16400,1436.08
16500,1443.93
16600,1451.79
16700,1459.67
16800,1467.52
16900,1475.37
17000,1483.24
17100,1491.1
17200,1498.96
17300,1506.82
17400,1514.67
17500,1522.51
17600,1530.33
17700,1538.22
17800,1546.07
17900,1553.93
18000,1561.78
18100,1569.63
18200,1577.49
18300,1585.31
18400,1593.16
18500,1601.02
18600,1608.86
18700,1616.72
18800,1624.55
18900,1632.42
19000,1640.31
19100,1648.18
19200,1656.04
19300,1663.89
19400,1671.77
19500,1679.61
19600,1687.48
19700,1695.34
19800,1703.2
19900,1711.05
20000,1718.9
20100,1726.76
20200,1734.6
20300,1742.47
20400,1750.31
20500,1758.17
20600,1766.02
20700,1773.91
20800,1781.77
20900,1789.62
21000,1797.48
21100,1805.3
21200,1813.17
21300,1820.98
21400,1828.84
21500,1836.72
21600,1844.57
21700,1852.43
21800,1860.26
21900,1868.11
22000,1875.99
22100,1883.84
22200,1891.66
22300,1899.49
22400,1907.32
22500,1915.18
22600,1923.05
22700,1930.89
22800,1938.69
22900,1946.55
23000,1954.42
23100,1962.26
23200,1970.13
23300,1977.98
23400,1985.83
23500,1993.67
23600,2001.53
23700,2009.39
23800,2017.25
23900,2025.09
24000,2032.95
24100,2040.79
24200,2048.64
24300,2056.51
24400,2064.41
24500,2072.29
24600,2080.16
24700,2088.01
24800,2095.89
24900,2103.76
25000,2111.64
25100,2119.53
25200,2127.4
25300,2135.24
25400,2143.07
25500,2150.94
25600,2158.79
25700,2166.63
25800,2174.5
25900,2182.35
26000,2190.21
26100,2198.05
26200,2205.9
26300,2213.71
26400,2221.54
26500,2229.38
26600,2237.17
26700,2245.02
26800,2252.87
26900,2260.7
27000,2268.54
27100,2276.4
27200,2284.29
27300,2292.2
27400,2300.03
27500,2307.9
27600,2315.76
27700,2323.6
27800,2331.49
27900,2339.35
28000,2347.23
28100,2355.07
28200,2362.92
28300,2370.76
28400,2378.66
28500,2386.52
28600,2394.4
28700,2402.28
28800,2410.13
28900,2417.98
29000,2425.83
29100,2433.68
29200,2441.52
29300,2449.39
29400,2457.26
29500,2465.12
29600,2473.02
29700,2480.92
29800,2488.79
29900,2496.66
30000,2504.52
30100,2512.33
30200,2520.18
30300,2528.04
30400,2535.89
30500,2543.76
30600,2551.61
30700,2559.48
30800,2567.3
30900,2575.13
31000,2582.96
31100,2590.81
31200,2598.65
31300,2606.47
31400,2614.3
31500,2622.09
31600,2629.95
31700,2637.81
31800,2645.69
31900,2653.58
32000,2661.49
32100,2669.37
32200,2677.27
32300,2685.14
32400,2693
32500,2700.87
32600,2708.71
32700,2716.54
32800,2724.4
32900,2732.25
33000,2740.12
33100,2747.98
33200,2755.86
33300,2763.65
33400,2771.49
33500,2779.39
33600,2787.24
33700,2795.08
33800,2802.94
33900,2810.84
34000,2818.73
34100,2826.61
34200,2834.49
34300,2842.34
34400,2850.19
34500,2858.03
34600,2865.87
34700,2873.72
34800,2881.55
34900,2889.4
35000,2897.22
35100,2905.09
35200,2912.91
35300,2920.73
35400,2928.59
35500,2936.46
35600,2944.33
35700,2952.19
35800,2960.03
35900,2967.89
36000,2975.75
36100,2983.67
36200,2991.55
36300,2999.41
36400,3007.25
36500,3015.09
36600,3022.93
36700,3030.8
36800,3038.65
36900,3046.52
37000,3054.39
37100,3062.26
37200,3070.1
37300,3077.91
37400,3085.75
37500,3093.61
37600,3101.47
37700,3109.33
37800,3117.17
37900,3125.02
38000,3132.91
38100,3140.74
38200,3148.58
38300,3156.45
38400,3164.32
38500,3172.17
38600,3180.05
38700,3187.93
38800,3195.78
38900,3203.63
39000,3211.51
39100,3219.4
39200,3227.29
39300,3235.17
39400,3243.01
39500,3250.85
39600,3258.68
39700,3266.53
39800,3274.36
39900,3282.18
40000,3290.03
40100,3297.91
40200,3305.73
40300,3313.58
40400,3321.44
40500,3329.28
40600,3337.14
40700,3344.98
40800,3352.84
40900,3360.71
41000,3368.54
41100,3376.41
41200,3384.26
41300,3392.14
41400,3400
41500,3407.86
41600,3415.7
41700,3423.59
41800,3431.44
41900,3439.32
42000,3447.18
42100,3455.05
42200,3462.89
42300,3470.75
42400,3478.62
42500,3486.44
42600,3494.25
42700,3502.09
42800,3509.91
42900,3517.74
43000,3525.59
43100,3533.46
43200,3541.35
43300,3549.21
43400,3557.03
43500,3564.9
43600,3572.79
43700,3580.7
43800,3588.55
43900,3596.4
44000,3604.22
44100,3612.07
44200,3619.93
44300,3627.78
44400,3635.66
44500,3643.52
44600,3651.4
44700,3659.26
44800,3667.11
44900,3674.97
45000,3682.88
45100,3690.73
45200,3698.57
45300,3706.43
45400,3714.26
45500,3722.08
45600,3729.94
45700,3737.79
45800,3745.62
45900,3753.46
46000,3761.33
46100,3769.16
46200,3777.01
46300,3784.85
46400,3792.69
46500,3800.53
46600,3808.4
46700,3816.26
46800,3824.12
46900,3831.96
47000,3839.82
47100,3847.68
47200,3855.56
47300,3863.44
47400,3871.3
47500,3879.13
47600,3886.96
47700,3894.76
47800,3902.6
47900,3910.46
48000,3918.32
48100,3926.21
48200,3934.04
48300,3941.87
48400,3949.72
48500,3957.58
48600,3965.44
48700,3973.29
48800,3981.11
48900,3988.97
49000,3996.86
49100,4004.73
49200,4012.58
49300,4020.46
49400,4028.3
49500,4036.15
49600,4044.03
49700,4051.9
49800,4059.81
49900,4067.69
50000,4075.56
50100,4083.42
50200,4091.26
50300,4099.1
50400,4106.96
50500,4114.81
50600,4122.64
50700,4130.5
50800,4138.38
50900,4146.27
51000,4154.14
51100,4162.01
51200,4169.9
51300,4177.75
51400,4185.62
51500,4193.45
51600,4201.32
51700,4209.18
51800,4217.04
51900,4224.93
52000,4232.8
52100,4240.67
52200,4248.55
52300,4256.41
52400,4264.27
52500,4272.16
52600,4280.02
52700,4287.91
52800,4295.74
52900,4303.58
53000,4311.44
53100,4319.28
53200,4327.13
53300,4334.95
53400,4342.82
53500,4350.67
53600,4358.53
53700,4366.37
53800,4374.21
53900,4382.05
54000,4389.91
54100,4397.75
54200,4405.58
54300,4413.43
54400,4421.3
54500,4429.12
54600,4437
54700,4444.85
54800,4452.69
54900,4460.52
55000,4468.41
55100,4476.27
55200,4484.12
55300,4491.94
55400,4499.77
55500,4507.59
55600,4515.43
55700,4523.28
55800,4531.15
55900,4539.03
56000,4546.9
56100,4554.72
56200,4562.59
56300,4570.44
56400,4578.31
56500,4586.15
56600,4594.02
56700,4601.89
56800,4609.74
56900,4617.58
57000,4625.45
57100,4633.33
57200,4641.19
57300,4649.09
57400,4656.99
57500,4664.9
57600,4672.77
57700,4680.65
57800,4688.5
57900,4696.36
58000,4704.24
58100,4712.1
58200,4719.96
58300,4727.84
58400,4735.68
58500,4743.54
58600,4751.39
58700,4759.26
58800,4767.11
58900,4774.99
59000,4782.88
59100,4790.76
59200,4798.59
59300,4806.44
59400,4814.28
59500,4822.1
59600,4829.97
59700,4837.88
59800,4845.78
59900,4853.62
60000,4861.45
60100,4869.28
60200,4877.11
60300,4884.96
60400,4892.79
60500,4900.6
60600,4908.44
60700,4916.3
60800,4924.14
60900,4931.99
61000,4939.81
61100,4947.65
61200,4955.48
61300,4963.33
61400,4971.17
61500,4979.03
61600,4986.92
61700,4994.79
61800,5002.64
61900,5010.46
62000,5018.31
62100,5026.13
62200,5033.96
62300,5041.83
62400,5049.67
62500,5057.55
62600,5065.41
62700,5073.24
62800,5081.11
62900,5088.98
63000,5096.87
63100,5104.73
63200,5112.61
63300,5120.44
63400,5128.3
63500,5136.13
63600,5144
63700,5151.85
63800,5159.69
63900,5167.58
64000,5175.44
64100,5183.31
64200,5191.21
64300,5199.07
64400,5206.93
64500,5214.78
64600,5222.64
64700,5230.54
64800,5238.39
64900,5246.23
65000,5254.05
65100,5261.9
65200,5269.76
65300,5277.62
65400,5285.48
65500,5293.35
65600,5301.23
65700,5309.09
65800,5316.94
65900,5324.8
66000,5332.7
66100,5340.57
66200,5348.49
66300,5356.38
66400,5364.28
66500,5372.16
66600,5380.04
66700,5387.9
66800,5395.74
66900,5403.61
67000,5411.47
67100,5419.3
67200,5427.14
67300,5434.94
67400,5442.79
67500,5450.61
67600,5458.49
67700,5466.36
67800,5474.22
67900,5482.06
68000,5489.88
68100,5497.69
68200,5505.51
68300,5513.38
68400,5521.19
68500,5529.04
68600,5536.9
68700,5544.77
68800,5552.61
68900,5560.43
69000,5568.25
69100,5576.13
69200,5584.02
69300,5591.91
69400,5599.77
69500,5607.6
69600,5615.4
69700,5623.27
69800,5631.11
69900,5638.96
70000,5646.85
70100,5654.72
70200,5662.56
70300,5670.45
70400,5678.27
70500,5686.08
70600,5693.93
70700,5701.78
70800,5709.65
70900,5717.54
71000,5725.41
71100,5733.24
71200,5741.09
71300,5748.92
71400,5756.74
71500,5764.57
71600,5772.43
71700,5780.28
71800,5788.16
71900,5796.02
72000,5803.89
72100,5811.77
72200,5819.67
72300,5827.48
72400,5835.33
72500,5843.17
72600,5851.04
72700,5858.88
72800,5866.77
72900,5874.6
73000,5882.48
73100,5890.32
73200,5898.15
73300,5905.98
73400,5913.81
73500,5921.69
73600,5929.57
73700,5937.4
73800,5945.23
73900,5953.06
74000,5960.89
74100,5968.75
74200,5976.65
74300,5984.49
74400,5992.4
74500,6000.26
74600,6008.08
74700,6015.94
74800,6023.78
74900,6031.6
75000,6039.42
75100,6047.29
75200,6055.18
75300,6063.05
75400,6070.93
75500,6078.76
75600,6086.6
75700,6094.45
75800,6102.28
75900,6110.14
76000,6117.97
76100,6125.8
76200,6133.64
76300,6141.47
76400,6149.32
76500,6157.16
76600,6165.03
76700,6172.89
76800,6180.76
76900,6188.63
77000,6196.51
77100,6204.4
77200,6212.28
77300,6220.14
77400,6228.02
77500,6235.9
77600,6243.74
77700,6251.6
77800,6259.49
77900,6267.38
78000,6275.25
78100,6283.13
78200,6291.01
78300,6298.87
78400,6306.76
78500,6314.58
78600,6322.47
78700,6330.36
78800,6338.23
78900,6346.11
79000,6353.99
79100,6361.92
79200,6369.81
79300,6377.68
79400,6385.57
79500,6393.46
79600,6401.31
79700,6409.15
79800,6417.02
79900,6424.9
80000,6432.75
80100,6440.6
80200,6448.46
80300,6456.35
80400,6464.23
80500,6472.09
80600,6479.97
80700,6487.84
80800,6495.73
80900,6503.57
81000,6511.42
81100,6519.27
81200,6527.12
81300,6534.98
81400,6542.82
81500,6550.7
81600,6558.52
81700,6566.37
81800,6574.22
81900,6582.09
82000,6589.95
82100,6597.8
82200,6605.66
82300,6613.52
82400,6621.4
82500,6629.22
82600,6637.05
82700,6644.9
82800,6652.74
82900,6660.61
83000,6668.51
83100,6676.39
83200,6684.24
83300,6692.09
83400,6699.96
83500,6707.85
83600,6715.71
83700,6723.59
83800,6731.45
83900,6739.35
84000,6747.2
84100,6755.05
84200,6762.9
84300,6770.76
84400,6778.64
84500,6786.47
84600,6794.31
84700,6802.18
84800,6810.01
84900,6817.87
85000,6825.7
85100,6833.53
85200,6841.39
85300,6849.21
85400,6857.09
85500,6864.96
85600,6872.81
85700,6880.61
85800,6888.48
85900,6896.29
86000,6904.19
86100,6912.06
86200,6919.94
86300,6927.8
86400,6935.67
86500,6943.57
86600,6951.43
86700,6959.3
86800,6967.15
86900,6975.01
87000,6982.85
87100,6990.7
87200,6998.54
87300,7006.41
87400,7014.31
87500,7022.18
87600,7030.07
87700,7037.95
87800,7045.77
87900,7053.63
88000,7061.49
88100,7069.29
88200,7077.12
88300,7084.92
88400,7092.8
88500,7100.67
88600,7108.57
88700,7116.45
88800,7124.34
88900,7132.19
89000,7140.03
89100,7147.9
89200,7155.74
89300,7163.6
89400,7171.44
89500,7179.29
89600,7187.12
89700,7194.99
89800,7202.87
89900,7210.76
90000,7218.64
90100,7226.48
90200,7234.33
90300,7242.22
90400,7250.06
90500,7257.87
90600,7265.73
90700,7273.6
90800,7281.39
90900,7289.22
91000,7297.06
91100,7304.9
91200,7312.77
91300,7320.62
91400,7328.43
91500,7336.3
91600,7344.15
91700,7352
91800,7359.86
91900,7367.76
92000,7375.57
92100,7383.45
92200,7391.31
92300,7399.15
92400,7407
92500,7414.86
92600,7422.66
92700,7430.47
92800,7438.29
92900,7446.12
93000,7453.94
93100,7461.81
93200,7469.69
93300,7477.57
93400,7485.43
93500,7493.28
93600,7501.14
93700,7508.95
93800,7516.8
93900,7524.66
94000,7532.51
94100,7540.34
94200,7548.11
94300,7555.99
94400,7563.86
94500,7571.73
94600,7579.59
94700,7587.44
94800,7595.28
94900,7603.16
95000,7611.04
95100,7618.91
95200,7626.78
95300,7634.67
95400,7642.56
95500,7650.46
95600,7658.35
95700,7666.21
95800,7674.07
95900,7681.95
96000,7689.81
96100,7697.64
96200,7705.52
96300,7713.37
96400,7721.21
96500,7729.02
96600,7736.93
96700,7744.78
96800,7752.65
96900,7760.55
97000,7768.45
97100,7776.35
97200,7784.21
97300,7792.06
97400,7799.92
97500,7807.77
97600,7815.62
97700,7823.47
97800,7831.33
97900,7839.18
98000,7846.99
98100,7854.83
98200,7862.72
98300,7870.57
98400,7878.44
98500,7886.28
98600,7894.14
98700,7902
98800,7909.85
98900,7917.68
99000,7925.54
99100,7933.37
99200,7941.23
99300,7949.12
99400,7957.03
99500,7964.94
99600,7972.82
99700,7980.65
99800,7988.52
99900,7996.4
