0,150.008
100,155.506
200,162.907
300,170.597
400,178.379
500,186.229
600,194.07
700,201.922
800,209.789
900,217.61
1000,225.482
1100,233.324
1200,241.174
1300,249.034
1400,256.909
1500,264.76
1600,272.613
1700,280.435
1800,288.241
1900,296.083
2000,303.904
2100,311.742
2200,319.616
2300,327.474
2400,335.305
2500,343.156
2600,351.024
2700,358.928
2800,366.804
2900,374.66
3000,382.53
3100,390.39
3200,398.23
3300,406.075
3400,413.923
3500,421.757
3600,429.63
3700,437.513
3800,445.379
3900,453.208
4000,461.056
4100,468.886
4200,476.709
4300,484.561
4400,492.421
4500,500.279
4600,508.144
4700,516.026
4800,523.879
4900,531.731
5000,539.613
5100,547.478
5200,555.353
5300,563.254
5400,571.125
5500,579.012
5600,586.882
5700,594.751
5800,602.657
5900,610.487
6000,618.355
6100,626.188
6200,634.02
6300,641.871
6400,649.715
6500,657.587
6600,665.446
6700,673.327
6800,681.191
6900,689.055
7000,696.862
7100,704.711
7200,712.536
7300,720.402
7400,728.244
7500,736.085
7600,743.946
7700,751.818
7800,759.662
7900,767.524
8000,775.343
8100,783.195
8200,791.046
8300,798.899
8400,806.718
8500,814.559
8600,822.428
8700,830.278
8800,838.13
8900,845.981
9000,853.876
9100,861.706
9200,869.555
9300,877.377
9400,885.233
9500,893.057
9600,900.914
9700,908.794
9800,916.631
9900,924.5
10000,932.326
10100,940.185
10200,948.053
10300,955.932
10400,963.773
10500,971.597
10600,979.438
10700,987.288
10800,995.117
10900,1002.97
11000,1010.84
11100,1018.68
11200,1026.56
11300,1034.44
11400,1042.31
11500,1050.14
11600,1058.02
11700,1065.88
11800,1073.73
11900,1081.61
12000,1089.47
12100,1097.36
12200,1105.24
12300,1113.08
12400,1120.89
12500,1128.69
12600,1136.55
12700,1144.39
12800,1152.25
12900,1160.1
13000,1167.97
13100,1175.82
13200,1183.64
13300,1191.51
13400,1199.37
13500,1207.22
13600,1215.08
13700,1222.93
13800,1230.78
13900,1238.63
14000,1246.46
14100,1254.29
14200,1262.1
14300,1269.99
14400,1277.89
14500,1285.74
14600,1293.59
14700,1301.46
14800,1309.28
14900,1317.11
15000,1324.92
15100,1332.76
15200,1340.61
15300,1348.43
15400,1356.25
15500,1364.09
15600,1371.95
15700,1379.79
15800,1387.67
15900,1395.56
16000,1403.47
16100,1411.35
16200,1419.23
16300,1427.06
16400,1434.94
16500,1442.82
16600,1450.66
16700,1458.54
16800,1466.43
16900,1474.29
17000,1482.17
17100,1490.07
17200,1497.96
17300,1505.8
17400,1513.69
17500,1521.57
17600,1529.44
17700,1537.33
17800,1545.21
17900,1553.06
18000,1560.9
18100,1568.76
18200,1576.62
18300,1584.46
18400,1592.32
18500,1600.18
18600,1608.03
18700,1615.93
18800,1623.78
18900,1631.64
19000,1639.49
19100,1647.34
19200,1655.19
19300,1663.08
19400,1670.95
19500,1678.82
19600,1686.7
19700,1694.62
19800,1702.46
19900,1710.32
20000,1718.15
20100,1726.01
20200,1733.86
20300,1741.73
20400,1749.6
20500,1757.45
20600,1765.31
20700,1773.19
20800,1781
20900,1788.83
21000,1796.66
21100,1804.46
21200,1812.37
21300,1820.23
21400,1828.08
21500,1835.95
21600,1843.83
21700,1851.74
21800,1859.65
21900,1867.54
22000,1875.42
22100,1883.28
22200,1891.15
22300,1899.01
22400,1906.89
22500,1914.73
22600,1922.62
22700,1930.49
22800,1938.33
22900,1946.22
23000,1954.11
23100,1961.94
23200,1969.79
23300,1977.63
23400,1985.51
23500,1993.39
23600,2001.26
23700,2009.13
23800,2016.97
23900,2024.82
24000,2032.71
24100,2040.57
24200,2048.45
24300,2056.29
24400,2064.17
24500,2072.05
24600,2079.91
24700,2087.79
24800,2095.63
24900,2103.5
25000,2111.36
25100,2119.2
25200,2127.08
25300,2134.87
25400,2142.75
25500,2150.61
25600,2158.44
25700,2166.3
25800,2174.18
25900,2182.06
26000,2189.94
26100,2197.79
26200,2205.65
26300,2213.5
26400,2221.36
26500,2229.2
26600,2237.06
26700,2244.9
26800,2252.76
26900,2260.61
27000,2268.44
27100,2276.33
27200,2284.26
27300,2292.15
27400,2300.04
27500,2307.91
27600,2315.81
27700,2323.69
27800,2331.57
27900,2339.48
28000,2347.44
28100,2355.38
28200,2363.26
28300,2371.13
28400,2378.99
28500,2386.88
28600,2394.72
28700,2402.57
28800,2410.42
28900,2418.26
29000,2426.08
29100,2433.92
29200,2441.79
29300,2449.68
29400,2457.56
29500,2465.45
29600,2473.34
29700,2481.21
29800,2489.03
29900,2496.85
30000,2504.7
30100,2512.55
30200,2520.43
30300,2528.32
30400,2536.18
30500,2544.08
30600,2551.91
30700,2559.79
30800,2567.66
30900,2575.53
31000,2583.42
31100,2591.32
31200,2599.16
31300,2606.99
31400,2614.85
31500,2622.69
31600,2630.5
31700,2638.36
31800,2646.23
31900,2654.07
32000,2661.92
32100,2669.78
32200,2677.63
32300,2685.49
32400,2693.35
32500,2701.16
32600,2709
32700,2716.85
32800,2724.73
32900,2732.57
33000,2740.42
33100,2748.28
33200,2756.16
33300,2764.02
33400,2771.86
33500,2779.72
33600,2787.59
33700,2795.42
33800,2803.25
33900,2811.12
34000,2818.96
34100,2826.79
34200,2834.63
34300,2842.47
34400,2850.32
34500,2858.18
34600,2866.05
34700,2873.92
34800,2881.79
34900,2889.65
35000,2897.5
35100,2905.37
35200,2913.22
35300,2921.08
35400,2928.94
35500,2936.83
35600,2944.68
35700,2952.51
35800,2960.37
35900,2968.24
36000,2976.12
36100,2983.98
36200,2991.81
36300,2999.63
36400,3007.48
36500,3015.32
36600,3023.2
36700,3031.05
36800,3038.95
36900,3046.84
37000,3054.72
37100,3062.61
37200,3070.53
37300,3078.37
37400,3086.26
37500,3094.09
37600,3101.96
37700,3109.82
37800,3117.68
37900,3125.58
38000,3133.46
38100,3141.33
38200,3149.22
38300,3157.08
38400,3164.96
38500,3172.84
38600,3180.68
38700,3188.56
38800,3196.43
38900,3204.27
39000,3212.11
39100,3219.94
39200,3227.81
39300,3235.68
39400,3243.47
39500,3251.32
39600,3259.15
39700,3267.04
39800,3274.91
39900,3282.78
40000,3290.66
40100,3298.54
40200,3306.4
40300,3314.25
40400,3322.11
40500,3329.97
40600,3337.83
40700,3345.69
40800,3353.52
40900,3361.37
41000,3369.23
41100,3377.13
41200,3384.97
41300,3392.88
41400,3400.75
41500,3408.65
41600,3416.52
41700,3424.38
41800,3432.25
41900,3440.14
42000,3448.06
42100,3455.92
42200,3463.8
42300,3471.7
42400,3479.62
42500,3487.54
42600,3495.44
42700,3503.28
42800,3511.14
42900,3519
43000,3526.89
43100,3534.76
43200,3542.63
43300,3550.5
43400,3558.39
43500,3566.26
43600,3574.13
43700,3581.97
43800,3589.84
43900,3597.73
44000,3605.64
44100,3613.48
44200,3621.32
44300,3629.2
44400,3637.07
44500,3644.94
44600,3652.8
44700,3660.65
44800,3668.51
44900,3676.36
45000,3684.23
45100,3692.1
45200,3699.96
45300,3707.8
45400,3715.7
45500,3723.62
45600,3731.48
45700,3739.35
45800,3747.21
45900,3755.07
46000,3762.95
46100,3770.84
46200,3778.74
46300,3786.6
46400,3794.45
46500,3802.32
46600,3810.2
46700,3818.06
46800,3825.92
46900,3833.79
47000,3841.65
47100,3849.5
47200,3857.35
47300,3865.21
47400,3873.09
47500,3880.94
47600,3888.8
47700,3896.64
47800,3904.54
47900,3912.42
48000,3920.26
48100,3928.12
48200,3936
48300,3943.88
48400,3951.75
48500,3959.6
48600,3967.46
48700,3975.3
48800,3983.18
48900,3991.04
49000,3998.87
49100,4006.75
49200,4014.6
49300,4022.46
49400,4030.3
49500,4038.14
49600,4046
49700,4053.88
49800,4061.72
49900,4069.56
50000,4077.42
50100,4085.28
50200,4093.16
50300,4101.03
50400,4108.9
50500,4116.74
50600,4124.57
50700,4132.41
50800,4140.22
50900,4148.04
51000,4155.87
51100,4163.76
51200,4171.64
51300,4179.49
51400,4187.32
51500,4195.16
51600,4203.04
51700,4210.9
51800,4218.73
51900,4226.57
52000,4234.4
52100,4242.27
52200,4250.1
52300,4257.93
52400,4265.76
52500,4273.59
52600,4281.47
52700,4289.32
52800,4297.17
52900,4305.03
53000,4312.87
53100,4320.7
53200,4328.52
53300,4336.39
53400,4344.2
53500,4352.06
53600,4359.92
53700,4367.76
53800,4375.63
53900,4383.48
54000,4391.31
54100,4399.16
54200,4407.02
54300,4414.88
54400,4422.7
54500,4430.56
54600,4438.42
54700,4446.31
54800,4454.17
54900,4462.07
55000,4469.93
55100,4477.8
55200,4485.66
55300,4493.51
55400,4501.4
55500,4509.27
55600,4517.15
55700,4525
55800,4532.85
55900,4540.69
56000,4548.56
56100,4556.42
56200,4564.26
56300,4572.11
56400,4579.94
56500,4587.8
56600,4595.65
56700,4603.53
56800,4611.39
56900,4619.21
57000,4627.05
57100,4634.87
57200,4642.74
57300,4650.58
57400,4658.46
57500,4666.35
57600,4674.22
57700,4682.09
57800,4689.94
57900,4697.77
58000,4705.6
58100,4713.46
58200,4721.34
58300,4729.22
58400,4737.14
58500,4745.03
58600,4752.91
58700,4760.78
58800,4768.67
58900,4776.5
59000,4784.37
59100,4792.24
59200,4800.1
59300,4807.95
59400,4815.77
59500,4823.57
59600,4831.38
59700,4839.2
59800,4847.03
59900,4854.87
60000,4862.69
60100,4870.55
60200,4878.43
60300,4886.26
60400,4894.12
60500,4902
60600,4909.87
60700,4917.72
60800,4925.56
60900,4933.41
61000,4941.26
61100,4949.1
61200,4956.95
61300,4964.81
61400,4972.65
61500,4980.5
61600,4988.38
61700,4996.25
61800,5004.13
61900,5011.99
62000,5019.86
62100,5027.71
62200,5035.57
62300,5043.45
62400,5051.34
62500,5059.18
62600,5067.08
62700,5074.98
62800,5082.88
62900,5090.74
63000,5098.57
63100,5106.42
63200,5114.28
63300,5122.14
63400,5130.02
63500,5137.89
63600,5145.73
63700,5153.58
63800,5161.43
63900,5169.34
64000,5177.24
64100,5185.09
64200,5192.97
64300,5200.81
64400,5208.67
64500,5216.54
64600,5224.4
64700,5232.31
64800,5240.17
64900,5248.04
65000,5255.88
65100,5263.73
65200,5271.61
65300,5279.48
65400,5287.35
65500,5295.2
65600,5303.05
65700,5310.92
65800,5318.74
65900,5326.61
66000,5334.53
66100,5342.41
66200,5350.27
66300,5358.13
66400,5365.98
66500,5373.83
66600,5381.68
66700,5389.56
66800,5397.4
66900,5405.28
67000,5413.16
67100,5421.02
67200,5428.89
67300,5436.7
67400,5444.55
67500,5452.4
67600,5460.25
67700,5468.11
67800,5476
67900,5483.85
68000,5491.72
68100,5499.62
68200,5507.46
68300,5515.33
68400,5523.17
68500,5531.07
68600,5538.93
68700,5546.77
68800,5554.62
68900,5562.47
69000,5570.28
69100,5578.17
69200,5586.03
69300,5593.89
69400,5601.74
69500,5609.63
69600,5617.48
69700,5625.34
69800,5633.16
69900,5641
70000,5648.87
70100,5656.76
70200,5664.61
70300,5672.49
70400,5680.36
70500,5688.21
70600,5696.03
70700,5703.86
70800,5711.68
70900,5719.52
71000,5727.36
71100,5735.22
71200,5743.08
71300,5750.92
71400,5758.74
71500,5766.56
71600,5774.44
71700,5782.3
71800,5790.2
71900,5798.08
72000,5805.91
72100,5813.79
72200,5821.69
72300,5829.56
72400,5837.41
72500,5845.28
72600,5853.17
72700,5861.04
72800,5868.93
72900,5876.8
73000,5884.68
73100,5892.54
73200,5900.4
73300,5908.28
73400,5916.19
73500,5924.06
73600,5931.93
73700,5939.79
73800,5947.63
73900,5955.45
74000,5963.32
74100,5971.18
74200,5979.02
74300,5986.88
74400,5994.77
74500,6002.63
74600,6010.51
74700,6018.36
74800,6026.23
74900,6034.09
75000,6041.93
75100,6049.8
75200,6057.73
75300,6065.63
75400,6073.52
75500,6081.45
75600,6089.36
75700,6097.22
75800,6105.1
75900,6112.94
76000,6120.8
76100,6128.64
76200,6136.52
76300,6144.43
76400,6152.32
76500,6160.17
76600,6168.02
76700,6175.86
76800,6183.73
76900,6191.59
77000,6199.41
77100,6207.25
77200,6215.08
77300,6222.9
77400,6230.71
77500,6238.52
77600,6246.37
77700,6254.26
77800,6262.09
77900,6269.96
78000,6277.82
78100,6285.69
78200,6293.56
78300,6301.4
78400,6309.25
78500,6317.07
78600,6324.92
78700,6332.76
78800,6340.62
78900,6348.48
79000,6356.33
79100,6364.2
79200,6372.04
79300,6379.9
79400,6387.79
79500,6395.66
79600,6403.54
79700,6411.4
79800,6419.26
79900,6427.11
80000,6434.96
80100,6442.84
80200,6450.67
80300,6458.53
80400,6466.4
80500,6474.25
80600,6482.07
80700,6489.94
80800,6497.82
80900,6505.69
81000,6513.56
81100,6521.44
81200,6529.29
81300,6537.12
81400,6544.92
81500,6552.74
81600,6560.61
81700,6568.46
81800,6576.29
81900,6584.17
82000,6592.02
82100,6599.9
82200,6607.73
82300,6615.63
82400,6623.52
82500,6631.41
82600,6639.24
82700,6647.09
82800,6655
82900,6662.94
83000,6670.83
83100,6678.71
83200,6686.63
83300,6694.5
83400,6702.37
83500,6710.21
83600,6718.09
83700,6725.96
83800,6733.78
83900,6741.6
84000,6749.47
84100,6757.34
84200,6765.21
84300,6773.09
84400,6780.94
84500,6788.81
84600,6796.71
84700,6804.57
84800,6812.43
84900,6820.31
85000,6828.15
85100,6836.01
85200,6843.87
85300,6851.74
85400,6859.6
85500,6867.49
85600,6875.34
85700,6883.23
85800,6891.08
85900,6898.98
86000,6906.83
86100,6914.71
86200,6922.54
86300,6930.39
86400,6938.23
86500,6946.04
86600,6953.89
86700,6961.8
86800,6969.68
86900,6977.58
87000,6985.43
87100,6993.29
87200,7001.19
87300,7009.05
87400,7016.87
87500,7024.74
87600,7032.6
87700,7040.46
87800,7048.33
87900,7056.14
88000,7064.03
88100,7071.9
88200,7079.75
88300,7087.58
88400,7095.47
88500,7103.39
88600,7111.24
88700,7119.13
88800,7126.97
88900,7134.85
89000,7142.68
89100,7150.54
89200,7158.38
89300,7166.24
89400,7174.08
89500,7181.93
89600,7189.77
89700,7197.64
89800,7205.55
89900,7213.4
90000,7221.26
90100,7229.12
90200,7237
90300,7244.85
90400,7252.68
90500,7260.5
90600,7268.41
90700,7276.27
90800,7284.11
90900,7291.95
91000,7299.79
91100,7307.66
91200,7315.5
91300,7323.35
91400,7331.22
91500,7339.09
91600,7346.97
91700,7354.84
91800,7362.7
91900,7370.6
92000,7378.47
92100,7386.35
92200,7394.22
92300,7402.11
92400,7409.97
92500,7417.82
92600,7425.65
92700,7433.48
92800,7441.3
92900,7449.14
93000,7456.98
93100,7464.81
93200,7472.63
93300,7480.49
93400,7488.35
93500,7496.2
93600,7504.04
93700,7511.9
93800,7519.76
93900,7527.64
94000,7535.54
94100,7543.39
94200,7551.2
94300,7559.05
94400,7566.89
94500,7574.7
94600,7582.53
94700,7590.37
94800,7598.22
94900,7606.08
95000,7613.93
95100,7621.74
95200,7629.6
95300,7637.45
95400,7645.3
95500,7653.15
95600,7660.99
95700,7668.82
95800,7676.66
95900,7684.5
96000,7692.36
96100,7700.18
96200,7708.04
96300,7715.86
96400,7723.69
96500,7731.53
96600,7739.4
96700,7747.25
96800,7755.08
96900,7762.94
97000,7770.81
97100,7778.68
97200,7786.57
97300,7794.44
97400,7802.34
97500,7810.24
97600,7818.13
97700,7826.03
97800,7833.93
97900,7841.86
98000,7849.78
98100,7857.64
98200,7865.53
98300,7873.42
98400,7881.31
98500,7889.14
98600,7897
98700,7904.86
98800,7912.7
98900,7920.55
99000,7928.38
99100,7936.23
99200,7944.08
99300,7951.96
99400,7959.81
99500,7967.65
99600,7975.45
99700,7983.25
99800,7991.1
99900,7998.91
