0,150.008
100,155.489
200,162.9
300,170.597
400,178.37
500,186.191
600,194.012
700,201.83
800,209.665
900,217.521
1000,225.416
1100,233.254
1200,241.094
1300,248.922
1400,256.777
1500,264.643
1600,272.496
1700,280.38
1800,288.244
1900,296.06
2000,303.915
2100,311.799
2200,319.639
2300,327.486
2400,335.299
2500,343.143
2600,351.029
2700,358.896
2800,366.745
2900,374.602
3000,382.417
3100,390.274
3200,398.092
3300,405.929
3400,413.788
3500,421.662
3600,429.507
3700,437.376
3800,445.206
3900,453.053
4000,460.92
4100,468.774
4200,476.604
4300,484.461
4400,492.33
4500,500.194
4600,508.065
4700,515.933
4800,523.785
4900,531.662
5000,539.548
5100,547.41
5200,555.272
5300,563.094
5400,570.955
5500,578.833
5600,586.681
5700,594.513
5800,602.345
5900,610.249
6000,618.078
6100,625.959
6200,633.808
6300,641.697
6400,649.554
6500,657.403
6600,665.282
6700,673.107
6800,680.97
6900,688.816
7000,696.683
7100,704.557
7200,712.458
7300,720.338
7400,728.215
7500,736.055
7600,743.929
7700,751.817
7800,759.685
7900,767.572
8000,775.421
8100,783.287
8200,791.151
8300,799.036
8400,806.886
8500,814.746
8600,822.637
8700,830.491
8800,838.314
8900,846.197
9000,854.044
9100,861.913
9200,869.768
9300,877.654
9400,885.532
9500,893.395
9600,901.246
9700,909.1
9800,916.966
9900,924.843
10000,932.695
10100,940.558
10200,948.425
10300,956.252
10400,964.068
10500,971.973
10600,979.826
10700,987.667
10800,995.497
10900,1003.31
11000,1011.15
11100,1018.97
11200,1026.82
11300,1034.69
11400,1042.53
11500,1050.38
11600,1058.23
11700,1066.09
11800,1073.95
11900,1081.81
12000,1089.67
12100,1097.52
12200,1105.38
12300,1113.23
12400,1121.1
12500,1128.96
12600,1136.77
12700,1144.65
12800,1152.52
12900,1160.41
13000,1168.26
13100,1176.19
13200,1184.05
13300,1191.92
13400,1199.81
13500,1207.68
13600,1215.55
13700,1223.4
13800,1231.25
13900,1239.12
14000,1246.99
14100,1254.82
14200,1262.69
14300,1270.58
14400,1278.47
14500,1286.33
14600,1294.19
14700,1302.05
14800,1309.91
14900,1317.78
15000,1325.65
15100,1333.48
15200,1341.32
15300,1349.16
15400,1356.98
15500,1364.79
15600,1372.59
15700,1380.45
15800,1388.34
15900,1396.18
16000,1404.01
16100,1411.88
16200,1419.76
16300,1427.61
16400,1435.49
16500,1443.35
16600,1451.21
16700,1459.07
16800,1466.94
16900,1474.81
17000,1482.68
17100,1490.54
17200,1498.4
17300,1506.26
17400,1514.09
17500,1521.92
17600,1529.78
17700,1537.66
17800,1545.54
17900,1553.41
18000,1561.21
18100,1569.05
18200,1576.87
18300,1584.68
18400,1592.5
18500,1600.32
18600,1608.16
18700,1616
18800,1623.84
18900,1631.65
19000,1639.47
19100,1647.34
19200,1655.23
19300,1663.11
19400,1670.98
19500,1678.87
19600,1686.74
19700,1694.62
19800,1702.56
19900,1710.45
20000,1718.31
20100,1726.21
20200,1734.1
20300,1741.97
20400,1749.85
20500,1757.7
20600,1765.51
20700,1773.34
20800,1781.2
20900,1789.1
21000,1797.01
21100,1804.87
21200,1812.75
21300,1820.6
21400,1828.47
21500,1836.34
21600,1844.19
21700,1852.05
21800,1859.9
21900,1867.76
22000,1875.59
22100,1883.44
22200,1891.3
22300,1899.19
22400,1907.08
22500,1914.95
22600,1922.84
22700,1930.69
22800,1938.56
22900,1946.43
23000,1954.26
23100,1962.09
23200,1969.98
23300,1977.83
23400,1985.69
23500,1993.53
23600,2001.38
23700,2009.19
23800,2017.06
23900,2024.91
24000,2032.73
24100,2040.58
24200,2048.4
24300,2056.24
24400,2064.1
24500,2071.93
24600,2079.76
24700,2087.58
24800,2095.39
24900,2103.22
25000,2111.09
25100,2118.94
25200,2126.83
25300,2134.68
25400,2142.53
25500,2150.37
25600,2158.23
25700,2166.1
25800,2173.95
25900,2181.82
26000,2189.69
26100,2197.55
26200,2205.42
26300,2213.25
26400,2221.05
26500,2228.89
26600,2236.7
26700,2244.51
26800,2252.38
26900,2260.22
27000,2268.05
27100,2275.9
27200,2283.78
27300,2291.64
27400,2299.46
27500,2307.33
27600,2315.15
27700,2323.06
27800,2330.93
27900,2338.76
28000,2346.62
28100,2354.46
28200,2362.33
28300,2370.17
28400,2378.05
28500,2385.9
28600,2393.75
28700,2401.6
28800,2409.45
28900,2417.29
29000,2425.13
29100,2432.95
29200,2440.8
29300,2448.67
29400,2456.52
29500,2464.34
29600,2472.25
29700,2480.1
29800,2487.98
29900,2495.82
30000,2503.66
30100,2511.51
30200,2519.34
30300,2527.19
30400,2535.06
30500,2542.97
30600,2550.86
30700,2558.72
30800,2566.58
30900,2574.42
31000,2582.21
31100,2590.04
31200,2597.86
31300,2605.72
31400,2613.55
31500,2621.44
31600,2629.3
31700,2637.15
31800,2645.01
31900,2652.87
32000,2660.73
32100,2668.6
32200,2676.48
32300,2684.38
32400,2692.29
32500,2700.13
32600,2707.94
32700,2715.78
32800,2723.64
32900,2731.5
33000,2739.36
33100,2747.19
33200,2755.06
33300,2762.95
33400,2770.82
33500,2778.69
33600,2786.53
33700,2794.41
33800,2802.29
33900,2810.14
34000,2817.96
34100,2825.83
34200,2833.66
34300,2841.52
34400,2849.37
34500,2857.21
34600,2865.05
34700,2872.88
34800,2880.75
34900,2888.59
35000,2896.46
35100,2904.33
35200,2912.16
35300,2920.03
35400,2927.89
35500,2935.72
35600,2943.56
35700,2951.44
35800,2959.34
35900,2967.2
36000,2975.07
36100,2982.95
36200,2990.8
36300,2998.64
36400,3006.46
36500,3014.28
36600,3022.1
36700,3029.95
36800,3037.78
36900,3045.65
37000,3053.52
37100,3061.4
37200,3069.23
37300,3077.07
37400,3084.9
37500,3092.72
37600,3100.54
37700,3108.38
37800,3116.23
37900,3124.02
38000,3131.87
38100,3139.72
38200,3147.59
38300,3155.46
38400,3163.35
38500,3171.2
38600,3179.05
38700,3186.96
38800,3194.84
38900,3202.68
39000,3210.57
39100,3218.42
39200,3226.27
39300,3234.11
39400,3241.97
39500,3249.83
39600,3257.73
39700,3265.59
39800,3273.46
39900,3281.26
40000,3289.07
40100,3296.91
40200,3304.81
40300,3312.65
40400,3320.49
40500,3328.35
40600,3336.2
40700,3344.07
40800,3351.93
40900,3359.79
41000,3367.64
41100,3375.46
41200,3383.29
41300,3391.13
41400,3399.03
41500,3406.94
41600,3414.83
41700,3422.69
41800,3430.52
41900,3438.37
42000,3446.24
42100,3454.09
42200,3461.98
42300,3469.86
42400,3477.74
42500,3485.64
42600,3493.54
42700,3501.4
42800,3509.29
42900,3517.18
43000,3525.06
43100,3532.92
43200,3540.76
43300,3548.6
43400,3556.47
43500,3564.35
43600,3572.2
43700,3580.11
43800,3587.97
43900,3595.87
44000,3603.73
44100,3611.61
44200,3619.48
44300,3627.35
44400,3635.22
44500,3643.08
44600,3650.94
44700,3658.81
44800,3666.69
44900,3674.57
45000,3682.4
45100,3690.26
45200,3698.12
45300,3705.99
45400,3713.84
45500,3721.7
45600,3729.55
45700,3737.35
45800,3745.19
45900,3753.02
46000,3760.88
46100,3768.74
46200,3776.58
46300,3784.42
46400,3792.25
46500,3800.13
46600,3808
46700,3815.85
46800,3823.71
46900,3831.57
47000,3839.4
47100,3847.26
47200,3855.18
47300,3863.11
47400,3870.98
47500,3878.83
47600,3886.69
47700,3894.52
47800,3902.39
47900,3910.25
48000,3918.13
48100,3926.03
48200,3933.93
48300,3941.79
48400,3949.65
48500,3957.47
48600,3965.32
48700,3973.21
48800,3981.06
48900,3988.92
49000,3996.75
49100,4004.56
49200,4012.38
49300,4020.24
49400,4028.09
49500,4035.94
49600,4043.78
49700,4051.64
49800,4059.5
49900,4067.36
50000,4075.2
50100,4083.07
50200,4090.96
50300,4098.8
50400,4106.65
50500,4114.48
50600,4122.39
50700,4130.22
50800,4138.07
50900,4145.92
51000,4153.79
51100,4161.66
51200,4169.54
51300,4177.4
51400,4185.26
51500,4193.13
51600,4200.98
51700,4208.83
51800,4216.68
51900,4224.53
52000,4232.35
52100,4240.21
52200,4248.05
52300,4255.94
52400,4263.8
52500,4271.64
52600,4279.5
52700,4287.36
52800,4295.24
52900,4303.12
53000,4310.95
53100,4318.81
53200,4326.65
53300,4334.47
53400,4342.31
53500,4350.18
53600,4358.05
53700,4365.88
53800,4373.75
53900,4381.61
54000,4389.47
54100,4397.34
54200,4405.2
54300,4413.02
54400,4420.89
54500,4428.75
54600,4436.61
54700,4444.47
54800,4452.31
54900,4460.18
55000,4468.03
55100,4475.9
55200,4483.76
55300,4491.62
55400,4499.47
55500,4507.32
55600,4515.1
55700,4522.97
55800,4530.85
55900,4538.72
56000,4546.6
56100,4554.51
56200,4562.37
56300,4570.26
56400,4578.11
56500,4586.01
56600,4593.87
56700,4601.74
56800,4609.63
56900,4617.49
57000,4625.36
57100,4633.24
57200,4641.11
57300,4648.99
57400,4656.85
57500,4664.71
57600,4672.56
57700,4680.41
57800,4688.25
57900,4696.13
58000,4704
58100,4711.87
58200,4719.73
58300,4727.59
58400,4735.46
58500,4743.32
58600,4751.21
58700,4759.07
58800,4766.94
58900,4774.79
59000,4782.64
59100,4790.5
59200,4798.34
59300,4806.16
59400,4814.06
59500,4821.93
59600,4829.79
59700,4837.61
59800,4845.41
59900,4853.23
60000,4861.11
60100,4868.93
60200,4876.79
60300,4884.63
60400,4892.46
60500,4900.34
60600,4908.16
60700,4916.01
60800,4923.85
60900,4931.72
61000,4939.57
61100,4947.42
61200,4955.29
61300,4963.12
61400,4970.94
61500,4978.76
61600,4986.64
61700,4994.51
61800,5002.35
61900,5010.2
62000,5018.07
62100,5025.91
62200,5033.72
62300,5041.6
62400,5049.47
62500,5057.29
62600,5065.15
62700,5073.03
62800,5080.91
62900,5088.78
63000,5096.62
63100,5104.46
63200,5112.34
63300,5120.24
63400,5128.12
63500,5136.03
63600,5143.89
63700,5151.77
63800,5159.62
63900,5167.46
64000,5175.32
64100,5183.15
64200,5191.03
64300,5198.86
64400,5206.69
64500,5214.57
64600,5222.42
64700,5230.29
64800,5238.16
64900,5246.05
65000,5253.89
65100,5261.74
65200,5269.54
65300,5277.37
65400,5285.23
65500,5293.12
65600,5300.97
65700,5308.78
65800,5316.61
65900,5324.42
66000,5332.29
66100,5340.12
66200,5348.01
66300,5355.92
66400,5363.78
66500,5371.65
66600,5379.52
66700,5387.38
66800,5395.24
66900,5403.09
67000,5410.94
67100,5418.83
67200,5426.72
67300,5434.61
67400,5442.52
67500,5450.42
67600,5458.34
67700,5466.26
67800,5474.14
67900,5482.07
68000,5489.94
68100,5497.78
68200,5505.61
68300,5513.47
68400,5521.32
68500,5529.14
68600,5536.97
68700,5544.8
68800,5552.63
68900,5560.45
69000,5568.3
69100,5576.16
69200,5584
69300,5591.86
69400,5599.76
69500,5607.62
69600,5615.48
69700,5623.36
69800,5631.22
69900,5639.07
70000,5646.93
70100,5654.75
70200,5662.58
70300,5670.44
70400,5678.32
70500,5686.16
70600,5694.01
70700,5701.85
70800,5709.71
70900,5717.59
71000,5725.42
71100,5733.29
71200,5741.13
71300,5749.01
71400,5756.84
71500,5764.67
71600,5772.55
71700,5780.36
71800,5788.21
71900,5796.05
72000,5803.93
72100,5811.78
72200,5819.64
72300,5827.5
72400,5835.37
72500,5843.22
72600,5851.12
72700,5859.02
72800,5866.88
72900,5874.74
73000,5882.56
73100,5890.39
73200,5898.24
73300,5906.09
73400,5913.96
73500,5921.82
73600,5929.66
73700,5937.53
73800,5945.36
73900,5953.26
74000,5961.15
74100,5969.04
74200,5976.91
74300,5984.8
74400,5992.67
74500,6000.52
74600,6008.37
74700,6016.23
74800,6024.09
74900,6031.93
75000,6039.77
75100,6047.62
75200,6055.47
75300,6063.34
75400,6071.21
75500,6079.04
75600,6086.87
75700,6094.75
75800,6102.65
75900,6110.51
76000,6118.37
76100,6126.22
76200,6134.07
76300,6141.94
76400,6149.81
76500,6157.67
76600,6165.52
76700,6173.41
76800,6181.29
76900,6189.16
77000,6197.01
77100,6204.89
77200,6212.77
77300,6220.66
77400,6228.52
77500,6236.37
77600,6244.23
77700,6252.12
77800,6259.97
77900,6267.86
78000,6275.73
78100,6283.56
78200,6291.39
78300,6299.25
78400,6307.12
78500,6315
78600,6322.85
78700,6330.72
78800,6338.55
78900,6346.43
79000,6354.28
79100,6362.13
79200,6369.95
79300,6377.83
79400,6385.7
79500,6393.57
79600,6401.43
79700,6409.27
79800,6417.15
79900,6425.01
80000,6432.85
80100,6440.68
80200,6448.53
80300,6456.38
80400,6464.19
80500,6472.02
80600,6479.88
80700,6487.75
80800,6495.59
80900,6503.47
81000,6511.31
81100,6519.19
81200,6527.05
81300,6534.92
81400,6542.79
81500,6550.66
81600,6558.52
81700,6566.38
81800,6574.19
81900,6582
82000,6589.87
82100,6597.73
82200,6605.61
82300,6613.5
82400,6621.36
82500,6629.26
82600,6637.16
82700,6645.05
82800,6652.98
82900,6660.84
83000,6668.7
83100,6676.55
83200,6684.39
83300,6692.25
83400,6700.08
83500,6707.94
83600,6715.79
83700,6723.67
83800,6731.54
83900,6739.4
84000,6747.24
84100,6755.09
84200,6762.94
84300,6770.83
84400,6778.69
84500,6786.55
84600,6794.45
84700,6802.3
84800,6810.17
84900,6818.05
85000,6825.92
85100,6833.79
85200,6841.66
85300,6849.54
85400,6857.41
85500,6865.28
85600,6873.13
85700,6880.99
85800,6888.82
85900,6896.68
86000,6904.5
86100,6912.37
86200,6920.25
86300,6928.06
86400,6935.95
86500,6943.8
86600,6951.73
86700,6959.66
86800,6967.53
86900,6975.4
87000,6983.27
87100,6991.12
87200,6998.99
87300,7006.84
87400,7014.67
87500,7022.49
87600,7030.35
87700,7038.2
87800,7046
87900,7053.84
88000,7061.69
88100,7069.57
88200,7077.42
88300,7085.29
88400,7093.16
88500,7101.02
88600,7108.85
88700,7116.69
88800,7124.55
88900,7132.43
89000,7140.29
89100,7148.15
89200,7156.02
89300,7163.87
89400,7171.73
89500,7179.62
89600,7187.51
89700,7195.36
89800,7203.21
89900,7211.06
90000,7218.9
90100,7226.72
90200,7234.58
90300,7242.44
90400,7250.3
90500,7258.17
90600,7266.02
90700,7273.85
90800,7281.66
90900,7289.52
91000,7297.37
91100,7305.24
91200,7313.11
91300,7320.98
91400,7328.85
91500,7336.71
91600,7344.57
91700,7352.41
91800,7360.27
91900,7368.13
92000,7375.96
92100,7383.83
92200,7391.69
92300,7399.52
92400,7407.39
92500,7415.21
92600,7423.04
92700,7430.87
92800,7438.74
92900,7446.62
93000,7454.49
93100,7462.38
93200,7470.23
93300,7478.06
93400,7485.93
93500,7493.81
93600,7501.71
93700,7509.6
93800,7517.46
93900,7525.33
94000,7533.21
94100,7541.08
94200,7548.95
94300,7556.82
94400,7564.7
94500,7572.58
94600,7580.46
94700,7588.3
94800,7596.15
94900,7604.03
95000,7611.91
95100,7619.79
95200,7627.65
95300,7635.5
95400,7643.33
95500,7651.18
95600,7659.04
95700,7666.88
95800,7674.75
95900,7682.6
96000,7690.46
96100,7698.34
96200,7706.22
96300,7714.1
96400,7721.96
96500,7729.84
96600,7737.73
96700,7745.58
96800,7753.45
96900,7761.26
97000,7769.12
97100,7776.99
97200,7784.85
97300,7792.72
97400,7800.62
97500,7808.49
97600,7816.38
97700,7824.24
97800,7832.07
97900,7839.97
98000,7847.9
98100,7855.8
98200,7863.72
98300,7871.64
98400,7879.57
98500,7887.49
98600,7895.39
98700,7903.3
98800,7911.19
98900,7919.09
99000,7927.01
99100,7934.93
99200,7942.8
99300,7950.68
99400,7958.55
99500,7966.39
99600,7974.27
99700,7982.15
99800,7990.02
99900,7997.93
