0,150.005
100,153.506
200,159.036
300,165.208
400,171.667
500,178.3
600,185.039
700,191.864
800,198.689
900,205.559
1000,212.453
1100,219.333
1200,226.236
1300,233.152
1400,240.099
1500,247.07
1600,254.086
1700,261.061
1800,268.06
1900,275.025
2000,282.001
2100,288.97
2200,295.948
2300,302.96
2400,309.929
2500,316.86
2600,323.819
2700,330.794
2800,337.789
2900,344.788
3000,351.735
3100,358.717
3200,365.699
3300,372.636
3400,379.572
3500,386.568
3600,393.592
3700,400.56
3800,407.518
3900,414.492
4000,421.452
4100,428.446
4200,435.484
4300,442.528
4400,449.632
4500,456.733
4600,463.807
4700,470.977
4800,478.092
4900,485.203
5000,492.337
5100,499.466
5200,506.6
5300,513.77
5400,520.957
5500,528.127
5600,535.236
5700,542.354
5800,549.47
5900,556.591
6000,563.622
6100,570.663
6200,577.706
6300,584.689
6400,591.666
6500,598.655
6600,605.674
6700,612.642
6800,619.679
6900,626.707
7000,633.694
7100,640.73
7200,647.736
7300,654.761
7400,661.737
7500,668.754
7600,675.699
7700,682.628
7800,689.543
7900,696.495
8000,703.38
8100,710.281
8200,717.195
8300,724.134
8400,731.109
8500,738.122
8600,745.167
8700,752.224
8800,759.303
8900,766.339
9000,773.452
9100,780.53
9200,787.645
9300,794.769
9400,801.936
9500,809.068
9600,816.134
9700,823.178
9800,830.242
9900,837.295
10000,844.373
10100,851.49
10200,858.57
10300,865.631
10400,872.648
10500,879.673
10600,886.676
10700,893.722
10800,900.753
10900,907.788
11000,914.777
11100,921.792
11200,928.8
11300,935.81
11400,942.845
11500,949.851
11600,956.883
11700,963.907
11800,970.963
11900,978.061
12000,985.196
12100,992.372
12200,999.506
12300,1006.73
12400,1013.93
12500,1021.16
12600,1028.4
12700,1035.66
12800,1042.87
12900,1050.07
13000,1057.27
13100,1064.39
13200,1071.51
13300,1078.59
13400,1085.71
13500,1092.77
13600,1099.8
13700,1106.88
13800,1113.95
13900,1120.96
14000,1127.95
14100,1134.96
14200,1141.99
14300,1149
14400,1156.05
14500,1163.07
14600,1170.06
14700,1177.02
14800,1183.99
14900,1190.92
15000,1197.91
15100,1204.9
15200,1211.87
15300,1218.86
15400,1225.86
15500,1232.88
15600,1239.91
15700,1246.96
15800,1253.94
15900,1260.96
16000,1268.02
16100,1275.02
16200,1282.04
16300,1289.12
16400,1296.15
16500,1303.2
16600,1310.24
16700,1317.27
16800,1324.29
16900,1331.3
17000,1338.3
17100,1345.29
17200,1352.27
17300,1359.3
17400,1366.34
17500,1373.36
17600,1380.38
17700,1387.41
17800,1394.48
17900,1401.57
18000,1408.63
18100,1415.74
18200,1422.83
18300,1429.9
18400,1437
18500,1444.07
18600,1451.1
18700,1458.07
18800,1465.01
18900,1471.93
19000,1478.95
19100,1485.95
19200,1492.93
19300,1499.91
19400,1506.89
19500,1513.91
19600,1520.91
19700,1527.88
19800,1534.86
19900,1541.84
20000,1548.83
20100,1555.83
20200,1562.81
20300,1569.82
20400,1576.75
20500,1583.73
20600,1590.71
20700,1597.71
20800,1604.72
20900,1611.77
21000,1618.86
21100,1625.91
21200,1633.01
21300,1640.1
21400,1647.19
21500,1654.21
21600,1661.22
21700,1668.24
21800,1675.25
21900,1682.24
22000,1689.26
22100,1696.29
22200,1703.32
22300,1710.38
22400,1717.46
22500,1724.55
22600,1731.68
22700,1738.75
22800,1745.84
22900,1753
23000,1760.12
23100,1767.29
23200,1774.51
23300,1781.8
23400,1789.11
23500,1796.44
23600,1803.72
23700,1810.95
23800,1818.09
23900,1825.24
24000,1832.37
24100,1839.5
24200,1846.63
24300,1853.83
24400,1861.09
24500,1868.35
24600,1875.58
24700,1882.78
24800,1889.95
24900,1897.09
25000,1904.19
25100,1911.32
25200,1918.42
25300,1925.49
25400,1932.57
25500,1939.61
25600,1946.66
25700,1953.67
25800,1960.77
25900,1967.84
26000,1974.91
26100,1981.99
26200,1989.08
26300,1996.12
26400,2003.14
26500,2010.13
26600,2017.16
26700,2024.11
26800,2031.1
26900,2038.11
27000,2045.1
27100,2052.1
27200,2059.09
27300,2066.09
27400,2073.12
27500,2080.14
27600,2087.16
27700,2094.17
27800,2101.2
27900,2108.19
28000,2115.16
28100,2122.12
28200,2129.1
28300,2136.09
28400,2143.08
28500,2150.03
28600,2156.96
28700,2163.88
28800,2170.83
28900,2177.79
29000,2184.76
29100,2191.73
29200,2198.7
29300,2205.68
29400,2212.7
29500,2219.73
29600,2226.7
29700,2233.71
29800,2240.72
29900,2247.7
30000,2254.7
30100,2261.69
30200,2268.75
30300,2275.81
30400,2282.9
30500,2290.01
30600,2297.14
30700,2304.31
30800,2311.46
30900,2318.61
31000,2325.74
31100,2332.88
31200,2340.02
31300,2347.14
31400,2354.19
31500,2361.23
31600,2368.25
31700,2375.32
31800,2382.36
31900,2389.43
32000,2396.48
32100,2403.51
32200,2410.57
32300,2417.57
32400,2424.59
32500,2431.58
32600,2438.62
32700,2445.66
32800,2452.65
32900,2459.63
33000,2466.59
33100,2473.56
33200,2480.58
33300,2487.68
33400,2494.83
33500,2502.03
33600,2509.26
33700,2516.57
33800,2523.92
33900,2531.29
34000,2538.59
34100,2545.86
34200,2553.05
34300,2560.23
34400,2567.37
34500,2574.44
34600,2581.47
34700,2588.53
34800,2595.64
34900,2602.72
35000,2609.81
35100,2616.91
35200,2624.06
35300,2631.14
35400,2638.25
35500,2645.42
35600,2652.5
35700,2659.6
35800,2666.7
35900,2673.84
36000,2680.92
36100,2688.03
36200,2695.17
36300,2702.27
36400,2709.46
36500,2716.63
36600,2723.77
36700,2730.93
36800,2738.13
36900,2745.3
37000,2752.52
37100,2759.65
37200,2766.85
37300,2774.06
37400,2781.32
37500,2788.55
37600,2795.73
37700,2802.93
37800,2810.12
37900,2817.3
38000,2824.54
38100,2831.86
38200,2839.19
38300,2846.48
38400,2853.74
38500,2860.97
38600,2868.17
38700,2875.36
38800,2882.55
38900,2889.7
39000,2896.8
39100,2903.86
39200,2910.89
39300,2917.91
39400,2924.9
39500,2931.88
39600,2938.88
39700,2945.92
39800,2952.91
39900,2959.95
40000,2966.92
40100,2973.83
40200,2980.8
40300,2987.72
40400,2994.64
40500,3001.57
40600,3008.51
40700,3015.43
40800,3022.28
40900,3029.21
41000,3036.15
41100,3043.12
41200,3050.1
41300,3057.09
41400,3064.09
41500,3071.07
41600,3078.12
41700,3085.09
41800,3092.08
41900,3099.1
42000,3106.19
42100,3113.29
42200,3120.36
42300,3127.46
42400,3134.54
42500,3141.58
42600,3148.61
42700,3155.58
42800,3162.55
42900,3169.6
43000,3176.65
43100,3183.66
43200,3190.71
43300,3197.72
43400,3204.73
43500,3211.78
43600,3218.79
43700,3225.78
43800,3232.78
43900,3239.74
44000,3246.75
44100,3253.81
44200,3260.78
44300,3267.76
44400,3274.73
44500,3281.67
44600,3288.67
44700,3295.64
44800,3302.61
44900,3309.63
45000,3316.63
45100,3323.63
45200,3330.64
45300,3337.69
45400,3344.74
45500,3351.79
45600,3358.82
45700,3365.87
45800,3372.93
45900,3379.94
46000,3387
46100,3394.02
46200,3401.02
46300,3408.05
46400,3415.07
46500,3422.07
46600,3429.11
46700,3436.13
46800,3443.18
46900,3450.25
47000,3457.34
47100,3464.45
47200,3471.5
47300,3478.55
47400,3485.63
47500,3492.73
47600,3499.82
47700,3506.92
47800,3514.04
47900,3521.07
48000,3528.2
48100,3535.36
48200,3542.5
48300,3549.63
48400,3556.73
48500,3563.82
48600,3570.88
48700,3577.94
48800,3584.98
48900,3591.99
49000,3598.98
49100,3605.98
49200,3613.01
49300,3620.02
49400,3627.03
49500,3634.05
49600,3641.05
49700,3648.09
49800,3655.13
49900,3662.13
50000,3669.12
50100,3676.13
50200,3683.19
50300,3690.27
50400,3697.41
50500,3704.56
50600,3711.69
50700,3718.82
50800,3725.89
50900,3732.94
51000,3740.01
51100,3747.03
51200,3754.07
51300,3761.1
51400,3768.09
51500,3775.1
51600,3782.14
51700,3789.13
51800,3796.15
51900,3803.12
52000,3810.13
52100,3817.11
52200,3824.2
52300,3831.25
52400,3838.34
52500,3845.43
52600,3852.5
52700,3859.59
52800,3866.64
52900,3873.66
53000,3880.69
53100,3887.68
53200,3894.73
53300,3901.73
53400,3908.73
53500,3915.71
53600,3922.65
53700,3929.58
53800,3936.5
53900,3943.46
54000,3950.44
54100,3957.42
54200,3964.41
54300,3971.4
54400,3978.39
54500,3985.42
54600,3992.45
54700,3999.44
54800,4006.43
54900,4013.4
55000,4020.39
55100,4027.48
55200,4034.51
55300,4041.52
55400,4048.5
55500,4055.47
55600,4062.48
55700,4069.55
55800,4076.59
55900,4083.67
56000,4090.68
56100,4097.71
56200,4104.75
56300,4111.79
56400,4118.82
56500,4125.84
56600,4132.87
56700,4139.84
56800,4146.85
56900,4153.93
57000,4160.94
57100,4167.93
57200,4174.9
57300,4181.95
57400,4189.03
57500,4196.15
57600,4203.25
57700,4210.3
57800,4217.36
57900,4224.39
58000,4231.4
58100,4238.45
58200,4245.49
58300,4252.53
58400,4259.56
58500,4266.61
58600,4273.62
58700,4280.68
58800,4287.76
58900,4294.81
59000,4301.78
59100,4308.79
59200,4315.78
59300,4322.85
59400,4329.89
59500,4336.94
59600,4343.92
59700,4350.85
59800,4357.78
59900,4364.76
60000,4371.7
60100,4378.68
60200,4385.7
60300,4392.66
60400,4399.68
60500,4406.69
60600,4413.66
60700,4420.66
60800,4427.64
60900,4434.6
61000,4441.57
61100,4448.46
61200,4455.37
61300,4462.26
61400,4469.16
61500,4476.11
61600,4483.09
61700,4490.04
61800,4496.97
61900,4503.96
62000,4510.91
62100,4517.9
62200,4524.93
62300,4531.92
62400,4538.95
62500,4546.02
62600,4553.13
62700,4560.18
62800,4567.21
62900,4574.22
63000,4581.21
63100,4588.21
63200,4595.17
63300,4602.15
63400,4609.11
63500,4616.1
63600,4623.09
63700,4630.09
63800,4637.14
63900,4644.23
64000,4651.3
64100,4658.38
64200,4665.48
64300,4672.55
64400,4679.66
64500,4686.77
64600,4693.84
64700,4700.87
64800,4707.96
64900,4715.03
65000,4722.13
65100,4729.27
65200,4736.46
65300,4743.57
65400,4750.7
65500,4757.76
65600,4764.82
65700,4771.83
65800,4778.83
65900,4785.83
66000,4792.86
66100,4799.89
66200,4806.93
66300,4813.95
66400,4820.91
66500,4827.91
66600,4834.89
66700,4841.9
66800,4848.94
66900,4855.98
67000,4862.99
67100,4870.04
67200,4877.11
67300,4884.14
67400,4891.15
67500,4898.18
67600,4905.26
67700,4912.27
67800,4919.29
67900,4926.25
68000,4933.26
68100,4940.19
68200,4947.17
68300,4954.12
68400,4961.05
68500,4967.99
68600,4974.88
68700,4981.79
68800,4988.74
68900,4995.67
69000,5002.64
69100,5009.6
69200,5016.57
69300,5023.55
69400,5030.53
69500,5037.46
69600,5044.4
69700,5051.36
69800,5058.24
69900,5065.2
70000,5072.19
70100,5079.18
70200,5086.21
70300,5093.26
70400,5100.32
70500,5107.4
70600,5114.48
70700,5121.55
70800,5128.55
70900,5135.61
71000,5142.64
71100,5149.73
71200,5156.84
71300,5163.99
71400,5171.08
71500,5178.19
71600,5185.27
71700,5192.32
71800,5199.42
71900,5206.55
72000,5213.75
72100,5220.97
72200,5228.2
72300,5235.45
72400,5242.67
72500,5249.83
72600,5256.99
72700,5264.08
72800,5271.17
72900,5278.22
73000,5285.28
73100,5292.36
73200,5299.44
73300,5306.54
73400,5313.63
73500,5320.67
73600,5327.72
73700,5334.76
73800,5341.8
73900,5348.81
74000,5355.82
74100,5362.82
74200,5369.85
74300,5376.91
74400,5384.04
74500,5391.15
74600,5398.34
74700,5405.51
74800,5412.67
74900,5419.8
75000,5426.88
75100,5434.06
75200,5441.27
75300,5448.45
75400,5455.58
75500,5462.72
75600,5469.87
75700,5476.99
75800,5484.13
75900,5491.31
76000,5498.45
76100,5505.58
76200,5512.69
76300,5519.81
76400,5526.92
76500,5534.01
76600,5541.12
76700,5548.21
76800,5555.32
76900,5562.37
77000,5569.43
77100,5576.46
77200,5583.54
77300,5590.57
77400,5597.64
77500,5604.7
77600,5611.73
77700,5618.74
77800,5625.76
77900,5632.76
78000,5639.77
78100,5646.8
78200,5653.82
78300,5660.84
78400,5667.88
78500,5674.9
78600,5681.96
78700,5688.99
78800,5696.04
78900,5703.06
79000,5710.08
79100,5717.09
79200,5724.11
79300,5731.08
79400,5738.1
79500,5745.07
79600,5752.09
79700,5759.08
79800,5766.07
79900,5773.11
80000,5780.14
80100,5787.22
80200,5794.27
80300,5801.28
80400,5808.33
80500,5815.32
80600,5822.33
80700,5829.36
80800,5836.35
80900,5843.32
81000,5850.31
81100,5857.32
81200,5864.37
81300,5871.4
81400,5878.45
81500,5885.51
81600,5892.57
81700,5899.61
81800,5906.62
81900,5913.66
82000,5920.75
82100,5927.88
82200,5935.05
82300,5942.21
82400,5949.35
82500,5956.44
82600,5963.52
82700,5970.6
82800,5977.68
82900,5984.7
83000,5991.68
83100,5998.63
83200,6005.6
83300,6012.62
83400,6019.64
83500,6026.71
83600,6033.79
83700,6040.81
83800,6047.84
83900,6054.85
84000,6061.9
84100,6068.94
84200,6076
84300,6083.08
84400,6090.19
84500,6097.3
84600,6104.37
84700,6111.44
84800,6118.5
84900,6125.51
85000,6132.56
85100,6139.55
85200,6146.51
85300,6153.43
85400,6160.34
85500,6167.31
85600,6174.28
85700,6181.21
85800,6188.15
85900,6195.14
86000,6202.12
86100,6209.07
86200,6216.05
86300,6223.06
86400,6230.11
86500,6237.16
86600,6244.2
86700,6251.27
86800,6258.33
86900,6265.37
87000,6272.47
87100,6279.59
87200,6286.75
87300,6293.89
87400,6301
87500,6308.14
87600,6315.31
87700,6322.45
87800,6329.55
87900,6336.65
88000,6343.77
88100,6350.9
88200,6357.97
88300,6365.05
88400,6372.12
88500,6379.15
88600,6386.18
88700,6393.19
88800,6400.22
88900,6407.24
89000,6414.31
89100,6421.36
89200,6428.39
89300,6435.43
89400,6442.51
89500,6449.58
89600,6456.67
89700,6463.77
89800,6470.83
89900,6477.88
90000,6484.89
90100,6491.92
90200,6498.84
90300,6505.82
90400,6512.78
90500,6519.73
90600,6526.71
90700,6533.73
90800,6540.66
90900,6547.6
91000,6554.53
91100,6561.52
91200,6568.49
91300,6575.47
91400,6582.44
91500,6589.37
91600,6596.34
91700,6603.34
91800,6610.35
91900,6617.33
92000,6624.29
92100,6631.28
92200,6638.24
92300,6645.19
92400,6652.19
92500,6659.18
92600,6666.22
92700,6673.24
92800,6680.24
92900,6687.23
93000,6694.24
93100,6701.24
93200,6708.32
93300,6715.41
93400,6722.55
93500,6729.68
93600,6736.77
93700,6743.87
93800,6750.94
93900,6758
94000,6765.03
94100,6772.08
94200,6779.15
94300,6786.19
94400,6793.23
94500,6800.25
94600,6807.25
94700,6814.28
94800,6821.32
94900,6828.4
95000,6835.45
95100,6842.47
95200,6849.51
95300,6856.56
95400,6863.59
95500,6870.65
95600,6877.74
95700,6884.82
95800,6891.88
95900,6898.96
96000,6906.02
96100,6913.06
96200,6920.12
96300,6927.17
96400,6934.24
96500,6941.34
96600,6948.49
96700,6955.68
96800,6962.93
96900,6970.23
97000,6977.57
97100,6984.92
97200,6992.19
97300,6999.45
97400,7006.64
97500,7013.75
97600,7020.88
97700,7028.02
97800,7035.09
97900,7042.21
98000,7049.37
98100,7056.5
98200,7063.66
98300,7070.86
98400,7077.98
98500,7085.13
98600,7092.19
98700,7099.18
98800,7106.18
98900,7113.16
99000,7120.23
99100,7127.28
99200,7134.39
99300,7141.53
99400,7148.72
99500,7155.96
99600,7163.25
99700,7170.68
99800,7178.2
99900,7185.79
