0,150.004
100,153.514
200,159.031
300,165.2
400,171.669
500,178.28
600,185.03
700,191.782
800,198.584
900,205.404
1000,212.281
1100,219.183
1200,226.096
1300,233.093
1400,240.075
1500,247.073
1600,254.102
1700,261.059
1800,268.083
1900,275.071
2000,282.06
2100,289.024
2200,296.015
2300,303.037
2400,310.032
2500,317.003
2600,323.965
2700,330.942
2800,337.911
2900,344.874
3000,351.824
3100,358.783
3200,365.77
3300,372.712
3400,379.599
3500,386.558
3600,393.513
3700,400.497
3800,407.461
3900,414.441
4000,421.436
4100,428.432
4200,435.454
4300,442.506
4400,449.542
4500,456.608
4600,463.712
4700,470.86
4800,478.007
4900,485.218
5000,492.512
5100,499.819
5200,507.221
5300,514.693
5400,522.212
5500,529.713
5600,537.333
5700,544.966
5800,552.704
5900,560.55
6000,568.469
6100,576.46
6200,584.334
6300,592.088
6400,599.854
6500,607.525
6600,615.055
6700,622.442
6800,629.771
6900,637.039
7000,644.274
7100,651.465
7200,658.626
7300,665.725
7400,672.877
7500,680
7600,687.115
7700,694.193
7800,701.231
7900,708.289
8000,715.34
8100,722.422
8200,729.484
8300,736.525
8400,743.578
8500,750.601
8600,757.664
8700,764.693
8800,771.75
8900,778.793
9000,785.851
9100,792.871
9200,799.88
9300,806.914
9400,813.963
9500,821.057
9600,828.204
9700,835.332
9800,842.491
9900,849.749
10000,857.053
10100,864.51
10200,872.025
10300,879.531
10400,887.026
10500,894.542
10600,902.018
10700,909.446
10800,916.839
10900,924.165
11000,931.48
11100,938.739
11200,945.982
11300,953.213
11400,960.465
11500,967.729
11600,974.944
11700,982.15
11800,989.276
11900,996.317
12000,1003.35
12100,1010.38
12200,1017.41
12300,1024.46
12400,1031.49
12500,1038.52
12600,1045.63
12700,1052.75
12800,1059.85
12900,1067.08
13000,1074.23
13100,1081.38
13200,1088.47
13300,1095.51
13400,1102.57
13500,1109.62
13600,1116.7
13700,1123.76
13800,1130.76
13900,1137.78
14000,1144.77
14100,1151.77
14200,1158.79
14300,1165.78
14400,1172.84
14500,1179.89
14600,1186.98
14700,1194.09
14800,1201.21
14900,1208.3
15000,1215.3
15100,1222.37
15200,1229.46
15300,1236.56
15400,1243.65
15500,1250.77
15600,1257.84
15700,1264.93
15800,1272.08
15900,1279.22
16000,1286.29
16100,1293.36
16200,1300.51
16300,1307.62
16400,1314.67
16500,1321.7
16600,1328.72
16700,1335.67
16800,1342.66
16900,1349.65
17000,1356.67
17100,1363.65
17200,1370.65
17300,1377.65
17400,1384.63
17500,1391.65
17600,1398.65
17700,1405.61
17800,1412.6
17900,1419.61
18000,1426.6
18100,1433.54
18200,1440.54
18300,1447.56
18400,1454.57
18500,1461.59
18600,1468.55
18700,1475.53
18800,1482.54
18900,1489.52
19000,1496.56
19100,1503.54
19200,1510.47
19300,1517.39
19400,1524.38
19500,1531.33
19600,1538.32
19700,1545.29
19800,1552.21
19900,1559.19
20000,1566.15
20100,1573.07
20200,1580.04
20300,1586.97
20400,1593.94
20500,1600.88
20600,1607.87
20700,1614.88
20800,1621.95
20900,1629.04
21000,1636.14
21100,1643.17
21200,1650.25
21300,1657.31
21400,1664.39
21500,1671.49
21600,1678.55
21700,1685.66
21800,1692.73
21900,1699.75
22000,1706.76
22100,1713.8
22200,1720.84
22300,1727.82
22400,1734.77
22500,1741.76
22600,1748.75
22700,1755.71
22800,1762.68
22900,1769.64
23000,1776.61
23100,1783.61
23200,1790.59
23300,1797.58
23400,1804.55
23500,1811.53
23600,1818.5
23700,1825.43
23800,1832.35
23900,1839.35
24000,1846.34
24100,1853.38
24200,1860.36
24300,1867.33
24400,1874.35
24500,1881.33
24600,1888.3
24700,1895.32
24800,1902.34
24900,1909.35
25000,1916.34
25100,1923.32
25200,1930.32
25300,1937.31
25400,1944.31
25500,1951.28
25600,1958.3
25700,1965.31
25800,1972.25
25900,1979.2
26000,1986.12
26100,1993.01
26200,1999.94
26300,2006.86
26400,2013.83
26500,2020.78
26600,2027.77
26700,2034.72
26800,2041.67
26900,2048.65
27000,2055.62
27100,2062.55
27200,2069.5
27300,2076.44
27400,2083.46
27500,2090.41
27600,2097.35
27700,2104.36
27800,2111.4
27900,2118.39
28000,2125.41
28100,2132.48
28200,2139.55
28300,2146.59
28400,2153.6
28500,2160.61
28600,2167.65
28700,2174.62
28800,2181.62
28900,2188.64
29000,2195.67
29100,2202.73
29200,2209.77
29300,2216.85
29400,2223.93
29500,2231.01
29600,2238.12
29700,2245.2
29800,2252.26
29900,2259.35
30000,2266.41
30100,2273.44
30200,2280.48
30300,2287.56
30400,2294.58
30500,2301.61
30600,2308.63
30700,2315.63
30800,2322.61
30900,2329.54
31000,2336.52
31100,2343.53
31200,2350.5
31300,2357.49
31400,2364.43
31500,2371.41
31600,2378.42
31700,2385.4
31800,2392.39
31900,2399.36
32000,2406.34
32100,2413.36
32200,2420.36
32300,2427.38
32400,2434.37
32500,2441.39
32600,2448.39
32700,2455.37
32800,2462.37
32900,2469.4
33000,2476.4
33100,2483.41
33200,2490.46
33300,2497.45
33400,2504.46
33500,2511.5
33600,2518.52
33700,2525.55
33800,2532.6
33900,2539.68
34000,2546.72
34100,2553.75
34200,2560.75
34300,2567.83
34400,2574.87
34500,2581.94
34600,2589
34700,2596.06
34800,2603.15
34900,2610.2
35000,2617.28
35100,2624.29
35200,2631.31
35300,2638.38
35400,2645.45
35500,2652.46
35600,2659.48
35700,2666.49
35800,2673.53
35900,2680.55
36000,2687.59
36100,2694.67
36200,2701.76
36300,2708.91
36400,2715.98
36500,2722.99
36600,2729.98
36700,2737.03
36800,2744.05
36900,2751.03
37000,2757.99
37100,2764.99
37200,2771.97
37300,2779
37400,2786.04
37500,2793.04
37600,2800.11
37700,2807.16
37800,2814.19
37900,2821.2
38000,2828.27
38100,2835.31
38200,2842.32
38300,2849.34
38400,2856.26
38500,2863.17
38600,2870.1
38700,2877.05
38800,2884.02
38900,2890.97
39000,2897.97
39100,2905.03
39200,2912.04
39300,2918.99
39400,2925.97
39500,2932.91
39600,2939.87
39700,2946.85
39800,2953.83
39900,2960.77
40000,2967.74
40100,2974.74
40200,2981.76
40300,2988.76
40400,2995.77
40500,3002.75
40600,3009.71
40700,3016.68
40800,3023.64
40900,3030.63
41000,3037.64
41100,3044.7
41200,3051.72
41300,3058.74
41400,3065.72
41500,3072.72
41600,3079.71
41700,3086.75
41800,3093.72
41900,3100.69
42000,3107.65
42100,3114.64
42200,3121.58
42300,3128.53
42400,3135.46
42500,3142.42
42600,3149.42
42700,3156.43
42800,3163.48
42900,3170.49
43000,3177.49
43100,3184.48
43200,3191.48
43300,3198.47
43400,3205.44
43500,3212.44
43600,3219.4
43700,3226.32
43800,3233.26
43900,3240.26
44000,3247.31
44100,3254.36
44200,3261.44
44300,3268.55
44400,3275.59
44500,3282.65
44600,3289.64
44700,3296.69
44800,3303.69
44900,3310.72
45000,3317.71
45100,3324.69
45200,3331.66
45300,3338.67
45400,3345.7
45500,3352.68
45600,3359.68
45700,3366.67
45800,3373.64
45900,3380.64
46000,3387.7
46100,3394.76
46200,3401.82
46300,3408.9
46400,3416
46500,3423.08
46600,3430.17
46700,3437.16
46800,3444.21
46900,3451.28
47000,3458.33
47100,3465.34
47200,3472.34
47300,3479.3
47400,3486.39
47500,3493.46
47600,3500.49
47700,3507.53
47800,3514.58
47900,3521.59
48000,3528.61
48100,3535.6
48200,3542.59
48300,3549.59
48400,3556.55
48500,3563.52
48600,3570.54
48700,3577.57
48800,3584.63
48900,3591.66
49000,3598.73
49100,3605.74
49200,3612.79
49300,3619.79
49400,3626.8
49500,3633.8
49600,3640.83
49700,3647.88
49800,3654.96
49900,3662.04
50000,3669.16
50100,3676.23
50200,3683.27
50300,3690.35
50400,3697.45
50500,3704.52
50600,3711.61
50700,3718.63
50800,3725.65
50900,3732.67
51000,3739.75
51100,3746.8
51200,3753.88
51300,3760.93
51400,3768.04
51500,3775.1
51600,3782.17
51700,3789.22
51800,3796.29
51900,3803.36
52000,3810.43
52100,3817.5
52200,3824.5
52300,3831.53
52400,3838.56
52500,3845.58
52600,3852.61
52700,3859.67
52800,3866.76
52900,3873.8
53000,3880.88
53100,3887.97
53200,3895.08
53300,3902.15
53400,3909.2
53500,3916.24
53600,3923.29
53700,3930.34
53800,3937.34
53900,3944.35
54000,3951.29
54100,3958.23
54200,3965.19
54300,3972.14
54400,3979.09
54500,3986.02
54600,3992.95
54700,3999.89
54800,4006.83
54900,4013.82
55000,4020.81
55100,4027.76
55200,4034.74
55300,4041.69
55400,4048.63
55500,4055.54
55600,4062.49
55700,4069.49
55800,4076.45
55900,4083.46
56000,4090.45
56100,4097.38
56200,4104.31
56300,4111.28
56400,4118.24
56500,4125.26
56600,4132.26
56700,4139.25
56800,4146.31
56900,4153.39
57000,4160.48
57100,4167.59
57200,4174.66
57300,4181.74
57400,4188.78
57500,4195.78
57600,4202.81
57700,4209.87
57800,4217
57900,4224.05
58000,4231.12
58100,4238.25
58200,4245.38
58300,4252.47
58400,4259.61
58500,4266.73
58600,4273.82
58700,4280.92
58800,4288.08
58900,4295.25
59000,4302.48
59100,4309.74
59200,4316.92
59300,4324.08
59400,4331.2
59500,4338.3
59600,4345.37
59700,4352.43
59800,4359.47
59900,4366.45
60000,4373.47
60100,4380.49
60200,4387.51
60300,4394.51
60400,4401.46
60500,4408.4
60600,4415.35
60700,4422.33
60800,4429.28
60900,4436.24
61000,4443.23
61100,4450.23
61200,4457.2
61300,4464.14
61400,4471.12
61500,4478.18
61600,4485.25
61700,4492.29
61800,4499.34
61900,4506.33
62000,4513.36
62100,4520.39
62200,4527.39
62300,4534.4
62400,4541.43
62500,4548.4
62600,4555.4
62700,4562.43
62800,4569.49
62900,4576.55
63000,4583.58
63100,4590.68
63200,4597.77
63300,4604.84
63400,4611.95
63500,4618.97
63600,4626.07
63700,4633.13
63800,4640.13
63900,4647.14
64000,4654.12
64100,4661.06
64200,4668.03
64300,4675.03
64400,4682.02
64500,4689.03
64600,4696.03
64700,4703.02
64800,4710.04
64900,4717.02
65000,4724
65100,4731.01
65200,4738.01
65300,4745.01
65400,4752.03
65500,4759.06
65600,4766.12
65700,4773.2
65800,4780.25
65900,4787.32
66000,4794.42
66100,4801.54
66200,4808.67
66300,4815.83
66400,4822.98
66500,4830.17
66600,4837.37
66700,4844.59
66800,4851.8
66900,4858.96
67000,4866.12
67100,4873.26
67200,4880.36
67300,4887.49
67400,4894.61
67500,4901.75
67600,4908.86
67700,4915.93
67800,4922.98
67900,4930.04
68000,4937.06
68100,4944.06
68200,4951.08
68300,4958.11
68400,4965.13
68500,4972.16
68600,4979.14
68700,4986.17
68800,4993.2
68900,5000.23
69000,5007.32
69100,5014.37
69200,5021.47
69300,5028.59
69400,5035.73
69500,5042.8
69600,5049.87
69700,5056.99
69800,5064.1
69900,5071.2
70000,5078.19
70100,5085.18
70200,5092.18
70300,5099.27
70400,5106.36
70500,5113.43
70600,5120.48
70700,5127.48
70800,5134.51
70900,5141.48
71000,5148.53
71100,5155.6
71200,5162.69
71300,5169.76
71400,5176.82
71500,5183.9
71600,5190.98
71700,5198.09
71800,5205.26
71900,5212.47
72000,5219.72
72100,5227.01
72200,5234.35
72300,5241.71
72400,5249.02
72500,5256.26
72600,5263.45
72700,5270.57
72800,5277.63
72900,5284.65
73000,5291.64
73100,5298.59
73200,5305.56
73300,5312.49
73400,5319.47
73500,5326.41
73600,5333.41
73700,5340.38
73800,5347.37
73900,5354.28
74000,5361.23
74100,5368.2
74200,5375.17
74300,5382.15
74400,5389.08
74500,5396.06
74600,5403.08
74700,5410.11
74800,5417.13
74900,5424.16
75000,5431.17
75100,5438.23
75200,5445.27
75300,5452.34
75400,5459.36
75500,5466.33
75600,5473.34
75700,5480.3
75800,5487.31
75900,5494.32
76000,5501.29
76100,5508.25
76200,5515.19
76300,5522.13
76400,5529.07
76500,5536
76600,5542.95
76700,5549.9
76800,5556.89
76900,5563.85
77000,5570.8
77100,5577.75
77200,5584.67
77300,5591.62
77400,5598.65
77500,5605.72
77600,5612.81
77700,5619.9
77800,5627.07
77900,5634.21
78000,5641.34
78100,5648.47
78200,5655.62
78300,5662.75
78400,5669.83
78500,5676.9
78600,5683.94
78700,5690.97
78800,5698
78900,5705.04
79000,5712.06
79100,5719.07
79200,5726.13
79300,5733.17
79400,5740.23
79500,5747.24
79600,5754.3
79700,5761.34
79800,5768.36
79900,5775.37
80000,5782.4
80100,5789.44
80200,5796.51
80300,5803.57
80400,5810.68
80500,5817.8
80600,5824.92
80700,5832.04
80800,5839.15
80900,5846.23
81000,5853.31
81100,5860.38
81200,5867.5
81300,5874.63
81400,5881.84
81500,5889.04
81600,5896.18
81700,5903.29
81800,5910.41
81900,5917.56
82000,5924.73
82100,5931.94
82200,5939.21
82300,5946.54
82400,5953.85
82500,5961.19
82600,5968.46
82700,5975.66
82800,5982.86
82900,5990.11
83000,5997.28
83100,6004.39
83200,6011.5
83300,6018.53
83400,6025.57
83500,6032.6
83600,6039.65
83700,6046.66
83800,6053.69
83900,6060.73
84000,6067.77
84100,6074.87
84200,6081.97
84300,6089.08
84400,6096.18
84500,6103.27
84600,6110.3
84700,6117.39
84800,6124.47
84900,6131.56
85000,6138.58
85100,6145.65
85200,6152.71
85300,6159.79
85400,6166.85
85500,6173.95
85600,6181.07
85700,6188.19
85800,6195.26
85900,6202.33
86000,6209.42
86100,6216.39
86200,6223.34
86300,6230.34
86400,6237.36
86500,6244.4
86600,6251.42
86700,6258.41
86800,6265.46
86900,6272.51
87000,6279.59
87100,6286.64
87200,6293.71
87300,6300.81
87400,6307.88
87500,6314.94
87600,6321.97
87700,6329.06
87800,6336.09
87900,6343.05
88000,6350
88100,6356.99
88200,6363.99
88300,6370.99
88400,6377.97
88500,6384.95
88600,6391.94
88700,6398.92
88800,6406.03
88900,6413.06
89000,6420.1
89100,6427.11
89200,6434.08
89300,6441.09
89400,6448.13
89500,6455.19
89600,6462.22
89700,6469.27
89800,6476.33
89900,6483.37
90000,6490.47
90100,6497.57
90200,6504.68
90300,6511.8
90400,6518.9
90500,6525.99
90600,6533.06
90700,6540.11
90800,6547.2
90900,6554.25
91000,6561.35
91100,6568.35
91200,6575.38
91300,6582.4
91400,6589.49
91500,6596.51
91600,6603.54
91700,6610.55
91800,6617.6
91900,6624.61
92000,6631.64
92100,6638.67
92200,6645.7
92300,6652.76
92400,6659.81
92500,6666.83
92600,6673.84
92700,6680.87
92800,6687.93
92900,6694.99
93000,6702.01
93100,6709.01
93200,6716.05
93300,6723.09
93400,6730.12
93500,6737.17
93600,6744.12
93700,6751.13
93800,6758.14
93900,6765.13
94000,6772.16
94100,6779.19
94200,6786.18
94300,6793.13
94400,6800.1
94500,6807.08
94600,6814.07
94700,6821.03
94800,6828.01
94900,6834.99
95000,6842.01
95100,6849
95200,6855.98
95300,6862.98
95400,6870.01
95500,6877.03
95600,6884.06
95700,6891.05
95800,6898.07
95900,6905.04
96000,6912.03
96100,6918.98
96200,6925.94
96300,6932.91
96400,6939.86
96500,6946.82
96600,6953.76
96700,6960.75
96800,6967.75
96900,6974.73
97000,6981.74
97100,6988.76
97200,6995.78
97300,7002.81
97400,7009.79
97500,7016.78
97600,7023.78
97700,7030.8
97800,7037.83
97900,7044.81
98000,7051.85
98100,7058.91
98200,7066.01
98300,7073.1
98400,7080.11
98500,7087.15
98600,7094.16
98700,7101.16
98800,7108.16
98900,7115.13
99000,7122.09
99100,7129.08
99200,7136.04
99300,7142.98
99400,7149.9
99500,7156.86
99600,7163.82
99700,7170.77
99800,7177.7
99900,7184.63
