0,150.008
100,155.501
200,162.899
300,170.593
400,178.369
500,186.193
600,194.022
700,201.873
800,209.732
900,217.577
1000,225.452
1100,233.31
1200,241.153
1300,249.006
1400,256.85
1500,264.65
1600,272.509
1700,280.355
1800,288.172
1900,296.036
2000,303.907
2100,311.739
2200,319.591
2300,327.465
2400,335.327
2500,343.17
2600,351.034
2700,358.886
2800,366.691
2900,374.5
3000,382.354
3100,390.228
3200,398.081
3300,405.941
3400,413.812
3500,421.678
3600,429.551
3700,437.388
3800,445.231
3900,453.089
4000,460.966
4100,468.808
4200,476.665
4300,484.511
4400,492.403
4500,500.288
4600,508.151
4700,516.011
4800,523.873
4900,531.746
5000,539.584
5100,547.406
5200,555.26
5300,563.133
5400,571.004
5500,578.877
5600,586.729
5700,594.587
5800,602.466
5900,610.35
6000,618.217
6100,626.092
6200,633.961
6300,641.877
6400,649.736
6500,657.593
6600,665.47
6700,673.341
6800,681.223
6900,689.095
7000,696.909
7100,704.779
7200,712.647
7300,720.504
7400,728.332
7500,736.148
7600,743.978
7700,751.817
7800,759.639
7900,767.488
8000,775.352
8100,783.194
8200,791.091
8300,798.924
8400,806.839
8500,814.731
8600,822.589
8700,830.449
8800,838.303
8900,846.139
9000,853.97
9100,861.809
9200,869.643
9300,877.521
9400,885.395
9500,893.237
9600,901.091
9700,908.969
9800,916.82
9900,924.688
10000,932.555
10100,940.437
10200,948.307
10300,956.142
10400,963.997
10500,971.824
10600,979.649
10700,987.519
10800,995.36
10900,1003.18
11000,1011.04
11100,1018.93
11200,1026.83
11300,1034.67
11400,1042.54
11500,1050.37
11600,1058.22
11700,1066.09
11800,1073.92
11900,1081.79
12000,1089.64
12100,1097.49
12200,1105.36
12300,1113.19
12400,1121.04
12500,1128.89
12600,1136.72
12700,1144.55
12800,1152.4
12900,1160.26
13000,1168.11
13100,1175.95
13200,1183.76
13300,1191.62
13400,1199.49
13500,1207.35
13600,1215.22
13700,1223.06
13800,1230.86
13900,1238.7
14000,1246.51
14100,1254.33
14200,1262.17
14300,1270.03
14400,1277.89
14500,1285.73
14600,1293.57
14700,1301.45
14800,1309.29
14900,1317.13
15000,1325.02
15100,1332.88
15200,1340.75
15300,1348.59
15400,1356.44
15500,1364.3
15600,1372.16
15700,1380.04
15800,1387.88
15900,1395.7
16000,1403.49
16100,1411.37
16200,1419.27
16300,1427.1
16400,1434.92
16500,1442.73
16600,1450.6
16700,1458.47
16800,1466.33
16900,1474.18
17000,1482.03
17100,1489.9
17200,1497.77
17300,1505.64
17400,1513.52
17500,1521.36
17600,1529.24
17700,1537.07
17800,1544.96
17900,1552.84
18000,1560.69
18100,1568.54
18200,1576.39
18300,1584.25
18400,1592.12
18500,1599.98
18600,1607.82
18700,1615.66
18800,1623.46
18900,1631.32
19000,1639.17
19100,1647.02
19200,1654.84
19300,1662.7
19400,1670.56
19500,1678.44
19600,1686.27
19700,1694.11
19800,1701.97
19900,1709.84
20000,1717.67
20100,1725.52
20200,1733.33
20300,1741.17
20400,1748.99
20500,1756.85
20600,1764.71
20700,1772.59
20800,1780.45
20900,1788.26
21000,1796.1
21100,1803.96
21200,1811.82
21300,1819.66
21400,1827.53
21500,1835.37
21600,1843.2
21700,1851.04
21800,1858.93
21900,1866.83
22000,1874.69
22100,1882.55
22200,1890.41
22300,1898.23
22400,1906.06
22500,1913.91
22600,1921.77
22700,1929.66
22800,1937.53
22900,1945.39
23000,1953.26
23100,1961.11
23200,1968.96
23300,1976.81
23400,1984.68
23500,1992.55
23600,2000.45
23700,2008.31
23800,2016.14
23900,2023.99
24000,2031.83
24100,2039.69
24200,2047.61
24300,2055.45
24400,2063.29
24500,2071.12
24600,2078.97
24700,2086.79
24800,2094.63
24900,2102.49
25000,2110.3
25100,2118.17
25200,2125.98
25300,2133.83
25400,2141.66
25500,2149.51
25600,2157.38
25700,2165.22
25800,2173.09
25900,2180.94
26000,2188.8
26100,2196.65
26200,2204.5
26300,2212.36
26400,2220.23
26500,2228.09
26600,2235.94
26700,2243.77
26800,2251.63
26900,2259.47
27000,2267.35
27100,2275.24
27200,2283.12
27300,2291
27400,2298.89
27500,2306.74
27600,2314.62
27700,2322.45
27800,2330.3
27900,2338.12
28000,2345.98
28100,2353.86
28200,2361.69
28300,2369.52
28400,2377.42
28500,2385.27
28600,2393.13
28700,2400.99
28800,2408.86
28900,2416.74
29000,2424.59
29100,2432.44
29200,2440.26
29300,2448.1
29400,2455.97
29500,2463.83
29600,2471.68
29700,2479.55
29800,2487.4
29900,2495.3
30000,2503.19
30100,2511.03
30200,2518.88
30300,2526.76
30400,2534.61
30500,2542.45
30600,2550.3
30700,2558.13
30800,2565.97
30900,2573.87
31000,2581.71
31100,2589.58
31200,2597.45
31300,2605.3
31400,2613.15
31500,2621
31600,2628.84
31700,2636.68
31800,2644.55
31900,2652.44
32000,2660.32
32100,2668.19
32200,2676.06
32300,2683.91
32400,2691.77
32500,2699.64
32600,2707.52
32700,2715.33
32800,2723.13
32900,2730.95
33000,2738.8
33100,2746.67
33200,2754.51
33300,2762.35
33400,2770.22
33500,2778.08
33600,2785.92
33700,2793.76
33800,2801.6
33900,2809.44
34000,2817.32
34100,2825.2
34200,2833.1
34300,2840.99
34400,2848.91
34500,2856.75
34600,2864.56
34700,2872.43
34800,2880.25
34900,2888.12
35000,2895.96
35100,2903.8
35200,2911.61
35300,2919.44
35400,2927.32
35500,2935.2
35600,2943.06
35700,2950.95
35800,2958.81
35900,2966.64
36000,2974.46
36100,2982.34
36200,2990.18
36300,2998.04
36400,3005.87
36500,3013.69
36600,3021.52
36700,3029.34
36800,3037.19
36900,3045.02
37000,3052.9
37100,3060.8
37200,3068.69
37300,3076.55
37400,3084.4
37500,3092.22
37600,3100.06
37700,3107.91
37800,3115.79
37900,3123.64
38000,3131.55
38100,3139.42
38200,3147.28
38300,3155.12
38400,3163.01
38500,3170.89
38600,3178.76
38700,3186.63
38800,3194.49
38900,3202.39
39000,3210.25
39100,3218.1
39200,3225.96
39300,3233.8
39400,3241.63
39500,3249.51
39600,3257.41
39700,3265.28
39800,3273.14
39900,3280.99
40000,3288.87
40100,3296.74
40200,3304.6
40300,3312.45
40400,3320.31
40500,3328.19
40600,3336.12
40700,3343.95
40800,3351.8
40900,3359.68
41000,3367.57
41100,3375.43
41200,3383.31
41300,3391.16
41400,3398.99
41500,3406.87
41600,3414.73
41700,3422.65
41800,3430.54
41900,3438.36
42000,3446.24
42100,3454.09
42200,3461.9
42300,3469.76
42400,3477.6
42500,3485.47
42600,3493.31
42700,3501.18
42800,3509.02
42900,3516.87
43000,3524.75
43100,3532.59
43200,3540.49
43300,3548.35
43400,3556.26
43500,3564.15
43600,3572.01
43700,3579.84
43800,3587.74
43900,3595.64
44000,3603.58
44100,3611.47
44200,3619.35
44300,3627.21
44400,3635.06
44500,3642.92
44600,3650.73
44700,3658.58
44800,3666.48
44900,3674.35
45000,3682.19
45100,3690.02
45200,3697.86
45300,3705.72
45400,3713.58
45500,3721.43
45600,3729.26
45700,3737.1
45800,3744.95
45900,3752.79
46000,3760.64
46100,3768.5
46200,3776.31
46300,3784.13
46400,3791.96
46500,3799.82
46600,3807.67
46700,3815.52
46800,3823.36
46900,3831.24
47000,3839.12
47100,3846.98
47200,3854.83
47300,3862.69
47400,3870.53
47500,3878.38
47600,3886.23
47700,3894.13
47800,3902.02
47900,3909.87
48000,3917.73
48100,3925.58
48200,3933.45
48300,3941.29
48400,3949.14
48500,3957
48600,3964.86
48700,3972.69
48800,3980.56
48900,3988.41
49000,3996.3
49100,4004.14
49200,4011.99
49300,4019.85
49400,4027.73
49500,4035.62
49600,4043.48
49700,4051.35
49800,4059.2
49900,4067.09
50000,4075.01
50100,4082.87
50200,4090.74
50300,4098.57
50400,4106.43
50500,4114.28
50600,4122.17
50700,4130.03
50800,4137.89
50900,4145.73
51000,4153.57
51100,4161.43
51200,4169.27
51300,4177.1
51400,4184.98
51500,4192.85
51600,4200.69
51700,4208.52
51800,4216.37
51900,4224.22
52000,4232.09
52100,4239.93
52200,4247.79
52300,4255.61
52400,4263.47
52500,4271.34
52600,4279.2
52700,4287.08
52800,4294.95
52900,4302.78
53000,4310.63
53100,4318.51
53200,4326.35
53300,4334.2
53400,4342.08
53500,4349.95
53600,4357.79
53700,4365.64
53800,4373.45
53900,4381.3
54000,4389.14
54100,4396.99
54200,4404.86
54300,4412.71
54400,4420.6
54500,4428.49
54600,4436.38
54700,4444.24
54800,4452.1
54900,4459.95
55000,4467.81
55100,4475.67
55200,4483.5
55300,4491.36
55400,4499.22
55500,4507.08
55600,4514.94
55700,4522.76
55800,4530.6
55900,4538.45
56000,4546.31
56100,4554.19
56200,4562.05
56300,4569.93
56400,4577.78
56500,4585.67
56600,4593.52
56700,4601.38
56800,4609.23
56900,4617.04
57000,4624.88
57100,4632.74
57200,4640.59
57300,4648.47
57400,4656.33
57500,4664.21
57600,4672.08
57700,4679.95
57800,4687.82
57900,4695.66
58000,4703.52
58100,4711.37
58200,4719.26
58300,4727.12
58400,4734.97
58500,4742.85
58600,4750.76
58700,4758.62
58800,4766.46
58900,4774.32
59000,4782.19
59100,4790.03
59200,4797.89
59300,4805.74
59400,4813.6
59500,4821.45
59600,4829.32
59700,4837.2
59800,4845.08
59900,4852.96
60000,4860.81
60100,4868.66
60200,4876.51
60300,4884.41
60400,4892.3
60500,4900.15
60600,4907.99
60700,4915.83
60800,4923.7
60900,4931.6
61000,4939.49
61100,4947.41
61200,4955.3
61300,4963.19
61400,4971.05
61500,4978.88
61600,4986.76
61700,4994.62
61800,5002.5
61900,5010.4
62000,5018.23
62100,5026.13
62200,5034.02
62300,5041.91
62400,5049.77
62500,5057.6
62600,5065.44
62700,5073.31
62800,5081.19
62900,5089.05
63000,5096.91
63100,5104.78
63200,5112.64
63300,5120.51
63400,5128.39
63500,5136.24
63600,5144.11
63700,5151.96
63800,5159.81
63900,5167.69
64000,5175.5
64100,5183.32
64200,5191.18
64300,5199.02
64400,5206.85
64500,5214.71
64600,5222.53
64700,5230.38
64800,5238.25
64900,5246.04
65000,5253.89
65100,5261.72
65200,5269.58
65300,5277.44
65400,5285.28
65500,5293.17
65600,5301.03
65700,5308.9
65800,5316.8
65900,5324.64
66000,5332.45
66100,5340.32
66200,5348.19
66300,5356.06
66400,5363.96
66500,5371.83
66600,5379.67
66700,5387.53
66800,5395.38
66900,5403.22
67000,5411.1
67100,5418.96
67200,5426.85
67300,5434.7
67400,5442.54
67500,5450.38
67600,5458.23
67700,5466.08
67800,5473.92
67900,5481.81
68000,5489.67
68100,5497.56
68200,5505.38
68300,5513.25
68400,5521.09
68500,5528.94
68600,5536.74
68700,5544.59
68800,5552.46
68900,5560.32
69000,5568.18
69100,5576.06
69200,5583.88
69300,5591.78
69400,5599.64
69500,5607.51
69600,5615.38
69700,5623.22
69800,5631.08
69900,5638.98
70000,5646.86
70100,5654.73
70200,5662.6
70300,5670.42
70400,5678.27
70500,5686.14
70600,5693.99
70700,5701.84
70800,5709.74
70900,5717.62
71000,5725.47
71100,5733.34
71200,5741.19
71300,5749.03
71400,5756.86
71500,5764.68
71600,5772.52
71700,5780.4
71800,5788.27
71900,5796.17
72000,5803.99
72100,5811.82
72200,5819.7
72300,5827.53
72400,5835.39
72500,5843.25
72600,5851.08
72700,5858.94
72800,5866.85
72900,5874.72
73000,5882.57
73100,5890.45
73200,5898.33
73300,5906.19
73400,5914.06
73500,5921.9
73600,5929.75
73700,5937.59
73800,5945.42
73900,5953.31
74000,5961.19
74100,5969.04
74200,5976.85
74300,5984.68
74400,5992.53
74500,6000.35
74600,6008.18
74700,6016.04
74800,6023.86
74900,6031.75
75000,6039.65
75100,6047.48
75200,6055.33
75300,6063.17
75400,6071.04
75500,6078.91
75600,6086.81
75700,6094.68
75800,6102.53
75900,6110.39
76000,6118.24
76100,6126.15
76200,6134.01
76300,6141.9
76400,6149.77
76500,6157.63
76600,6165.5
76700,6173.37
76800,6181.25
76900,6189.12
77000,6196.92
77100,6204.76
77200,6212.66
77300,6220.54
77400,6228.41
77500,6236.3
77600,6244.15
77700,6251.99
77800,6259.85
77900,6267.75
78000,6275.62
78100,6283.49
78200,6291.33
78300,6299.19
78400,6307.03
78500,6314.89
78600,6322.74
78700,6330.59
78800,6338.46
78900,6346.36
79000,6354.24
79100,6362.12
79200,6369.98
79300,6377.84
79400,6385.67
79500,6393.53
79600,6401.37
79700,6409.19
79800,6417.01
79900,6424.88
80000,6432.71
80100,6440.56
80200,6448.41
80300,6456.24
80400,6464.08
80500,6471.9
80600,6479.75
80700,6487.64
80800,6495.5
80900,6503.34
81000,6511.2
81100,6519.09
81200,6526.95
81300,6534.8
81400,6542.64
81500,6550.51
81600,6558.38
81700,6566.25
81800,6574.11
81900,6581.97
82000,6589.81
82100,6597.67
82200,6605.55
82300,6613.39
82400,6621.29
82500,6629.14
82600,6637.04
82700,6644.87
82800,6652.68
82900,6660.55
83000,6668.4
83100,6676.25
83200,6684.1
83300,6691.95
83400,6699.83
83500,6707.67
83600,6715.52
83700,6723.4
83800,6731.29
83900,6739.22
84000,6747.12
84100,6755.01
84200,6762.85
84300,6770.74
84400,6778.63
84500,6786.5
84600,6794.31
84700,6802.13
84800,6809.97
84900,6817.82
85000,6825.66
85100,6833.54
85200,6841.39
85300,6849.23
85400,6857.06
85500,6864.92
85600,6872.79
85700,6880.62
85800,6888.48
85900,6896.36
86000,6904.22
86100,6912.08
86200,6919.93
86300,6927.77
86400,6935.61
86500,6943.48
86600,6951.36
86700,6959.24
86800,6967.06
86900,6974.84
87000,6982.7
87100,6990.54
87200,6998.38
87300,7006.25
87400,7014.11
87500,7021.95
87600,7029.81
87700,7037.68
87800,7045.56
87900,7053.46
88000,7061.31
88100,7069.2
88200,7077.03
88300,7084.86
88400,7092.66
88500,7100.51
88600,7108.4
88700,7116.26
88800,7124.14
88900,7132.03
89000,7139.86
89100,7147.71
89200,7155.62
89300,7163.5
89400,7171.36
89500,7179.2
89600,7187.03
89700,7194.84
89800,7202.67
89900,7210.51
90000,7218.42
90100,7226.31
90200,7234.16
90300,7242.03
90400,7249.9
90500,7257.73
90600,7265.57
90700,7273.48
90800,7281.36
90900,7289.23
91000,7297.04
91100,7304.86
91200,7312.69
91300,7320.49
91400,7328.34
91500,7336.22
91600,7344.09
91700,7351.96
91800,7359.79
91900,7367.67
92000,7375.55
92100,7383.4
92200,7391.25
92300,7399.1
92400,7406.94
92500,7414.78
92600,7422.64
92700,7430.45
92800,7438.28
92900,7446.14
93000,7454.01
93100,7461.86
93200,7469.72
93300,7477.56
93400,7485.44
93500,7493.3
93600,7501.16
93700,7509
93800,7516.87
93900,7524.72
94000,7532.57
94100,7540.41
94200,7548.27
94300,7556.14
94400,7563.97
94500,7571.84
94600,7579.67
94700,7587.51
94800,7595.36
94900,7603.22
95000,7611.08
95100,7618.94
95200,7626.79
95300,7634.61
95400,7642.46
95500,7650.27
95600,7658.09
95700,7665.91
95800,7673.78
95900,7681.63
96000,7689.5
96100,7697.34
96200,7705.17
96300,7713.06
96400,7720.92
96500,7728.77
96600,7736.63
96700,7744.48
96800,7752.34
96900,7760.18
97000,7768.04
97100,7775.9
97200,7783.73
97300,7791.59
97400,7799.46
97500,7807.39
97600,7815.25
97700,7823.09
97800,7830.94
97900,7838.83
98000,7846.72
98100,7854.58
98200,7862.4
98300,7870.2
98400,7877.99
98500,7885.8
98600,7893.64
98700,7901.49
98800,7909.33
98900,7917.19
99000,7925.02
99100,7932.86
99200,7940.68
99300,7948.53
99400,7956.38
99500,7964.24
99600,7972.12
99700,7979.98
99800,7987.81
99900,7995.65
